Coordinates:
0.0,0.714285714286,1.42857142857,2.14285714286,2.85714285714,3.57142857143,4.28571428571,5.0,5.71428571429,6.42857142857,7.14285714286,7.85714285714,8.57142857143,9.28571428571,10.0,
Volumes:
0.357142857143,0.714285714286,0.714285714286,0.714285714286,0.714285714286,0.714285714286,0.714285714286,0.714285714286,0.714285714286,0.714285714286,0.714285714286,0.714285714286,0.714285714286,0.714285714286,0.357142857143,

 Time(s), delta (-) on vertices
141.58979918,1.0,
283.179598361,1.0,
424.769397541,1.0,
566.359196721,1.0,
707.948995901,1.0,
849.538795082,1.2,
991.128594262,1.4,
1132.71839344,1.6,
1274.30819262,1.8,
1415.8979918,2.0,
1557.48779098,2.2,
1699.07759016,2.4,
1840.66738934,2.3,
1982.25718852,2.2,
2123.8469877,2.1,
2265.43678688,2.0,
2407.02658606,2.05,
2548.61638524,2.1,
2690.20618443,2.15,
2831.79598361,2.125,
2973.38578279,2.1,
3114.97558197,2.075,
3256.56538115,2.05,
3398.15518033,2.0625,
3539.74497951,2.075,
3681.33477869,2.0875,
3822.92457787,2.08125,
3964.51437705,2.075,
4106.10417623,2.06875,
4247.69397541,2.0625,
4389.28377459,2.05625,
4530.87357377,2.05,
4672.46337295,2.04375,
4814.05317213,2.046875,
4955.64297131,2.05,
5097.23277049,2.053125,
5238.82256967,2.05625,
5380.41236885,2.0546875,
5522.00216803,2.053125,
5663.59196721,2.0515625,
5805.18176639,2.05,
5946.77156557,2.0484375,
6088.36136475,2.046875,
6229.95116393,2.0453125,
6371.54096311,2.04375,
6513.13076229,2.0421875,
6654.72056147,2.040625,
6796.31036065,2.0390625,
6937.90015983,2.0375,
7079.48995901,2.0359375,
7221.07975819,2.034375,
7362.66955737,2.0328125,
7504.25935655,2.03125,
7645.84915573,2.0296875,
7787.43895492,2.028125,
7929.0287541,2.0265625,
8070.61855328,2.025,
8212.20835246,2.0234375,
8353.79815164,2.021875,
8495.38795082,2.0203125,
8636.97775,2.01875,
8778.56754918,2.0171875,
8920.15734836,2.015625,
9061.74714754,2.0140625,
9203.33694672,2.01484375,
9344.9267459,2.015625,
9486.51654508,2.01640625,
9628.10634426,2.0171875,
9769.69614344,2.01796875,
9911.28594262,2.01875,
10052.8757418,2.01953125,
10194.465541,2.0203125,
10336.0553402,2.019921875,
10477.6451393,2.01953125,
10619.2349385,2.019140625,
10760.8247377,2.01875,
10902.4145369,2.018359375,
11044.0043361,2.01796875,
11185.5941352,2.017578125,
11327.1839344,2.0171875,
11468.7737336,2.016796875,
11610.3635328,2.01640625,
11751.953332,2.016015625,
11893.5431311,2.015625,
12035.1329303,2.015234375,
12176.7227295,2.01484375,
12318.3125287,2.014453125,
12459.9023279,2.0140625,
12601.492127,2.013671875,
12743.0819262,2.01328125,
12884.6717254,2.012890625,
13026.2615246,2.0125,
13167.8513238,2.012109375,
13309.4411229,2.01171875,
13451.0309221,2.011328125,
13592.6207213,2.0109375,
13734.2105205,2.010546875,
13875.8003197,2.01015625,
14017.3901188,2.009765625,
14158.979918,2.009375,
14300.5697172,2.008984375,
14442.1595164,2.00859375,
14583.7493156,2.008203125,
14725.3391147,2.0078125,
14866.9289139,2.007421875,
15008.5187131,2.00703125,
15150.1085123,2.006640625,
15291.6983115,2.00625,
15433.2881107,2.005859375,
15574.8779098,2.00546875,
15716.467709,2.005078125,
15858.0575082,2.0046875,
15999.6473074,2.004296875,
16141.2371066,2.00390625,
16282.8269057,2.003515625,
16424.4167049,2.003125,
16566.0065041,2.002734375,
16707.5963033,2.00234375,
16849.1861025,2.001953125,
16990.7759016,2.0015625,
17132.3657008,2.001171875,
17273.9555,2.00078125,
17415.5452992,2.000390625,
17557.1350984,2.0,
17698.7248975,1.999609375,
17840.3146967,1.99921875,
17981.9044959,1.998828125,
18123.4942951,1.9984375,
18265.0840943,1.998046875,
18406.6738934,1.99765625,
18548.2636926,1.997265625,
18689.8534918,1.996875,
18831.443291,1.996484375,
18973.0330902,1.99609375,
19114.6228893,1.995703125,
19256.2126885,1.9953125,
19397.8024877,1.994921875,
19539.3922869,1.9951171875,
19680.9820861,1.9953125,
19822.5718852,1.9955078125,
19964.1616844,1.995703125,
20105.7514836,1.9958984375,
20247.3412828,1.99609375,
20388.931082,1.9962890625,
20530.5208811,1.996484375,
20672.1106803,1.9966796875,
20813.7004795,1.996875,
20955.2902787,1.9970703125,
21096.8800779,1.997265625,
21238.469877,1.9974609375,
21380.0596762,1.99765625,
21521.6494754,1.9978515625,
21663.2392746,1.998046875,
21804.8290738,1.9982421875,
21946.4188729,1.9984375,
22088.0086721,1.9986328125,
22229.5984713,1.998828125,
22371.1882705,1.9990234375,
22512.7780697,1.99921875,
22654.3678688,1.9994140625,
22795.957668,1.999609375,
22937.5474672,1.9998046875,
23079.1372664,2.0,
23220.7270656,2.0001953125,
23362.3168647,2.000390625,
23503.9066639,2.0005859375,
23645.4964631,2.00078125,
23787.0862623,2.0009765625,
23928.6760615,2.001171875,
24070.2658606,2.0013671875,
24211.8556598,2.0015625,
24353.445459,2.0017578125,
24495.0352582,2.001953125,
24636.6250574,2.0021484375,
24778.2148565,2.00234375,
24919.8046557,2.0025390625,
25061.3944549,2.002734375,
25202.9842541,2.0029296875,
25344.5740533,2.003125,
25486.1638524,2.0033203125,
25627.7536516,2.003515625,
25769.3434508,2.0037109375,
25910.93325,2.00390625,
26052.5230492,2.0041015625,
26194.1128484,2.004296875,
26335.7026475,2.0044921875,
26477.2924467,2.0046875,
26618.8822459,2.0048828125,
26760.4720451,2.005078125,
26902.0618443,2.0052734375,
27043.6516434,2.00546875,
27185.2414426,2.0056640625,
27326.8312418,2.005859375,
27468.421041,2.0060546875,
27610.0108402,2.00625,
27751.6006393,2.0064453125,
27893.1904385,2.006640625,
28034.7802377,2.0068359375,
28176.3700369,2.00673828125,
28317.9598361,2.006640625,
28459.5496352,2.00654296875,
28601.1394344,2.0064453125,
28742.7292336,2.00634765625,
28884.3190328,2.00625,
29025.908832,2.00615234375,
29167.4986311,2.0060546875,
29309.0884303,2.00595703125,
29450.6782295,2.005859375,
29592.2680287,2.00576171875,
29733.8578279,2.0056640625,
29875.447627,2.00556640625,
30017.0374262,2.00546875,
30158.6272254,2.00537109375,
30300.2170246,2.0052734375,
30441.8068238,2.00517578125,
30583.3966229,2.005078125,
30724.9864221,2.00498046875,
30866.5762213,2.0048828125,
31008.1660205,2.00493164062,
31149.7558197,2.00498046875,
31291.3456188,2.00502929687,
31432.935418,2.005078125,
31574.5252172,2.00512695312,
31716.1150164,2.00517578125,
31857.7048156,2.00522460937,
31999.2946147,2.0052734375,
32140.8844139,2.00532226562,
32282.4742131,2.00537109375,
32424.0640123,2.00541992187,
32565.6538115,2.00546875,
32707.2436106,2.00551757812,
32848.8334098,2.00556640625,
32990.423209,2.00561523437,
33132.0130082,2.0056640625,
33273.6028074,2.00571289062,
33415.1926065,2.00576171875,
33556.7824057,2.00581054687,
33698.3722049,2.005859375,
33839.9620041,2.00590820312,
33981.5518033,2.00595703125,
34123.1416024,2.00600585937,
34264.7314016,2.0060546875,
34406.3212008,2.00610351562,
34547.911,2.00615234375,
34689.5007992,2.00620117187,
34831.0905983,2.00617675781,
34972.6803975,2.00615234375,
35114.2701967,2.00612792969,
35255.8599959,2.00610351562,
35397.4497951,2.00607910156,
35539.0395942,2.0060546875,
35680.6293934,2.00603027344,
35822.2191926,2.00600585937,
35963.8089918,2.00598144531,
36105.398791,2.00595703125,
36246.9885902,2.00593261719,
36388.5783893,2.00590820312,
36530.1681885,2.00588378906,
36671.7579877,2.005859375,
36813.3477869,2.00583496094,
36954.9375861,2.00581054687,
37096.5273852,2.00578613281,
37238.1171844,2.00576171875,
37379.7069836,2.00573730469,
37521.2967828,2.00571289062,
37662.886582,2.00568847656,
37804.4763811,2.0056640625,
37946.0661803,2.00563964844,
38087.6559795,2.00561523437,
38229.2457787,2.00559082031,
38370.8355779,2.00556640625,
38512.425377,2.00554199219,
38654.0151762,2.00551757812,
38795.6049754,2.00549316406,
38937.1947746,2.00546875,
39078.7845738,2.00544433594,
39220.3743729,2.00541992187,
39361.9641721,2.00543212891,
39503.5539713,2.00544433594,
39645.1437705,2.00545654297,
39786.7335697,2.00546875,
39928.3233688,2.00548095703,
40069.913168,2.00549316406,
40211.5029672,2.00550537109,
40353.0927664,2.00551757812,
40494.6825656,2.00552978516,
40636.2723647,2.00554199219,
40777.8621639,2.00555419922,
40919.4519631,2.00556640625,
41061.0417623,2.00557861328,
41202.6315615,2.00559082031,
41344.2213606,2.00560302734,
41485.8111598,2.00561523437,
41627.400959,2.00562744141,
41768.9907582,2.00563964844,
41910.5805574,2.00565185547,
42052.1703565,2.0056640625,
42193.7601557,2.00567626953,
42335.3499549,2.00568847656,
42476.9397541,2.00570068359,
42618.5295533,2.00571289062,
42760.1193524,2.00572509766,
42901.7091516,2.00573730469,
43043.2989508,2.00574951172,
43184.88875,2.00576171875,
43326.4785492,2.00577392578,
43468.0683483,2.00578613281,
43609.6581475,2.00579833984,
43751.2479467,2.00581054687,
43892.8377459,2.00582275391,
44034.4275451,2.00583496094,
44176.0173442,2.00582885742,
44317.6071434,2.00582275391,
44459.1969426,2.00581665039,
44600.7867418,2.00581054687,
44742.376541,2.00580444336,
44883.9663401,2.00579833984,
45025.5561393,2.00579223633,
45167.1459385,2.00578613281,
45308.7357377,2.0057800293,
45450.3255369,2.00577392578,
45591.915336,2.00576782227,
45733.5051352,2.00576171875,
45875.0949344,2.00575561523,
46016.6847336,2.00574951172,
46158.2745328,2.0057434082,
46299.864332,2.00573730469,
46441.4541311,2.00573120117,
46583.0439303,2.00572509766,
46724.6337295,2.00571899414,
46866.2235287,2.00571289062,
47007.8133279,2.00570678711,
47149.403127,2.00570068359,
47290.9929262,2.00569458008,
47432.5827254,2.00568847656,
47574.1725246,2.00569152832,
47715.7623238,2.00569458008,
47857.3521229,2.00569763184,
47998.9419221,2.00569610596,
48140.5317213,2.00569458008,
48282.1215205,2.0056930542,
48423.7113197,2.00569381714,
48565.3011188,2.00569458008,
48706.890918,2.00569534302,
48848.4807172,2.00569496155,
48990.0705164,2.00569458008,
49131.6603156,2.00569477081,
49273.2501147,2.00569496155,
49414.8399139,2.00569486618,
49556.4297131,2.00569477081,
49698.0195123,2.00569467545,
49839.6093115,2.00569472313,
49981.1991106,2.00569477081,
50122.7889098,2.0056948185,
50264.378709,2.00569486618,
50405.9685082,2.00569484234,
50547.5583074,2.0056948185,
50689.1481065,2.00569479465,
50830.7379057,2.00569477081,
50972.3277049,2.00569478273,
51113.9175041,2.00569479465,
51255.5073033,2.00569480658,
51397.0971024,2.0056948185,
51538.6869016,2.00569483042,
51680.2767008,2.00569484234,
51821.8665,2.00569485426,
51963.4562992,2.0056948483,
52105.0460983,2.00569484234,
52246.6358975,2.00569483638,
52388.2256967,2.00569483042,
52529.8154959,2.00569482446,
52671.4052951,2.0056948185,
52812.9950942,2.00569481254,
52954.5848934,2.00569480658,
53096.1746926,2.00569480062,
53237.7644918,2.00569479465,
53379.354291,2.00569479764,
53520.9440901,2.00569480062,
53662.5338893,2.0056948036,
53804.1236885,2.00569480658,
53945.7134877,2.00569480956,
54087.3032869,2.00569481254,
54228.893086,2.00569481552,
54370.4828852,2.0056948185,
54512.0726844,2.00569482148,
54653.6624836,2.00569482446,
54795.2522828,2.00569482744,
54936.8420819,2.00569483042,
55078.4318811,2.0056948334,
55220.0216803,2.00569483638,
55361.6114795,2.00569483489,
55503.2012787,2.0056948334,
55644.7910778,2.00569483191,
55786.380877,2.00569483042,
55927.9706762,2.00569482893,
56069.5604754,2.00569482744,
56211.1502746,2.00569482595,
56352.7400738,2.00569482446,
56494.3298729,2.00569482297,
56635.9196721,2.00569482148,
56777.5094713,2.00569481999,
56919.0992705,2.0056948185,
57060.6890697,2.00569481701,
57202.2788688,2.00569481552,
57343.868668,2.00569481403,
57485.4584672,2.00569481254,
57627.0482664,2.00569481105,
57768.6380656,2.00569481179,
57910.2278647,2.00569481254,
58051.8176639,2.00569481328,
58193.4074631,2.00569481403,
58334.9972623,2.00569481477,
58476.5870615,2.00569481552,
58618.1768606,2.00569481626,
58759.7666598,2.00569481701,
58901.356459,2.00569481775,
59042.9462582,2.0056948185,
59184.5360574,2.00569481924,
59326.1258565,2.00569481999,
59467.7156557,2.00569482073,
59609.3054549,2.00569482148,
59750.8952541,2.00569482222,
59892.4850533,2.00569482297,
60034.0748524,2.00569482371,
60175.6646516,2.00569482446,
60317.2544508,2.00569482408,
60458.84425,2.00569482371,
60600.4340492,2.00569482334,
60742.0238483,2.00569482297,
60883.6136475,2.00569482259,
61025.2034467,2.00569482222,
61166.7932459,2.00569482185,
61308.3830451,2.00569482148,
61449.9728442,2.0056948211,
61591.5626434,2.00569482073,
61733.1524426,2.00569482036,
61874.7422418,2.00569481999,
62016.332041,2.00569481961,
62157.9218401,2.00569481924,
62299.5116393,2.00569481887,
62441.1014385,2.0056948185,
62582.6912377,2.00569481812,
62724.2810369,2.00569481831,
62865.870836,2.0056948185,
63007.4606352,2.00569481868,
63149.0504344,2.00569481887,
63290.6402336,2.00569481906,
63432.2300328,2.00569481924,
63573.8198319,2.00569481943,
63715.4096311,2.00569481961,
63856.9994303,2.0056948198,
63998.5892295,2.00569481999,
64140.1790287,2.00569482017,
64281.7688278,2.00569482036,
64423.358627,2.00569482055,
64564.9484262,2.00569482073,
64706.5382254,2.00569482092,
64848.1280246,2.0056948211,
64989.7178237,2.00569482129,
65131.3076229,2.00569482148,
65272.8974221,2.00569482138,
65414.4872213,2.00569482129,
65556.0770205,2.0056948212,
65697.6668196,2.0056948211,
65839.2566188,2.00569482101,
65980.846418,2.00569482092,
66122.4362172,2.00569482083,
66264.0260164,2.00569482073,
66405.6158156,2.00569482064,
66547.2056147,2.00569482055,
66688.7954139,2.00569482045,
66830.3852131,2.00569482036,
66971.9750123,2.00569482027,
67113.5648115,2.00569482017,
67255.1546106,2.00569482008,
67396.7444098,2.00569481999,
67538.334209,2.00569481989,
67679.9240082,2.00569481994,
67821.5138074,2.00569481999,
67963.1036065,2.00569482003,
68104.6934057,2.00569482008,
68246.2832049,2.00569482013,
68387.8730041,2.00569482017,
68529.4628033,2.00569482022,
68671.0526024,2.00569482027,
68812.6424016,2.00569482031,
68954.2322008,2.00569482036,
69095.822,2.00569482041,
69237.4117992,2.00569482045,
69379.0015983,2.0056948205,
69520.5913975,2.00569482055,
69662.1811967,2.00569482059,
69803.7709959,2.00569482064,
69945.3607951,2.00569482069,
70086.9505942,2.00569482073,
70228.5403934,2.00569482078,
70370.1301926,2.00569482076,
70511.7199918,2.00569482073,
70653.309791,2.00569482071,
