Coordinates:
0.0,0.714285714286,1.42857142857,2.14285714286,2.85714285714,3.57142857143,4.28571428571,5.0,5.71428571429,6.42857142857,7.14285714286,7.85714285714,8.57142857143,9.28571428571,10.0,
Volumes:
0.357142857143,0.714285714286,0.714285714286,0.714285714286,0.714285714286,0.714285714286,0.714285714286,0.714285714286,0.714285714286,0.714285714286,0.714285714286,0.714285714286,0.714285714286,0.714285714286,0.357142857143,

 Time(s), delta (-) on vertices
141.58979918,1.99938912645,
283.179598361,1.99938912645,
424.769397541,2.19938912645,
566.359196721,2.39938912645,
707.948995901,2.59938912645,
849.538795082,2.49938912645,
991.128594262,2.39938912645,
1132.71839344,2.29938912645,
1274.30819262,2.19938912645,
1415.8979918,2.09938912645,
1557.48779098,2.14938912645,
1699.07759016,2.19938912645,
1840.66738934,2.17438912645,
1982.25718852,2.14938912645,
2123.8469877,2.12438912645,
2265.43678688,2.09938912645,
2407.02658606,2.07438912645,
2548.61638524,2.08688912645,
2690.20618443,2.09938912645,
2831.79598361,2.11188912645,
2973.38578279,2.10563912645,
3114.97558197,2.09938912645,
3256.56538115,2.09313912645,
3398.15518033,2.08688912645,
3539.74497951,2.08063912645,
3681.33477869,2.07438912645,
3822.92457787,2.06813912645,
3964.51437705,2.06188912645,
4106.10417623,2.05563912645,
4247.69397541,2.04938912645,
4389.28377459,2.04313912645,
4530.87357377,2.04626412645,
4672.46337295,2.04938912645,
4814.05317213,2.05251412645,
4955.64297131,2.05563912645,
5097.23277049,2.05876412645,
5238.82256967,2.05720162645,
5380.41236885,2.05563912645,
5522.00216803,2.05407662645,
5663.59196721,2.05251412645,
5805.18176639,2.05095162645,
5946.77156557,2.04938912645,
6088.36136475,2.04782662645,
6229.95116393,2.04626412645,
6371.54096311,2.04470162645,
6513.13076229,2.04313912645,
6654.72056147,2.04157662645,
6796.31036065,2.04001412645,
6937.90015983,2.03845162645,
7079.48995901,2.03688912645,
7221.07975819,2.03532662645,
7362.66955737,2.03376412645,
7504.25935655,2.03220162645,
7645.84915573,2.03063912645,
7787.43895492,2.02907662645,
7929.0287541,2.02751412645,
8070.61855328,2.02595162645,
8212.20835246,2.02438912645,
8353.79815164,2.02282662645,
8495.38795082,2.02126412645,
8636.97775,2.01970162645,
8778.56754918,2.01813912645,
8920.15734836,2.01657662645,
9061.74714754,2.01501412645,
9203.33694672,2.01579537645,
9344.9267459,2.01657662645,
9486.51654508,2.01735787645,
9628.10634426,2.01813912645,
9769.69614344,2.01892037645,
9911.28594262,2.01970162645,
10052.8757418,2.02048287645,
10194.465541,2.02009225145,
10336.0553402,2.01970162645,
10477.6451393,2.01931100145,
10619.2349385,2.01892037645,
10760.8247377,2.01852975145,
10902.4145369,2.01813912645,
11044.0043361,2.01774850145,
11185.5941352,2.01735787645,
11327.1839344,2.01696725145,
11468.7737336,2.01657662645,
11610.3635328,2.01618600145,
11751.953332,2.01579537645,
11893.5431311,2.01540475145,
12035.1329303,2.01501412645,
12176.7227295,2.01462350145,
12318.3125287,2.01423287645,
12459.9023279,2.01384225145,
12601.492127,2.01345162645,
12743.0819262,2.01306100145,
12884.6717254,2.01267037645,
13026.2615246,2.01227975145,
13167.8513238,2.01188912645,
13309.4411229,2.01149850145,
13451.0309221,2.01110787645,
13592.6207213,2.01071725145,
13734.2105205,2.01032662645,
13875.8003197,2.00993600145,
14017.3901188,2.00954537645,
14158.979918,2.00915475145,
14300.5697172,2.00876412645,
14442.1595164,2.00837350145,
14583.7493156,2.00798287645,
14725.3391147,2.00759225145,
14866.9289139,2.00720162645,
15008.5187131,2.00681100145,
15150.1085123,2.00642037645,
15291.6983115,2.00602975145,
15433.2881107,2.00563912645,
15574.8779098,2.00524850145,
15716.467709,2.00485787645,
15858.0575082,2.00446725145,
15999.6473074,2.00407662645,
16141.2371066,2.00368600145,
16282.8269057,2.00329537645,
16424.4167049,2.00290475145,
16566.0065041,2.00251412645,
16707.5963033,2.00212350145,
16849.1861025,2.00173287645,
16990.7759016,2.00134225145,
17132.3657008,2.00095162645,
17273.9555,2.00056100145,
17415.5452992,2.00017037645,
17557.1350984,1.99977975145,
17698.7248975,1.99938912645,
17840.3146967,1.99899850145,
17981.9044959,1.99860787645,
18123.4942951,1.99821725145,
18265.0840943,1.99782662645,
18406.6738934,1.99743600145,
18548.2636926,1.99704537645,
18689.8534918,1.99665475145,
18831.443291,1.99626412645,
18973.0330902,1.99587350145,
19114.6228893,1.99548287645,
19256.2126885,1.99509225145,
19397.8024877,1.99470162645,
19539.3922869,1.99489693895,
19680.9820861,1.99509225145,
19822.5718852,1.99528756395,
19964.1616844,1.99548287645,
20105.7514836,1.99567818895,
20247.3412828,1.99587350145,
20388.931082,1.99606881395,
20530.5208811,1.99626412645,
20672.1106803,1.99645943895,
20813.7004795,1.99665475145,
20955.2902787,1.99685006395,
21096.8800779,1.99704537645,
21238.469877,1.99724068895,
21380.0596762,1.99743600145,
21521.6494754,1.99763131395,
21663.2392746,1.99782662645,
21804.8290738,1.99802193895,
21946.4188729,1.99821725145,
22088.0086721,1.99841256395,
22229.5984713,1.99860787645,
22371.1882705,1.99880318895,
22512.7780697,1.99899850145,
22654.3678688,1.99919381395,
22795.957668,1.99938912645,
22937.5474672,1.99958443895,
23079.1372664,1.99977975145,
23220.7270656,1.99997506395,
23362.3168647,2.00017037645,
23503.9066639,2.00036568895,
23645.4964631,2.00056100145,
23787.0862623,2.00075631395,
23928.6760615,2.00095162645,
24070.2658606,2.00114693895,
24211.8556598,2.00134225145,
24353.445459,2.00153756395,
24495.0352582,2.00173287645,
24636.6250574,2.00192818895,
24778.2148565,2.00212350145,
24919.8046557,2.00231881395,
25061.3944549,2.00251412645,
25202.9842541,2.00270943895,
25344.5740533,2.00290475145,
25486.1638524,2.00310006395,
25627.7536516,2.00329537645,
25769.3434508,2.00349068895,
25910.93325,2.00368600145,
26052.5230492,2.00388131395,
26194.1128484,2.00407662645,
26335.7026475,2.00427193895,
26477.2924467,2.00446725145,
26618.8822459,2.00466256395,
26760.4720451,2.00485787645,
26902.0618443,2.00505318895,
27043.6516434,2.00524850145,
27185.2414426,2.00544381395,
27326.8312418,2.00563912645,
27468.421041,2.00583443895,
27610.0108402,2.00602975145,
27751.6006393,2.00622506395,
27893.1904385,2.00642037645,
28034.7802377,2.00661568895,
28176.3700369,2.00681100145,
28317.9598361,2.0067133452,
28459.5496352,2.00661568895,
28601.1394344,2.0065180327,
28742.7292336,2.00642037645,
28884.3190328,2.0063227202,
29025.908832,2.00622506395,
29167.4986311,2.0061274077,
29309.0884303,2.00602975145,
29450.6782295,2.0059320952,
29592.2680287,2.00583443895,
29733.8578279,2.0057367827,
29875.447627,2.00563912645,
30017.0374262,2.0055414702,
30158.6272254,2.00544381395,
30300.2170246,2.0053461577,
30441.8068238,2.00524850145,
30583.3966229,2.0051508452,
30724.9864221,2.00505318895,
30866.5762213,2.0049555327,
31008.1660205,2.00500436083,
31149.7558197,2.00505318895,
31291.3456188,2.00510201708,
31432.935418,2.0051508452,
31574.5252172,2.00519967333,
31716.1150164,2.00524850145,
31857.7048156,2.00529732958,
31999.2946147,2.0053461577,
32140.8844139,2.00539498583,
32282.4742131,2.00544381395,
32424.0640123,2.00549264208,
32565.6538115,2.0055414702,
32707.2436106,2.00559029833,
32848.8334098,2.00563912645,
32990.423209,2.00568795458,
33132.0130082,2.0057367827,
33273.6028074,2.00578561083,
33415.1926065,2.00583443895,
33556.7824057,2.00588326708,
33698.3722049,2.0059320952,
33839.9620041,2.00598092333,
33981.5518033,2.00602975145,
34123.1416024,2.00607857958,
34264.7314016,2.0061274077,
34406.3212008,2.00617623583,
34547.911,2.00622506395,
34689.5007992,2.00620064989,
34831.0905983,2.00617623583,
34972.6803975,2.00615182176,
35114.2701967,2.0061274077,
35255.8599959,2.00610299364,
35397.4497951,2.00607857958,
35539.0395942,2.00605416551,
35680.6293934,2.00602975145,
35822.2191926,2.00600533739,
35963.8089918,2.00598092333,
36105.398791,2.00595650926,
36246.9885902,2.0059320952,
36388.5783893,2.00590768114,
36530.1681885,2.00588326708,
36671.7579877,2.00585885301,
36813.3477869,2.00583443895,
36954.9375861,2.00581002489,
37096.5273852,2.00578561083,
37238.1171844,2.00576119676,
37379.7069836,2.0057367827,
37521.2967828,2.00571236864,
37662.886582,2.00568795458,
37804.4763811,2.00566354051,
37946.0661803,2.00563912645,
38087.6559795,2.00561471239,
38229.2457787,2.00559029833,
38370.8355779,2.00556588426,
38512.425377,2.0055414702,
38654.0151762,2.00551705614,
38795.6049754,2.00549264208,
38937.1947746,2.00546822801,
39078.7845738,2.00544381395,
39220.3743729,2.00541939989,
39361.9641721,2.00543160692,
39503.5539713,2.00544381395,
39645.1437705,2.00545602098,
39786.7335697,2.00546822801,
39928.3233688,2.00548043504,
40069.913168,2.00549264208,
40211.5029672,2.00550484911,
40353.0927664,2.00551705614,
40494.6825656,2.00552926317,
40636.2723647,2.0055414702,
40777.8621639,2.00555367723,
40919.4519631,2.00556588426,
41061.0417623,2.00557809129,
41202.6315615,2.00559029833,
41344.2213606,2.00560250536,
41485.8111598,2.00561471239,
41627.400959,2.00562691942,
41768.9907582,2.00563912645,
41910.5805574,2.00565133348,
42052.1703565,2.00566354051,
42193.7601557,2.00567574754,
42335.3499549,2.00568795458,
42476.9397541,2.00570016161,
42618.5295533,2.00571236864,
42760.1193524,2.00572457567,
42901.7091516,2.0057367827,
43043.2989508,2.00574898973,
43184.88875,2.00576119676,
43326.4785492,2.00577340379,
43468.0683483,2.00578561083,
43609.6581475,2.00579781786,
43751.2479467,2.00581002489,
43892.8377459,2.00582223192,
44034.4275451,2.00583443895,
44176.0173442,2.00582833544,
44317.6071434,2.00582223192,
44459.1969426,2.0058161284,
44600.7867418,2.00581002489,
44742.376541,2.00580392137,
44883.9663401,2.00579781786,
45025.5561393,2.00579171434,
45167.1459385,2.00578561083,
45308.7357377,2.00577950731,
45450.3255369,2.00577340379,
45591.915336,2.00576730028,
45733.5051352,2.00576119676,
45875.0949344,2.00575509325,
46016.6847336,2.00574898973,
46158.2745328,2.00574288622,
46299.864332,2.0057367827,
46441.4541311,2.00573067919,
46583.0439303,2.00572457567,
46724.6337295,2.00571847215,
46866.2235287,2.00571236864,
47007.8133279,2.00570626512,
47149.403127,2.00570016161,
47290.9929262,2.00569405809,
47432.5827254,2.00568795458,
47574.1725246,2.00569100633,
47715.7623238,2.00569405809,
47857.3521229,2.00569710985,
47998.9419221,2.00569558397,
48140.5317213,2.00569405809,
48282.1215205,2.00569253221,
48423.7113197,2.00569329515,
48565.3011188,2.00569405809,
48706.890918,2.00569482103,
48848.4807172,2.00569558397,
48990.0705164,2.0056952025,
49131.6603156,2.00569482103,
49273.2501147,2.00569443956,
49414.8399139,2.0056946303,
49556.4297131,2.00569482103,
49698.0195123,2.00569501177,
49839.6093115,2.0056949164,
49981.1991106,2.00569482103,
50122.7889098,2.00569472566,
50264.378709,2.00569477335,
50405.9685082,2.00569482103,
50547.5583074,2.00569486871,
50689.1481065,2.00569484487,
50830.7379057,2.00569482103,
50972.3277049,2.00569479719,
51113.9175041,2.00569477335,
51255.5073033,2.00569478527,
51397.0971024,2.00569479719,
51538.6869016,2.00569480911,
51680.2767008,2.00569482103,
51821.8665,2.00569483295,
51963.4562992,2.00569484487,
52105.0460983,2.00569485679,
52246.6358975,2.00569485083,
52388.2256967,2.00569484487,
52529.8154959,2.00569483891,
52671.4052951,2.00569483295,
52812.9950942,2.00569482699,
52954.5848934,2.00569482103,
53096.1746926,2.00569481507,
53237.7644918,2.00569480911,
53379.354291,2.00569480315,
53520.9440901,2.00569479719,
53662.5338893,2.00569480017,
53804.1236885,2.00569480315,
53945.7134877,2.00569480613,
54087.3032869,2.00569480911,
54228.893086,2.00569481209,
54370.4828852,2.00569481507,
54512.0726844,2.00569481805,
54653.6624836,2.00569482103,
54795.2522828,2.00569482401,
54936.8420819,2.00569482699,
55078.4318811,2.00569482997,
55220.0216803,2.00569483295,
55361.6114795,2.00569483593,
55503.2012787,2.00569483444,
55644.7910778,2.00569483295,
55786.380877,2.00569483146,
55927.9706762,2.00569482997,
56069.5604754,2.00569482848,
56211.1502746,2.00569482699,
56352.7400738,2.0056948255,
56494.3298729,2.00569482401,
56635.9196721,2.00569482252,
56777.5094713,2.00569482103,
56919.0992705,2.00569481954,
57060.6890697,2.00569481805,
57202.2788688,2.00569481656,
57343.868668,2.00569481507,
57485.4584672,2.00569481358,
57627.0482664,2.00569481209,
57768.6380656,2.00569481284,
57910.2278647,2.00569481358,
58051.8176639,2.00569481433,
58193.4074631,2.00569481507,
58334.9972623,2.00569481582,
58476.5870615,2.00569481656,
58618.1768606,2.00569481731,
58759.7666598,2.00569481805,
58901.356459,2.0056948188,
59042.9462582,2.00569481954,
59184.5360574,2.00569482029,
59326.1258565,2.00569482103,
59467.7156557,2.00569482178,
59609.3054549,2.00569482252,
59750.8952541,2.00569482327,
59892.4850533,2.00569482401,
60034.0748524,2.00569482476,
60175.6646516,2.00569482438,
60317.2544508,2.00569482401,
60458.84425,2.00569482364,
60600.4340492,2.00569482327,
60742.0238483,2.00569482289,
60883.6136475,2.00569482252,
61025.2034467,2.00569482215,
61166.7932459,2.00569482178,
61308.3830451,2.0056948214,
61449.9728442,2.00569482103,
61591.5626434,2.00569482066,
61733.1524426,2.00569482029,
61874.7422418,2.00569481991,
62016.332041,2.00569481954,
62157.9218401,2.00569481917,
62299.5116393,2.0056948188,
62441.1014385,2.00569481842,
62582.6912377,2.00569481805,
62724.2810369,2.00569481824,
62865.870836,2.00569481842,
63007.4606352,2.00569481861,
63149.0504344,2.0056948188,
63290.6402336,2.00569481898,
63432.2300328,2.00569481917,
63573.8198319,2.00569481935,
63715.4096311,2.00569481954,
63856.9994303,2.00569481973,
63998.5892295,2.00569481991,
64140.1790287,2.0056948201,
64281.7688278,2.00569482029,
64423.358627,2.00569482047,
64564.9484262,2.00569482066,
64706.5382254,2.00569482084,
64848.1280246,2.00569482103,
64989.7178237,2.00569482122,
65131.3076229,2.0056948214,
65272.8974221,2.00569482131,
65414.4872213,2.00569482122,
65556.0770205,2.00569482112,
65697.6668196,2.00569482103,
65839.2566188,2.00569482094,
65980.846418,2.00569482084,
66122.4362172,2.00569482075,
66264.0260164,2.00569482066,
66405.6158156,2.00569482057,
66547.2056147,2.00569482047,
66688.7954139,2.00569482038,
66830.3852131,2.00569482029,
66971.9750123,2.00569482019,
67113.5648115,2.0056948201,
67255.1546106,2.00569482001,
67396.7444098,2.00569482005,
67538.334209,2.0056948201,
67679.9240082,2.00569482015,
67821.5138074,2.00569482019,
67963.1036065,2.00569482024,
68104.6934057,2.00569482029,
68246.2832049,2.00569482033,
68387.8730041,2.00569482038,
68529.4628033,2.00569482043,
68671.0526024,2.00569482047,
68812.6424016,2.00569482052,
68954.2322008,2.00569482057,
69095.822,2.00569482061,
69237.4117992,2.00569482066,
69379.0015983,2.0056948207,
69520.5913975,2.00569482075,
69662.1811967,2.0056948208,
69803.7709959,2.00569482084,
69945.3607951,2.00569482082,
70086.9505942,2.0056948208,
70228.5403934,2.00569482077,
70370.1301926,2.00569482075,
70511.7199918,2.00569482073,
70653.309791,2.0056948207,
