Coordinates:
0.0,0.714285714286,1.42857142857,2.14285714286,2.85714285714,3.57142857143,4.28571428571,5.0,5.71428571429,6.42857142857,7.14285714286,7.85714285714,8.57142857143,9.28571428571,10.0,
Volumes:
0.357142857143,0.714285714286,0.714285714286,0.714285714286,0.714285714286,0.714285714286,0.714285714286,0.714285714286,0.714285714286,0.714285714286,0.714285714286,0.714285714286,0.714285714286,0.714285714286,0.357142857143,

 Time(s), Error (-) on vertices
141.58979918,0.0,303607.871311,8648.19319571,1705.88035181,457.922045579,138.173615134,44.338775419,14.7762767809,5.0516056087,1.75898396137,0.620998929734,0.221611200756,0.0797687172134,0.0289157028989,0.0105434884877,0.00386358940646,0.00142181942086,0.000525166852202,0.000194602582919,7.23157144109e-05,2.69408834171e-05,1.00593530545e-05,3.76364981151e-06,1.41073014238e-06,5.29669831343e-07,
283.179598361,1.0,0.218425864863,0.0615136392818,0.0190853929829,0.00623668360425,0.00210516784286,0.000726549532821,0.000254839541774,9.04921749011e-05,3.24456201539e-05,1.17244036068e-05,4.26400809038e-06,1.55914205488e-06,5.72720996675e-07,
424.769397541,1.0,0.152218143679,0.0332091659879,0.00843665778225,0.0023375274011,0.000685402055636,0.000209195334137,6.57922379921e-05,2.11792206952e-05,6.94603767642e-06,2.31308040562e-06,7.80140966699e-07,
566.359196721,1.0,0.0810492322028,0.012336978136,0.0024495872749,0.000554100867879,0.00013559749772,3.50531386043e-05,9.44199666563e-06,2.6264967783e-06,7.49813813773e-07,
707.948995901,1.0,0.110501438308,0.0163315291974,0.0026539563342,0.000454362303964,8.08027520215e-05,1.48848262788e-05,2.84660053708e-06,5.68400517946e-07,
849.538795082,1.0,0.193731149896,0.0449667047377,0.0111680308376,0.00288235496552,0.000763269127704,0.0002060769488,5.65326837339e-05,1.57203763445e-05,4.42220173168e-06,1.25600232254e-06,3.59526478094e-07,
991.128594262,1.0,0.164411274987,0.0320554609961,0.00666667307496,0.00143894687926,0.000318636379126,7.19904037396e-05,1.65408019793e-05,3.85452893256e-06,9.08671629199e-07,
1132.71839344,1.0,0.131217829578,0.0204926626994,0.00341422903665,0.000590679650918,0.000105018614051,1.90911027423e-05,3.53445529703e-06,6.63873774483e-07,
1274.30819262,1.0,0.0956595815484,0.0111248888003,0.00138689095031,0.00018038068303,2.42582893528e-05,3.35147167174e-06,4.73072037086e-07,
1415.8979918,1.0,0.0599122541979,0.00460539454,0.000392229274335,3.71972512699e-05,4.08892456188e-06,5.52586492071e-07,
1557.48779098,1.0,0.0331036249529,0.00211960845223,0.000216433085841,2.82132287687e-05,4.25532778657e-06,7.08198931393e-07,
1699.07759016,1.0,0.0447217680688,0.00264036663125,0.000185191438958,1.63269394936e-05,1.90672849858e-06,2.77925087035e-07,
1840.66738934,1.0,0.0651617348982,0.00510950382835,0.000432056623366,3.86625667939e-05,3.60097816856e-06,3.47313852148e-07,
1982.25718852,1.0,0.0564053531642,0.00386792818462,0.000289083312087,2.30381359766e-05,1.93030607442e-06,1.73271626299e-07,
2123.8469877,1.0,0.047490982267,0.00279405814088,0.000182924098353,1.29526490526e-05,1.01274433535e-06,9.58259974172e-08,
2265.43678688,1.0,0.0386377595892,0.00191575919065,0.000110603164965,7.30813244121e-06,6.20575680147e-07,
2407.02658606,1.0,0.0302466757136,0.00127138905063,6.9579040251e-05,5.18317327282e-06,5.32297587653e-07,
2548.61638524,1.0,0.0232076152637,0.000921908539756,5.6637026217e-05,5.12457601086e-06,5.57350939289e-07,
2690.20618443,1.0,0.0266283535099,0.00102144548339,5.08446289018e-05,3.64958308063e-06,3.5542264596e-07,
2831.79598361,1.0,0.0313666965178,0.0012973761485,6.18687093446e-05,3.42089222295e-06,2.50353747026e-07,
2973.38578279,1.0,0.0368697941723,0.00170221869527,8.72587281076e-05,4.68652861748e-06,2.70431283816e-07,
3114.97558197,1.0,0.0348703389349,0.00153689119116,7.47976038533e-05,3.8188029018e-06,2.1265306114e-07,
3256.56538115,1.0,0.0328364370513,0.00137838112027,6.34019159683e-05,3.07402200486e-06,1.67087955082e-07,
3398.15518033,1.0,0.0307789992705,0.0012271990682,5.30945196873e-05,2.44506054894e-06,1.32005012159e-07,
3539.74497951,1.0,0.0287092218246,0.00108379623539,4.3897611449e-05,1.92483360098e-06,1.05736364959e-07,
3681.33477869,1.0,0.0266391956473,0.000948602115806,3.58361343144e-05,1.50652352567e-06,8.66327236723e-08,
3822.92457787,1.0,0.0245827715454,0.000822070617209,2.89423879906e-05,1.1837897102e-06,7.30826582172e-08,
3964.51437705,1.0,0.0225567967514,0.00070474412037,2.32602221165e-05,9.50462896785e-07,
4106.10417623,1.0,0.0205828939122,0.000597353285701,1.88419225161e-05,7.98893254633e-07,
4247.69397541,1.0,0.0186900040434,0.000500982784718,1.57202011039e-05,7.17095375775e-07,
4389.28377459,1.0,0.0169178877384,0.000417342668779,1.38384953021e-05,6.87968300074e-07,
4530.87357377,1.0,0.015321443466,0.000349142742201,1.2981975349e-05,6.93326285245e-07,
4672.46337295,1.0,0.0162671995795,0.000368544497294,1.1800082439e-05,5.65532814617e-07,
4814.05317213,1.0,0.0174030431461,0.000403096390459,1.14743010307e-05,4.73569168595e-07,
4955.64297131,1.0,0.0186873181738,0.000450089288033,1.20387913137e-05,4.20612251573e-07,
5097.23277049,1.0,0.0200856073547,0.00050722109884,1.34270255481e-05,4.11801109521e-07,
5238.82256967,1.0,0.0215706136909,0.00057283712861,1.55186810181e-05,4.48458542595e-07,
5380.41236885,1.0,0.021187691247,0.000546150640392,1.43874529584e-05,4.06602231662e-07,
5522.00216803,1.0,0.0207876370646,0.000519430313701,1.3297109148e-05,3.68115945661e-07,
5663.59196721,1.0,0.0203703993595,0.000492758719552,1.22494259181e-05,3.32779089249e-07,
5805.18176639,1.0,0.019936064532,0.000466218637879,1.12460394218e-05,3.00407968514e-07,
5946.77156557,1.0,0.0194848466032,0.000439892566158,1.02883902985e-05,2.70839822632e-07,
6088.36136475,1.0,0.0190170762437,0.000413862382008,9.37769266185e-06,2.43926342869e-07,
6229.95116393,1.0,0.0185331897976,0.000388209151833,8.51491876023e-06,2.19525037274e-07,
6371.54096311,1.0,0.0180337186902,0.000363013096305,7.70080028618e-06,1.97496762799e-07,
6513.13076229,1.0,0.0175192795839,0.000338353718241,6.93583656609e-06,1.7770188329e-07,
6654.72056147,1.0,0.0169905656296,0.000314310126179,6.22032227496e-06,1.5999704991e-07,
6796.31036065,1.0,0.0164483391438,0.000290961567699,5.55437829583e-06,1.44235060204e-07,
6937.90015983,1.0,0.0158934260609,0.000268388224749,4.93800351533e-06,1.30265660796e-07,
7079.48995901,1.0,0.0153267125241,0.000246672301332,4.3711394113e-06,1.17934085153e-07,
7221.07975819,1.0,0.0147491440477,0.000225899452599,3.8537532844e-06,1.070845906e-07,
7362.66955737,1.0,0.0141617277787,0.000206160582426,3.3859476873e-06,9.75637325819e-08,
7504.25935655,1.0,0.0135655385435,0.000187553974556,2.96808054746e-06,8.92213465986e-08,
7645.84915573,1.0,0.0129617295964,0.000170187611134,2.60090052345e-06,8.19174944821e-08,
7787.43895492,1.0,0.0123515493389,0.000154181229689,2.2856308489e-06,7.55260912575e-08,
7929.0287541,1.0,0.0117363657759,0.000139667188674,2.02391716117e-06,6.99387727301e-08,
8070.61855328,1.0,0.011117701205,0.000126788370462,1.81746469822e-06,6.5068374902e-08,
8212.20835246,1.0,0.0104972806906,0.000115690365007,1.66721451784e-06,6.08523418432e-08,
8353.79815164,1.0,0.00987709937066,0.000106504681604,1.57214578373e-06,5.7252354308e-08,
8495.38795082,1.0,0.00925951579268,9.9321336214e-05,1.5282759679e-06,5.42540924858e-08,
8636.97775,1.0,0.00864738137739,9.41546696802e-05,1.52868133403e-06,5.18649592258e-08,
8778.56754918,1.0,0.0080442199255,9.09145660641e-05,1.56473141354e-06,5.01064404204e-08,
8920.15734836,1.0,0.00745447529232,8.93994181765e-05,1.62779388134e-06,4.90075771086e-08,
9061.74714754,1.0,0.00688384827536,8.9319199774e-05,1.71047524364e-06,4.85946880633e-08,
9203.33694672,1.0,0.00633974006407,9.03402383283e-05,1.80708406688e-06,4.88817681005e-08,
9344.9267459,1.0,0.00645637981611,8.51143953883e-05,1.6417229133e-06,4.31386486418e-08,
9486.51654508,1.0,0.00661015228315,8.07094509565e-05,1.49187701743e-06,3.80496243655e-08,
9628.10634426,1.0,0.00679717293926,7.71989441252e-05,1.35708644019e-06,3.35436024247e-08,
9769.69614344,1.0,0.00701355539616,7.46571051078e-05,1.23728085448e-06,2.95592196043e-08,
9911.28594262,1.0,0.00725557465467,7.31480512675e-05,1.13284976811e-06,2.60436006763e-08,
10052.8757418,1.0,0.0075197759468,7.27138677585e-05,1.04469804827e-06,2.29550512489e-08,
10194.465541,1.0,0.00780303489594,7.33651389278e-05,9.7424110692e-07,
10336.0553402,1.0,0.00760359538069,7.08272674289e-05,9.52730675843e-07,
10477.6451393,1.0,0.00740385116579,6.83596002549e-05,9.32969506158e-07,
10619.2349385,1.0,0.00720388242189,6.59631745676e-05,9.14739990866e-07,
10760.8247377,1.0,0.00700376282117,6.3638941218e-05,8.97848823477e-07,
10902.4145369,1.0,0.00680356019617,6.13877503778e-05,8.82123808517e-07,
11044.0043361,1.0,0.00660333719529,5.92103392358e-05,8.67411891342e-07,
11185.5941352,1.0,0.00640315192985,5.71073144086e-05,8.53576805834e-07,
11327.1839344,1.0,0.00620305863639,5.50791414437e-05,8.40497907793e-07,
11468.7737336,1.0,0.00600310833726,5.31261309491e-05,8.28068150597e-07,
11610.3635328,1.0,0.00580334952289,5.12484197874e-05,8.16193368042e-07,
11751.953332,1.0,0.00560382886703,4.94459629736e-05,8.04789933517e-07,
11893.5431311,1.0,0.00540459197465,4.77185096123e-05,7.93784592698e-07,
12035.1329303,1.0,0.00520568420478,4.60655963635e-05,7.83113172142e-07,
12176.7227295,1.0,0.00500715157064,4.44865277275e-05,7.72719440439e-07,
12318.3125287,1.0,0.00480904175963,4.2980361632e-05,7.62555098295e-07,
12459.9023279,1.0,0.00461140531583,4.15459012667e-05,7.52577630579e-07,
12601.492127,1.0,0.00441429703195,4.01816790713e-05,7.42751571761e-07,
12743.0819262,1.0,0.00421777763516,3.88859559429e-05,7.33046234343e-07,
12884.6717254,1.0,0.00402191586264,3.76567145322e-05,7.23435831559e-07,
13026.2615246,1.0,0.00382679105648,3.64916627529e-05,7.13899094563e-07,
13167.8513238,1.0,0.00363249648462,3.53882400283e-05,7.04418745555e-07,
13309.4411229,1.0,0.00343914365269,3.43436301763e-05,6.94980711949e-07,
13451.0309221,1.0,0.00324686797871,3.33547830573e-05,6.85574399375e-07,
13592.6207213,1.0,0.00305583640681,3.24184389376e-05,6.76191459353e-07,
13734.2105205,1.0,0.0028662577555,3.15311591211e-05,6.66826967601e-07,
13875.8003197,1.0,0.00267839701407,3.06893685709e-05,6.57476596553e-07,
14017.3901188,1.0,0.00249259538907,2.98893952507e-05,6.48138940692e-07,
14158.979918,1.0,0.00230929882778,2.91275201617e-05,6.38813340887e-07,
14300.5697172,1.0,0.00212909918138,2.8400029774e-05,6.29501737731e-07,
14442.1595164,1.0,0.00195279428632,2.77032697284e-05,6.20205333219e-07,
14583.7493156,1.0,0.00178147632458,2.70337028159e-05,6.10927693011e-07,
14725.3391147,1.0,0.0016166616083,2.63879694758e-05,6.01671975e-07,
14866.9289139,1.0,0.00146047774739,2.57629443558e-05,5.92442369189e-07,
15008.5187131,1.0,0.00131591942588,2.51558028331e-05,5.83243088523e-07,
15150.1085123,1.0,0.00118715258417,2.45640813183e-05,5.74078563076e-07,
15291.6983115,1.0,0.00107974715658,2.39857461369e-05,5.64952899248e-07,
15433.2881107,1.0,0.00100050745451,2.34192594765e-05,5.55870650628e-07,
15574.8779098,1.0,0.000956360268361,2.28636563871e-05,5.46836233982e-07,
15716.467709,1.0,0.00095210301053,2.23186240927e-05,5.3785356545e-07,
15858.0575082,1.0,0.000988162168624,2.17845865826e-05,5.28926106067e-07,
15999.6473074,1.0,0.0010603530836,2.12628001196e-05,5.20057685547e-07,
16141.2371066,1.0,0.00116189085109,2.07554535318e-05,5.11252110546e-07,
16282.8269057,1.0,0.00128578148649,2.02657751657e-05,5.02512749405e-07,
16424.4167049,1.0,0.00142615951678,1.97981394616e-05,4.93843086611e-07,
16566.0065041,1.0,0.00157858768136,1.9358165991e-05,4.85247561637e-07,
16707.5963033,1.0,0.00173986285434,1.89527992805e-05,4.76730560549e-07,
16849.1861025,1.0,0.0019077087782,1.85903461322e-05,4.68297951165e-07,
16990.7759016,1.0,0.0020805062074,1.82804491904e-05,4.59957540331e-07,
17132.3657008,1.0,0.00225709228317,1.8033961578e-05,4.51717815585e-07,
17273.9555,1.0,0.00243662060595,1.78626952333e-05,4.43590756173e-07,
17415.5452992,1.0,0.0026184658876,1.7779026273e-05,4.35590759718e-07,
17557.1350984,1.0,0.00280215920004,1.77953500249e-05,4.27737329042e-07,
17698.7248975,1.0,0.00298734373596,1.79234377688e-05,4.20054543965e-07,
17840.3146967,1.0,0.00317374427991,1.81737506191e-05,4.12571035026e-07,
17981.9044959,1.0,0.00336114583578,1.85548312061e-05,4.05325225957e-07,
18123.4942951,1.0,0.00354937848086,1.90728658216e-05,3.98361449719e-07,
18265.0840943,1.0,0.00373830646266,1.97314973669e-05,3.91734811524e-07,
18406.6738934,1.0,0.00392782025658,2.05319014124e-05,3.85510896093e-07,
18548.2636926,1.0,0.0041178307111,2.14730837351e-05,3.7976806051e-07,
18689.8534918,1.0,0.00430826464063,2.25523362755e-05,3.74597241091e-07,
18831.443291,1.0,0.00449906152647,2.37657199335e-05,3.70103920188e-07,
18973.0330902,1.0,0.00469017096667,2.51085560386e-05,3.6640606821e-07,
19114.6228893,1.0,0.0048815507232,2.65758173039e-05,3.63638602647e-07,
19256.2126885,1.0,0.00507316519578,2.81624367351e-05,3.61948336085e-07,
19397.8024877,1.0,0.00526498420519,2.98635300751e-05,3.61490189767e-07,
19539.3922869,1.0,0.00545698205228,3.16745243076e-05,3.62428196394e-07,
19680.9820861,1.0,0.00535942022829,3.05222945669e-05,3.44841534772e-07,
19822.5718852,1.0,0.00526191546993,2.93955773926e-05,3.28040494981e-07,
19964.1616844,1.0,0.00516446385058,2.82939432941e-05,3.11992173803e-07,
20105.7514836,1.0,0.00506706171446,2.72169967909e-05,2.96667806724e-07,
20247.3412828,1.0,0.00496970567136,2.61643644871e-05,2.82035164688e-07,
20388.931082,1.0,0.0048723925579,2.51357004346e-05,2.68068286747e-07,
20530.5208811,1.0,0.00477511944269,2.41306773829e-05,2.54739798264e-07,
20672.1106803,1.0,0.00467788359267,2.31489978109e-05,2.42024247703e-07,
20813.7004795,1.0,0.00458068247304,2.21903745011e-05,2.29896875406e-07,
20955.2902787,1.0,0.00448351372345,2.12545475804e-05,2.18333715589e-07,
21096.8800779,1.0,0.0043863751528,2.03412707014e-05,2.07311295556e-07,
21238.469877,1.0,0.00428926471526,1.94503180103e-05,1.968095388e-07,
21380.0596762,1.0,0.00419218052023,1.85814743497e-05,1.86807067176e-07,
21521.6494754,1.0,0.00409512080186,1.77345455125e-05,1.77283299434e-07,
21663.2392746,1.0,0.00399808392637,1.69093497864e-05,1.68216840869e-07,
21804.8290738,1.0,0.00390106836944,1.61057123473e-05,1.595928723e-07,
21946.4188729,1.0,0.00380407271557,1.53234835903e-05,1.51390497125e-07,
22088.0086721,1.0,0.00370709565101,1.45625169022e-05,1.43592527786e-07,
22229.5984713,1.0,0.00361013595742,1.38226778053e-05,1.36183547504e-07,
22371.1882705,1.0,0.00351319250065,1.31038472073e-05,1.29145235248e-07,
22512.7780697,1.0,0.00341626423025,1.24059183856e-05,1.2246362362e-07,
22654.3678688,1.0,0.00331935016853,1.17287858396e-05,1.16122748593e-07,
22795.957668,1.0,0.00322244941735,1.10723629525e-05,1.10106261664e-07,
22937.5474672,1.0,0.00312556113684,1.04365708147e-05,1.04401834688e-07,
23079.1372664,1.0,0.00302868455727,9.82133968679e-06,9.89944947312e-08,
23220.7270656,1.0,0.00293181896176,9.22661425833e-06,9.38711301778e-08,
23362.3168647,1.0,0.00283496370041,8.65234252815e-06,8.90174009948e-08,
23503.9066639,1.0,0.00273811815974,8.09849127273e-06,8.44224080253e-08,
23645.4964631,1.0,0.00264128179992,7.56503072502e-06,8.00705277568e-08,
23787.0862623,1.0,0.00254445411176,7.05195111667e-06,7.59546839006e-08,
23928.6760615,1.0,0.0024476346475,6.5592504902e-06,7.20581985593e-08,
24070.2658606,1.0,0.00235082299733,6.08694490469e-06,6.83714099928e-08,
24211.8556598,1.0,0.00225401880947,5.63505842817e-06,6.48843307945e-08,
24353.445459,1.0,0.00215722176979,5.20364265191e-06,6.15849143521e-08,
24495.0352582,1.0,0.00206043162341,4.79275958233e-06,5.84635177527e-08,
24636.6250574,1.0,0.00196364816931,4.40249244472e-06,5.55108015559e-08,
24778.2148565,1.0,0.00186687126152,4.03295434766e-06,5.2715611956e-08,
24919.8046557,1.0,0.00177010082261,3.6842741819e-06,5.007063762e-08,
25061.3944549,1.0,0.0016733368579,3.35660815705e-06,4.75660959273e-08,
25202.9842541,1.0,0.0015765794618,3.05014102658e-06,4.51936524571e-08,
25344.5740533,1.0,0.00147982884679,2.76507437939e-06,4.29454227328e-08,
25486.1638524,1.0,0.00138308537783,2.50162276153e-06,4.08149250252e-08,
25627.7536516,1.0,0.00128634961185,2.25999591904e-06,3.87938621601e-08,
25769.3434508,1.0,0.00118962238886,2.04036658648e-06,3.68770681209e-08,
25910.93325,1.0,0.00109290491948,1.84282622932e-06,3.50573189378e-08,
26052.5230492,1.0,0.000996198987503,1.6673079053e-06,3.33285123689e-08,
26194.1128484,1.0,0.000899507226602,1.51349305953e-06,3.16876360091e-08,
26335.7026475,1.0,0.000802833634788,1.38069836893e-06,3.01269857017e-08,
26477.2924467,1.0,0.000706184497963,1.26775815221e-06,2.86430784722e-08,
26618.8822459,1.0,0.000609570194553,1.17295219745e-06,2.72329033955e-08,
26760.4720451,1.0,0.000513009018309,1.09400899439e-06,2.58907219044e-08,
26902.0618443,1.0,0.00041653635797,1.02821537089e-06,2.46146070517e-08,
27043.6516434,1.0,0.000320230328631,9.72633716085e-07,
27185.2414426,1.0,0.000224303189446,9.24381217047e-07,
27326.8312418,1.0,0.000129595038559,8.80937400316e-07,
27468.421041,1.0,4.46695303748e-05,8.40427784118e-07,
27610.0108402,1.0,7.68929032711e-05,8.01894431203e-07,
27751.6006393,1.0,0.000168954169776,7.65573691063e-07,
27893.1904385,1.0,0.000264373956159,7.33193547178e-07,
28034.7802377,1.0,0.000360494168756,7.08267245206e-07,
28176.3700369,1.0,0.000456872232971,6.96163876815e-07,
28317.9598361,1.0,0.000553372888735,7.03597885449e-07,
28459.5496352,1.0,0.000505027081643,6.62521783467e-07,
28601.1394344,1.0,0.000456687780708,6.25976100532e-07,
28742.7292336,1.0,0.000408356981626,5.93593199748e-07,
28884.3190328,1.0,0.000360037765404,5.64946103353e-07,
29025.908832,1.0,0.000311735161771,5.39561570269e-07,
29167.4986311,1.0,0.000263457906161,5.16940837558e-07,
29309.0884303,1.0,0.0002152226095,4.96581297002e-07,
29450.6782295,1.0,0.000167065097787,4.78003348557e-07,
29592.2680287,1.0,0.000119079072646,4.60769687466e-07,
29733.8578279,1.0,7.16090538171e-05,4.44518598694e-07,
29875.447627,1.0,2.74717807073e-05,4.28981043915e-07,
30017.0374262,1.0,3.25610484157e-05,4.14006887023e-07,
30158.6272254,1.0,7.77451343701e-05,3.99593148327e-07,
30300.2170246,1.0,0.000125326934231,3.85908227184e-07,
30441.8068238,1.0,0.000173342785922,3.7332265921e-07,
30583.3966229,1.0,0.000221510396671,3.62437375702e-07,
30724.9864221,1.0,0.000269748322569,3.54095554363e-07,
30866.5762213,1.0,0.000318024441492,3.49372512655e-07,
31008.1660205,1.0,0.00036632355444,3.49493172418e-07,
31149.7558197,1.0,0.000342141788331,3.3107119532e-07,
31291.3456188,1.0,0.000317961256314,3.13914889064e-07,
31432.935418,1.0,0.000293782109495,2.97970847717e-07,
31574.5252172,1.0,0.000269604590637,2.83176175689e-07,
31716.1150164,1.0,0.000245429028922,2.69460337011e-07,
31857.7048156,1.0,0.000221255921365,2.56749679773e-07,
31999.2946147,1.0,0.000197086009432,2.44965419528e-07,
32140.8844139,1.0,0.000172920483511,2.34019896036e-07,
32282.4742131,1.0,0.000148761298637,2.2382716922e-07,
32424.0640123,1.0,0.000124611953384,2.14299738538e-07,
32565.6538115,1.0,0.000100479320888,2.05353653214e-07,
32707.2436106,1.0,7.63789729108e-05,1.96909387605e-07,
32848.8334098,1.0,5.23551636802e-05,1.88893026344e-07,
32990.423209,1.0,2.86007919981e-05,1.81245499794e-07,
33132.0130082,1.0,8.03375479879e-06,1.7392202036e-07,
33273.6028074,1.0,2.19235320898e-05,1.66896891552e-07,
33415.1926065,1.0,4.54563241128e-05,1.60165932229e-07,
33556.7824057,1.0,6.94364758139e-05,1.53756369589e-07,
33698.3722049,1.0,9.35203605746e-05,1.47729794521e-07,
33839.9620041,1.0,0.000117644193746,1.42185972549e-07,
33981.5518033,1.0,0.000141787512228,1.37271475247e-07,
34123.1416024,1.0,0.000165941755629,1.33179703577e-07,
34264.7314016,1.0,0.000190102714363,1.30152132665e-07,
34406.3212008,1.0,0.000214268077385,1.28465046825e-07,
34547.911,1.0,0.000238436473696,1.28399561478e-07,
34689.5007992,1.0,0.000262607037913,1.30229909358e-07,
34831.0905983,1.0,0.000250516474585,1.2345489142e-07,
34972.6803975,1.0,0.00023842604198,1.17047139692e-07,
35114.2701967,1.0,0.000226335733212,1.10990519256e-07,
35255.8599959,1.0,0.000214245551682,1.05289725753e-07,
35397.4497951,1.0,0.000202155506695,9.99274774474e-08,
35539.0395942,1.0,0.000190065606045,9.49024397781e-08,
35680.6293934,1.0,0.000177975850627,9.01996591748e-08,
35822.2191926,1.0,0.000165886265325,8.58075668192e-08,
35963.8089918,1.0,0.000153796866499,8.17142171004e-08,
36105.398791,1.0,0.000141707681597,7.79031751162e-08,
36246.9885902,1.0,0.000129618759847,7.43601646862e-08,
36388.5783893,1.0,0.00011753015564,7.10649454092e-08,
36530.1681885,1.0,0.000105441964588,6.80001307356e-08,
36671.7579877,1.0,9.33543301449e-05,6.51457068011e-08,
36813.3477869,1.0,8.1267464279e-05,6.24787509599e-08,
36954.9375861,1.0,6.91817648039e-05,5.99814889047e-08,
37096.5273852,1.0,5.70979399071e-05,5.76312543757e-08,
37238.1171844,1.0,4.50174622727e-05,5.54098692915e-08,
37379.7069836,1.0,3.29439858674e-05,5.32980428343e-08,
37521.2967828,1.0,2.08896019498e-05,5.12827375902e-08,
37662.886582,1.0,8.93180733045e-06,4.93493951161e-08,
37804.4763811,1.0,3.93821358747e-06,4.74921221802e-08,
37946.0661803,1.0,1.56067545926e-05,4.5704385022e-08,
38087.6559795,1.0,2.76398107282e-05,4.39889901187e-08,
38229.2457787,1.0,3.97073447969e-05,4.2356132403e-08,
38370.8355779,1.0,5.17852517011e-05,4.08198288114e-08,
38512.425377,1.0,6.38676282071e-05,3.94091935034e-08,
38654.0151762,1.0,7.59523379514e-05,3.81602254667e-08,
38795.6049754,1.0,8.80384138591e-05,3.71191434842e-08,
38937.1947746,1.0,0.000100125351134,3.63457876429e-08,
39078.7845738,1.0,0.000112212877853,3.58978223199e-08,
39220.3743729,1.0,0.000124300812083,3.58528097804e-08,
39361.9641721,1.0,0.00013638904269,3.62684137264e-08,
39503.5539713,1.0,0.000130344145427,3.44057915081e-08,
39645.1437705,1.0,0.000124299271521,3.26396902865e-08,
39786.7335697,1.0,0.00011825442183,3.09646661749e-08,
39928.3233688,1.0,0.000112209587572,2.9384827142e-08,
40069.913168,1.0,0.000106164769214,2.7895037959e-08,
40211.5029672,1.0,0.000100119978041,2.64886235469e-08,
40353.0927664,1.0,9.40752055209e-05,2.51699094565e-08,
40494.6825656,1.0,8.80304545314e-05,2.39323579895e-08,
40636.2723647,1.0,8.19857342892e-05,2.27724154902e-08,
40777.8621639,1.0,7.59410316885e-05,2.16908134422e-08,
40919.4519631,1.0,6.9896371199e-05,2.06796409313e-08,
41061.0417623,1.0,6.38517483056e-05,1.97343030654e-08,
41202.6315615,1.0,5.7807163107e-05,1.88556484974e-08,
41344.2213606,1.0,5.17626487534e-05,1.80315201519e-08,
41485.8111598,1.0,4.57182165723e-05,1.72627930972e-08,
41627.400959,1.0,3.96738997486e-05,1.65418760508e-08,
41768.9907582,1.0,3.36297555425e-05,1.58647419203e-08,
41910.5805574,1.0,2.75859011165e-05,1.52255000377e-08,
42052.1703565,1.0,2.1542560119e-05,1.46201236486e-08,
42193.7601557,1.0,1.55003500209e-05,1.40456714226e-08,
42335.3499549,1.0,9.46139858887e-06,1.34950856231e-08,
42476.9397541,1.0,3.44290312748e-06,1.29688150187e-08,
42618.5295533,1.0,2.69577649224e-06,1.24621070297e-08,
42760.1193524,1.0,8.70395597724e-06,1.19765759607e-08,
42901.7091516,1.0,1.474205125e-05,1.15092191285e-08,
43043.2989508,1.0,2.07840194463e-05,1.10670328992e-08,
43184.88875,1.0,2.68272237055e-05,1.06514942669e-08,
43326.4785492,1.0,3.28709873626e-05,1.02695282031e-08,
43468.0683483,1.0,3.89150483782e-05,9.92939675405e-09,
43609.6581475,1.0,4.49592846458e-05,9.64247847616e-09,
43751.2479467,1.0,5.10036363028e-05,9.42762105337e-09,
43892.8377459,1.0,5.70480652735e-05,9.29801185845e-09,
44034.4275451,1.0,6.30925442379e-05,9.26971860467e-09,
44176.0173442,1.0,6.91370636012e-05,9.35466437652e-09,
44317.6071434,1.0,6.61146937428e-05,8.88038403456e-09,
44459.1969426,1.0,6.30923378695e-05,8.43608109965e-09,
44600.7867418,1.0,6.00699812571e-05,8.00898634402e-09,
44742.376541,1.0,5.70476218933e-05,7.60978046197e-09,
44883.9663401,1.0,5.40252730707e-05,7.22948980994e-09,
45025.5561393,1.0,5.10029204375e-05,6.87142300949e-09,
45167.1459385,1.0,4.79805694121e-05,6.53758181389e-09,
45308.7357377,1.0,4.4958226661e-05,6.2220560791e-09,
45450.3255369,1.0,4.1935879306e-05,5.92442535359e-09,
45591.915336,1.0,3.89135444498e-05,5.64809462519e-09,
45733.5051352,1.0,3.58912068257e-05,5.38714409924e-09,
45875.0949344,1.0,3.28688774259e-05,5.1431594274e-09,
46016.6847336,1.0,2.98465502144e-05,4.91909927577e-09,
46158.2745328,1.0,2.68242361425e-05,4.70843679554e-09,
46299.864332,1.0,2.38019276467e-05,4.50912207521e-09,
46441.4541311,1.0,2.07796357403e-05,4.32689209157e-09,
46583.0439303,1.0,1.77573601209e-05,4.15024838802e-09,
46724.6337295,1.0,1.47351166484e-05,3.98504047693e-09,
46866.2235287,1.0,1.17129287402e-05,3.82933646918e-09,
47007.8133279,1.0,8.69086360634e-06,3.68020888989e-09,
47149.403127,1.0,5.66909688624e-06,3.53838772879e-09,
47290.9929262,1.0,2.64865143074e-06,3.40255105564e-09,
47432.5827254,1.0,4.01603114752e-07,
47574.1725246,1.0,3.40240401464e-06,3.14732680046e-09,
47715.7623238,1.0,1.8929260793e-06,3.02576682146e-09,
47857.3521229,1.0,3.96659101625e-07,
47998.9419221,1.0,1.13967467036e-06,2.79557769995e-09,
48140.5317213,1.0,3.9445531205e-07,
48282.1215205,1.0,3.9271373707e-07,
48423.7113197,1.0,1.13786592006e-06,2.4848144876e-09,
48565.3011188,1.0,7.61900664745e-07,
48706.890918,1.0,3.89569591226e-07,
48848.4807172,1.0,9.24414173656e-08,
48990.0705164,1.0,3.88371133301e-07,
49131.6603156,1.0,2.07577101827e-07,
49273.2501147,1.0,8.21583168973e-08,
49414.8399139,1.0,2.04493861401e-07,
49556.4297131,1.0,1.20982118721e-07,
49698.0195123,1.0,7.30185099352e-08,
49839.6093115,1.0,1.17899617118e-07,
49981.1991106,1.0,8.2536897402e-08,
50122.7889098,1.0,6.4895164701e-08,
50264.378709,1.0,7.80862508526e-08,
50405.9685082,1.0,6.43685589698e-08,
50547.5583074,1.0,5.76771315168e-08,
50689.1481065,1.0,6.03792589072e-08,
50830.7379057,1.0,5.4668215731e-08,
50972.3277049,1.0,5.12607117381e-08,
51113.9175041,1.0,5.06155500069e-08,
51255.5073033,1.0,5.28203746606e-08,
51397.0971024,1.0,4.87820242005e-08,
51538.6869016,1.0,4.52947938872e-08,
51680.2767008,1.0,4.24863338111e-08,
51821.8665,1.0,4.04908527288e-08,
51963.4562992,1.0,3.94172451931e-08,
52105.0460983,1.0,3.93298155041e-08,
52246.6358975,1.0,4.02306394893e-08,
52388.2256967,1.0,3.77236962774e-08,
52529.8154959,1.0,3.53908428045e-08,
52671.4052951,1.0,3.32614098425e-08,
52812.9950942,1.0,3.13642373744e-08,
52954.5848934,1.0,2.97398348935e-08,
53096.1746926,1.0,2.84263975973e-08,
53237.7644918,1.0,2.74611745044e-08,
53379.354291,1.0,2.68697439717e-08,
53520.9440901,1.0,2.66796464457e-08,
53662.5338893,1.0,2.68849252343e-08,
53804.1236885,1.0,2.54263475247e-08,
53945.7134877,1.0,2.40330105631e-08,
54087.3032869,1.0,2.27259296677e-08,
54228.893086,1.0,2.15076090516e-08,
54370.4828852,1.0,2.03806823406e-08,
54512.0726844,1.0,1.93718533878e-08,
54653.6624836,1.0,1.84840311769e-08,
54795.2522828,1.0,1.77368162027e-08,
54936.8420819,1.0,1.71408140486e-08,
55078.4318811,1.0,1.67092346104e-08,
55220.0216803,1.0,1.64493601151e-08,
55361.6114795,1.0,1.63648479569e-08,
55503.2012787,1.0,1.64574499567e-08,
55644.7910778,1.0,1.56220969354e-08,
55786.380877,1.0,1.48170739814e-08,
55927.9706762,1.0,1.40437743582e-08,
56069.5604754,1.0,1.33101966631e-08,
56211.1502746,1.0,1.26103238758e-08,
56352.7400738,1.0,1.19530584025e-08,
56494.3298729,1.0,1.13403262146e-08,
56635.9196721,1.0,1.07823652852e-08,
56777.5094713,1.0,1.02800955217e-08,
56919.0992705,1.0,9.83854252939e-09,
57060.6890697,1.0,9.46709359353e-09,
57202.2788688,1.0,9.1697115368e-09,
57343.868668,1.0,8.95279614492e-09,
57485.4584672,1.0,8.82181276699e-09,
57627.0482664,1.0,8.77372532312e-09,
57768.6380656,1.0,8.80779773551e-09,
57910.2278647,1.0,8.37145902571e-09,
58051.8176639,1.0,7.94751888294e-09,
58193.4074631,1.0,7.545177216e-09,
58334.9972623,1.0,7.15788145963e-09,
58476.5870615,1.0,6.78859887512e-09,
58618.1768606,1.0,6.43341338288e-09,
58759.7666598,1.0,6.10480179622e-09,
58901.356459,1.0,5.79807293763e-09,
59042.9462582,1.0,5.51597193743e-09,
59184.5360574,1.0,5.26190233625e-09,
59326.1258565,1.0,5.04177474808e-09,
59467.7156557,1.0,4.85286752666e-09,
59609.3054549,1.0,4.70255451624e-09,
59750.8952541,1.0,4.59353356824e-09,
59892.4850533,1.0,4.52285219951e-09,
60034.0748524,1.0,4.49504125001e-09,
60175.6646516,1.0,4.51154984126e-09,
60317.2544508,1.0,4.28915586e-09,
60458.84425,1.0,4.07467433902e-09,
60600.4340492,1.0,3.86966013972e-09,
60742.0238483,1.0,3.67283531469e-09,
60883.6136475,1.0,3.48492494706e-09,
61025.2034467,1.0,3.30503876003e-09,
61166.7932459,1.0,3.13656751535e-09,
61308.3830451,1.0,2.97736514341e-09,
61449.9728442,1.0,2.83155339753e-09,
61591.5626434,1.0,2.70094525858e-09,
61733.1524426,1.0,2.58806504672e-09,
61874.7422418,1.0,2.4868279286e-09,
62016.332041,1.0,2.40326983797e-09,
62157.9218401,1.0,2.34103183016e-09,
62299.5116393,1.0,2.30335953618e-09,
62441.1014385,1.0,2.28212025895e-09,
62582.6912377,1.0,2.27657625908e-09,
62724.2810369,1.0,2.29946769003e-09,
62865.870836,1.0,2.1834739199e-09,
63007.4606352,1.0,2.08318159052e-09,
63149.0504344,1.0,1.97312429407e-09,
63290.6402336,1.0,1.87554893777e-09,
63432.2300328,1.0,1.77470988242e-09,
63573.8198319,1.0,1.68575033092e-09,
63715.4096311,1.0,1.58775607694e-09,
63856.9994303,1.0,1.50460615435e-09,
63998.5892295,1.0,1.42456319527e-09,
64140.1790287,1.0,1.35165094192e-09,
64281.7688278,1.0,1.2835986964e-09,
64423.358627,1.0,1.23025093433e-09,
64564.9484262,1.0,1.1769381805e-09,
64706.5382254,1.0,1.13684907701e-09,
64848.1280246,1.0,1.10285602409e-09,
64989.7178237,1.0,1.08306985057e-09,
65131.3076229,1.0,1.07048266394e-09,
65272.8974221,1.0,1.07158590479e-09,
65414.4872213,1.0,1.01956802591e-09,
65556.0770205,1.0,9.69232019699e-10,
65697.6668196,1.0,9.18512968133e-10,
65839.2566188,1.0,8.70318294548e-10,
65980.846418,1.0,8.2596341414e-10,
66122.4362172,1.0,7.84044422368e-10,
66264.0260164,1.0,7.46497677832e-10,
66405.6158156,1.0,7.11064860596e-10,
66547.2056147,1.0,6.83267521785e-10,
66688.7954139,1.0,6.48884657034e-10,
66830.3852131,1.0,6.27699289604e-10,
66971.9750123,1.0,6.13051315921e-10,
67113.5648115,1.0,5.95484362244e-10,
67255.1546106,1.0,5.84565998601e-10,
67396.7444098,1.0,5.85730779173e-10,
67538.334209,1.0,5.52141767561e-10,
67679.9240082,1.0,5.33205115773e-10,
67821.5138074,1.0,5.0105805793e-10,
67963.1036065,1.0,4.79052938841e-10,
68104.6934057,1.0,4.54793615632e-10,
68246.2832049,1.0,4.32371661427e-10,
68387.8730041,1.0,4.15118805359e-10,
68529.4628033,1.0,3.9624542618e-10,
68671.0526024,1.0,3.75817181791e-10,
68812.6424016,1.0,3.60635349121e-10,
68954.2322008,1.0,3.51317091236e-10,
69095.822,1.0,3.39920006148e-10,
69237.4117992,1.0,3.29892662762e-10,
69379.0015983,1.0,3.24033580083e-10,
69520.5913975,1.0,3.19595653934e-10,
69662.1811967,1.0,3.1622373331e-10,
69803.7709959,1.0,3.13260193167e-10,
69945.3607951,1.0,3.30455613135e-10,
70086.9505942,1.0,3.04728807258e-10,
70228.5403934,1.0,2.92906214689e-10,
70370.1301926,1.0,2.77793377833e-10,
70511.7199918,1.0,2.62659180225e-10,
70653.309791,1.0,2.51279039406e-10,
