Coordinates:
0.0,0.714285714286,1.42857142857,2.14285714286,2.85714285714,3.57142857143,4.28571428571,5.0,5.71428571429,6.42857142857,7.14285714286,7.85714285714,8.57142857143,9.28571428571,10.0,
Volumes:
0.357142857143,0.714285714286,0.714285714286,0.714285714286,0.714285714286,0.714285714286,0.714285714286,0.714285714286,0.714285714286,0.714285714286,0.714285714286,0.714285714286,0.714285714286,0.714285714286,0.357142857143,

 Time(s), delta (-) on vertices
34.5393659071,1.0,
69.0787318143,1.0,
103.618097721,1.2,
138.157463629,1.4,
172.696829536,1.6,
207.236195443,1.5,
241.77556135,1.4,
276.314927257,1.3,
310.854293164,1.2,
345.393659071,1.1,
379.933024978,1.15,
414.472390886,1.2,
449.011756793,1.25,
483.5511227,1.225,
518.090488607,1.2,
552.629854514,1.175,
587.169220421,1.1875,
621.708586328,1.2,
656.247952236,1.2125,
690.787318143,1.20625,
725.32668405,1.2,
759.866049957,1.19375,
794.405415864,1.1875,
828.944781771,1.18125,
863.484147678,1.175,
898.023513585,1.16875,
932.562879493,1.1625,
967.1022454,1.165625,
1001.64161131,1.16875,
1036.18097721,1.171875,
1070.72034312,1.175,
1105.25970903,1.1734375,
1139.79907494,1.171875,
1174.33844084,1.1703125,
1208.87780675,1.16875,
1243.41717266,1.1671875,
1277.95653856,1.165625,
1312.49590447,1.1640625,
1347.03527038,1.1625,
1381.57463629,1.1609375,
1416.11400219,1.159375,
1450.6533681,1.1578125,
1485.19273401,1.15625,
1519.73209991,1.1546875,
1554.27146582,1.153125,
1588.81083173,1.1515625,
1623.35019764,1.15,
1657.88956354,1.1484375,
1692.42892945,1.146875,
1726.96829536,1.1453125,
1761.50766126,1.14375,
1796.04702717,1.1421875,
1830.58639308,1.14296875,
1865.12575899,1.14375,
1899.66512489,1.14453125,
1934.2044908,1.1453125,
1968.74385671,1.14609375,
2003.28322261,1.146875,
2037.82258852,1.14765625,
2072.36195443,1.1484375,
2106.90132034,1.14921875,
2141.44068624,1.15,
2175.98005215,1.15078125,
2210.51941806,1.1515625,
2245.05878396,1.15234375,
2279.59814987,1.153125,
2314.13751578,1.15390625,
2348.67688169,1.1546875,
2383.21624759,1.154296875,
2417.7556135,1.15390625,
2452.29497941,1.153515625,
2486.83434531,1.153125,
2521.37371122,1.152734375,
2555.91307713,1.15234375,
2590.45244304,1.1525390625,
2624.99180894,1.15244140625,
2659.53117485,1.15234375,
2694.07054076,1.15224609375,
2728.60990666,1.1521484375,
2763.14927257,1.15205078125,
2797.68863848,1.151953125,
2832.22800439,1.15185546875,
2866.76737029,1.1517578125,
2901.3067362,1.15166015625,
2935.84610211,1.1515625,
2970.38546801,1.15146484375,
3004.92483392,1.1513671875,
3039.46419983,1.15126953125,
3074.00356573,1.151171875,
3108.54293164,1.15107421875,
3143.08229755,1.1509765625,
3177.62166346,1.15087890625,
3212.16102936,1.15078125,
3246.70039527,1.15068359375,
3281.23976118,1.1505859375,
3315.77912708,1.15048828125,
3350.31849299,1.150390625,
3384.8578589,1.15029296875,
3419.39722481,1.1501953125,
3453.93659071,1.15009765625,
3488.47595662,1.15,
3523.01532253,1.14990234375,
3557.55468843,1.1498046875,
3592.09405434,1.14970703125,
3626.63342025,1.149609375,
3661.17278616,1.14951171875,
3695.71215206,1.1494140625,
3730.25151797,1.14931640625,
3764.79088388,1.14921875,
3799.33024978,1.14912109375,
3833.86961569,1.1490234375,
3868.4089816,1.14892578125,
3902.94834751,1.148828125,
3937.48771341,1.14873046875,
3972.02707932,1.1486328125,
4006.56644523,1.14853515625,
4041.10581113,1.1484375,
4075.64517704,1.14833984375,
4110.18454295,1.1482421875,
4144.72390886,1.14814453125,
4179.26327476,1.148046875,
4213.80264067,1.14794921875,
4248.34200658,1.1478515625,
4282.88137248,1.14775390625,
4317.42073839,1.14765625,
4351.9601043,1.14755859375,
4386.49947021,1.1474609375,
4421.03883611,1.14736328125,
4455.57820202,1.147265625,
4490.11756793,1.14716796875,
4524.65693383,1.1470703125,
4559.19629974,1.14697265625,
4593.73566565,1.146875,
4628.27503156,1.14677734375,
4662.81439746,1.1466796875,
4697.35376337,1.14658203125,
4731.89312928,1.146484375,
4766.43249518,1.14638671875,
4800.97186109,1.1462890625,
4835.511227,1.14619140625,
4870.05059291,1.14609375,
4904.58995881,1.14599609375,
4939.12932472,1.1458984375,
4973.66869063,1.14580078125,
5008.20805653,1.145703125,
5042.74742244,1.14560546875,
5077.28678835,1.1455078125,
5111.82615426,1.14541015625,
5146.36552016,1.1453125,
5180.90488607,1.14521484375,
5215.44425198,1.1451171875,
5249.98361788,1.14501953125,
5284.52298379,1.144921875,
5319.0623497,1.14482421875,
5353.60171561,1.1447265625,
5388.14108151,1.14462890625,
5422.68044742,1.14453125,
5457.21981333,1.14443359375,
5491.75917923,1.1443359375,
5526.29854514,1.14423828125,
5560.83791105,1.144140625,
5595.37727696,1.14404296875,
5629.91664286,1.1439453125,
5664.45600877,1.14384765625,
5698.99537468,1.14375,
5733.53474058,1.14365234375,
5768.07410649,1.1435546875,
5802.6134724,1.14345703125,
5837.15283831,1.143359375,
5871.69220421,1.14326171875,
5906.23157012,1.1431640625,
5940.77093603,1.14306640625,
5975.31030193,1.14296875,
6009.84966784,1.14287109375,
6044.38903375,1.1427734375,
6078.92839966,1.14267578125,
6113.46776556,1.142578125,
6148.00713147,1.14248046875,
6182.54649738,1.1423828125,
6217.08586328,1.14228515625,
6251.62522919,1.1421875,
6286.1645951,1.14208984375,
6320.70396101,1.1419921875,
6355.24332691,1.14189453125,
6389.78269282,1.141796875,
6424.32205873,1.14169921875,
6458.86142463,1.1416015625,
6493.40079054,1.14150390625,
6527.94015645,1.14140625,
6562.47952236,1.14130859375,
6597.01888826,1.1412109375,
6631.55825417,1.14111328125,
6666.09762008,1.141015625,
6700.63698598,1.14091796875,
6735.17635189,1.1408203125,
6769.7157178,1.14086914063,
6804.25508371,1.14091796875,
6838.79444961,1.14096679688,
6873.33381552,1.141015625,
6907.87318143,1.14106445313,
6942.41254733,1.14111328125,
6976.95191324,1.14116210938,
7011.49127915,1.1412109375,
7046.03064506,1.14125976563,
7080.57001096,1.14130859375,
7115.10937687,1.14135742188,
7149.64874278,1.14140625,
7184.18810868,1.14145507813,
7218.72747459,1.14150390625,
7253.2668405,1.14155273438,
7287.80620641,1.1416015625,
7322.34557231,1.14165039063,
7356.88493822,1.14169921875,
7391.42430413,1.14174804688,
7425.96367003,1.141796875,
7460.50303594,1.14184570313,
7495.04240185,1.14189453125,
7529.58176776,1.14194335938,
7564.12113366,1.1419921875,
7598.66049957,1.14196777344,
7633.19986548,1.14194335938,
7667.73923138,1.14191894531,
7702.27859729,1.14189453125,
7736.8179632,1.14187011719,
7771.35732911,1.14184570313,
7805.89669501,1.14182128906,
7840.43606092,1.141796875,
7874.97542683,1.14177246094,
7909.51479273,1.14174804688,
7944.05415864,1.14172363281,
7978.59352455,1.14169921875,
8013.13289046,1.14167480469,
8047.67225636,1.14165039063,
8082.21162227,1.14162597656,
8116.75098818,1.1416015625,
8151.29035408,1.14157714844,
8185.82971999,1.14155273438,
8220.3690859,1.14152832031,
8254.90845181,1.14150390625,
8289.44781771,1.14147949219,
8323.98718362,1.14145507813,
8358.52654953,1.14143066406,
8393.06591543,1.14140625,
8427.60528134,1.14138183594,
8462.14464725,1.14135742188,
8496.68401316,1.14133300781,
8531.22337906,1.14130859375,
8565.76274497,1.14128417969,
8600.30211088,1.14125976563,
8634.84147678,1.14127197266,
8669.38084269,1.14128417969,
8703.9202086,1.14129638672,
8738.4595745,1.14130859375,
8772.99894041,1.14132080078,
8807.53830632,1.14133300781,
8842.07767223,1.14134521484,
8876.61703813,1.14135742188,
8911.15640404,1.14136962891,
8945.69576995,1.14138183594,
8980.23513585,1.14139404297,
9014.77450176,1.14140625,
9049.31386767,1.14141845703,
9083.85323358,1.14143066406,
9118.39259948,1.14144287109,
9152.93196539,1.14145507813,
9187.4713313,1.14146728516,
9222.0106972,1.14147949219,
9256.55006311,1.14149169922,
9291.08942902,1.14150390625,
9325.62879493,1.14151611328,
9360.16816083,1.14152832031,
9394.70752674,1.14154052734,
9429.24689265,1.14155273438,
9463.78625855,1.14156494141,
9498.32562446,1.14157714844,
9532.86499037,1.14158935547,
9567.40435628,1.1416015625,
9601.94372218,1.14161376953,
9636.48308809,1.14162597656,
9671.022454,1.14163818359,
9705.5618199,1.14165039063,
9740.10118581,1.14166259766,
9774.64055172,1.14165649414,
9809.17991763,1.14165039063,
9843.71928353,1.14164428711,
9878.25864944,1.14163818359,
9912.79801535,1.14163208008,
9947.33738125,1.14162597656,
9981.87674716,1.14161987305,
10016.4161131,1.14161376953,
10050.955479,1.14160766602,
10085.4948449,1.1416015625,
10120.0342108,1.14159545898,
10154.5735767,1.14158935547,
10189.1129426,1.14158325195,
10223.6523085,1.14157714844,
10258.1916744,1.14157104492,
10292.7310403,1.14156494141,
10327.2704062,1.14155883789,
10361.8097721,1.14155273438,
10396.349138,1.14154663086,
10430.888504,1.14154052734,
10465.4278699,1.14153442383,
10499.9672358,1.14152832031,
10534.5066017,1.1415222168,
10569.0459676,1.14151611328,
10603.5853335,1.14151000977,
10638.1246994,1.14150390625,
10672.6640653,1.14149780273,
10707.2034312,1.14149169922,
10741.7427971,1.1414855957,
10776.282163,1.14147949219,
10810.8215289,1.14147338867,
10845.3608948,1.14146728516,
10879.9002607,1.14146118164,
10914.4396267,1.14145507813,
10948.9789926,1.14144897461,
10983.5183585,1.14145202637,
11018.0577244,1.14145507813,
11052.5970903,1.14145812988,
11087.1364562,1.14146118164,
11121.6758221,1.1414642334,
11156.215188,1.14146728516,
11190.7545539,1.14147033691,
11225.2939198,1.14147338867,
11259.8332857,1.14147644043,
11294.3726516,1.14147949219,
11328.9120175,1.14148254395,
11363.4513834,1.1414855957,
11397.9907494,1.14148864746,
11432.5301153,1.14149169922,
11467.0694812,1.14149475098,
11501.6088471,1.14149780273,
11536.148213,1.14150085449,
11570.6875789,1.14150390625,
11605.2269448,1.14150695801,
11639.7663107,1.14151000977,
11674.3056766,1.14151306152,
11708.8450425,1.14151611328,
11743.3844084,1.14151916504,
11777.9237743,1.1415222168,
11812.4631402,1.14152526855,
11847.0025061,1.14152832031,
11881.5418721,1.14153137207,
11916.081238,1.14153442383,
11950.6206039,1.14153747559,
11985.1599698,1.14154052734,
12019.6993357,1.1415435791,
12054.2387016,1.14154663086,
12088.7780675,1.14154968262,
12123.3174334,1.14155273438,
12157.8567993,1.14155578613,
12192.3961652,1.14155426025,
12226.9355311,1.14155273438,
12261.474897,1.1415512085,
12296.0142629,1.14154968262,
12330.5536288,1.14154815674,
12365.0929948,1.14154663086,
12399.6323607,1.14154510498,
12434.1717266,1.1415435791,
12468.7110925,1.14154205322,
12503.2504584,1.14154052734,
12537.7898243,1.14153900146,
12572.3291902,1.14153747559,
12606.8685561,1.14153594971,
12641.407922,1.14153442383,
12675.9472879,1.14153289795,
12710.4866538,1.14153137207,
12745.0260197,1.14152984619,
12779.5653856,1.14152832031,
12814.1047515,1.14152679443,
12848.6441175,1.14152526855,
12883.1834834,1.14152374268,
12917.7228493,1.1415222168,
12952.2622152,1.14152069092,
12986.8015811,1.14151916504,
13021.340947,1.14151763916,
13055.8803129,1.14151611328,
13090.4196788,1.1415145874,
13124.9590447,1.14151306152,
13159.4984106,1.14151153564,
13194.0377765,1.14151000977,
13228.5771424,1.14150848389,
13263.1165083,1.14150695801,
13297.6558742,1.14150543213,
13332.1952402,1.14150390625,
13366.7346061,1.14150238037,
13401.273972,1.14150314331,
13435.8133379,1.14150390625,
13470.3527038,1.14150466919,
13504.8920697,1.14150543213,
13539.4314356,1.14150619507,
13573.9708015,1.14150695801,
13608.5101674,1.14150772095,
13643.0495333,1.14150848389,
13677.5888992,1.14150924683,
13712.1282651,1.14151000977,
13746.667631,1.14151077271,
13781.2069969,1.14151153564,
13815.7463629,1.14151229858,
13850.2857288,1.14151306152,
13884.8250947,1.14151382446,
13919.3644606,1.1415145874,
13953.9038265,1.14151535034,
13988.4431924,1.14151611328,
14022.9825583,1.14151687622,
14057.5219242,1.14151763916,
14092.0612901,1.1415184021,
14126.600656,1.14151916504,
14161.1400219,1.14151992798,
14195.6793878,1.14152069092,
14230.2187537,1.14152145386,
14264.7581196,1.1415222168,
14299.2974856,1.14152297974,
14333.8368515,1.14152374268,
14368.3762174,1.14152450562,
14402.9155833,1.14152526855,
14437.4549492,1.14152488708,
14471.9943151,1.14152450562,
14506.533681,1.14152412415,
14541.0730469,1.14152374268,
14575.6124128,1.14152336121,
14610.1517787,1.14152297974,
14644.6911446,1.14152259827,
14679.2305105,1.1415222168,
14713.7698764,1.14152183533,
14748.3092423,1.14152145386,
14782.8486083,1.14152107239,
14817.3879742,1.14152069092,
14851.9273401,1.14152030945,
14886.466706,1.14151992798,
14921.0060719,1.14151954651,
14955.5454378,1.14151916504,
14990.0848037,1.14151878357,
15024.6241696,1.1415189743,
15059.1635355,1.14151916504,
15093.7029014,1.14151935577,
15128.2422673,1.14151954651,
15162.7816332,1.14151973724,
15197.3209991,1.14151992798,
15231.860365,1.14152011871,
15266.399731,1.14152030945,
15300.9390969,1.14152050018,
15335.4784628,1.14152040482,
15370.0178287,1.14152030945,
15404.5571946,1.14152021408,
15439.0965605,1.14152026176,
15473.6359264,1.14152030945,
15508.1752923,1.14152035713,
15542.7146582,1.14152033329,
15577.2540241,1.14152030945,
15611.79339,1.14152028561,
15646.3327559,1.14152029753,
15680.8721218,1.14152030945,
15715.4114877,1.14152032137,
15749.9508537,1.14152031541,
15784.4902196,1.14152031839,
15819.0295855,1.14152032137,
15853.5689514,1.14152032435,
15888.1083173,1.14152032286,
15922.6476832,1.14152032137,
15957.1870491,1.14152032211,
15991.726415,1.14152032286,
16026.2657809,1.1415203236,
16060.8051468,1.14152032323,
16095.3445127,1.14152032286,
16129.8838786,1.14152032249,
16164.4232445,1.14152032211,
16198.9626104,1.1415203223,
16233.5019764,1.14152032221,
16268.0413423,1.14152032225,
16302.5807082,1.1415203223,
16337.1200741,1.14152032235,
16371.65944,1.14152032239,
16406.1988059,1.14152032244,
16440.7381718,1.14152032249,
16475.2775377,1.14152032253,
16509.8169036,1.14152032251,
16544.3562695,1.14152032249,
16578.8956354,1.1415203225,
16613.4350013,1.14152032251,
16647.9743672,1.14152032252,
16682.5137331,1.14152032252,
16717.0530991,1.14152032251,
16751.592465,1.14152032251,
16786.1318309,1.14152032252,
16820.6711968,1.14152032251,
16855.2105627,1.14152032252,
16889.7499286,1.14152032252,
16924.2892945,1.14152032252,
16958.8286604,1.14152032252,
16993.3680263,1.14152032251,
17027.9073922,1.14152032251,
17062.4467581,1.14152032252,
17096.986124,1.14152032252,
17131.5254899,1.14152032252,
17166.0648558,1.14152032252,
17200.6042218,1.14152032252,
17235.1435877,1.14152032252,
17269.6829536,1.14152032252,
