Coordinates:
0.0,0.714285714286,1.42857142857,2.14285714286,2.85714285714,3.57142857143,4.28571428571,5.0,5.71428571429,6.42857142857,7.14285714286,7.85714285714,8.57142857143,9.28571428571,10.0,
Volumes:
0.357142857143,0.714285714286,0.714285714286,0.714285714286,0.714285714286,0.714285714286,0.714285714286,0.714285714286,0.714285714286,0.714285714286,0.714285714286,0.714285714286,0.714285714286,0.714285714286,0.357142857143,

 Time(s), Error (-) on vertices
34.5393659071,0.0,266004.432519,34446.4127338,4929.92808851,926.244417503,247.571919322,80.2976480987,28.067442064,10.1710622847,3.77016248007,1.42025851679,0.541616148945,0.208543911121,0.080924705637,0.0316046226575,0.0124095845599,0.00489499892467,0.00193847714183,0.000770298666061,0.000307019674614,0.000122696286526,4.91505965774e-05,1.9731111741e-05,7.93613703088e-06,3.19760527928e-06,1.29040211249e-06,5.2150946173e-07,
69.0787318143,1.0,0.278457318959,0.0872644084322,0.0294178163699,0.010378473222,0.00377318994437,0.0014010386394,0.000528392233954,0.000201675130318,7.77055653425e-05,3.01701081401e-05,1.17882496387e-05,4.63052295701e-06,1.82716115335e-06,7.23799380228e-07,
103.618097721,1.0,0.226056789745,0.0579362476392,0.0163606325766,0.00495372254526,0.00157682779248,0.000520791438865,0.000176919661017,6.14486861865e-05,2.17277478008e-05,7.79676079686e-06,2.8325358459e-06,1.03990972097e-06,3.85247811886e-07,
138.157463629,1.0,0.0917520482857,0.0154942681104,0.00322004658797,0.00075007974191,0.000188352058799,4.99106474957e-05,1.37739494563e-05,3.92429086815e-06,1.1471739099e-06,3.4253828444e-07,
172.696829536,1.0,0.129660237191,0.0220418390223,0.00409155172109,0.00079570423167,0.000159517954792,3.27323867784e-05,6.84886167743e-06,1.45710218326e-06,3.143938689e-07,
207.236195443,1.0,0.274291195741,0.0867036029229,0.0291045591631,0.0101219574716,0.00360532928741,0.0013072074543,0.000480787820452,0.000178986699419,6.73346757251e-05,2.55618175185e-05,9.77915215397e-06,3.76548032282e-06,1.45762570414e-06,5.66671401815e-07,
241.77556135,1.0,0.217511792681,0.0542851629547,0.0143530590081,0.00392702503387,0.00109999632339,0.000313729324085,9.0825095249e-05,2.66316942448e-05,7.89439352666e-06,2.36153898999e-06,7.11708896841e-07,
276.314927257,1.0,0.15473129853,0.0278795013731,0.00533390588638,0.00105724756426,0.000214910514526,4.45811064457e-05,9.40613592219e-06,2.01248966737e-06,4.35382861035e-07,
310.854293164,1.0,0.0889995128146,0.00972115011375,0.00114105965243,0.000140044359434,1.78211102099e-05,2.33754219398e-06,3.15182440681e-07,
345.393659071,1.0,0.0358675881066,0.00247369535445,0.000268195644125,3.69366619766e-05,5.84457571221e-06,1.01709661678e-06,1.90683348511e-07,
379.933024978,1.0,0.0746783860593,0.00730198318575,0.000891267675489,0.000128098422095,2.07717435497e-05,3.69434653777e-06,7.07086169125e-07,
414.472390886,1.0,0.0387097853687,0.00306560156198,0.000327802946547,4.2340699338e-05,6.24056643773e-06,1.01745258742e-06,1.79445711409e-07,
449.011756793,1.0,0.0325133876967,0.00163069179021,0.000124155574383,1.32581432854e-05,1.76080332551e-06,2.63740348376e-07,
483.5511227,1.0,0.065066446719,0.00502827051138,0.00041831583691,3.67294914513e-05,3.34031004403e-06,3.11408287184e-07,
518.090488607,1.0,0.0483700630953,0.00288521832587,0.000190720880941,1.35741489438e-05,1.05132441874e-06,9.58763002312e-08,
552.629854514,1.0,0.03274879033,0.00145682768811,8.26011550402e-05,6.16168698204e-06,6.39947718452e-07,
587.169220421,1.0,0.0219624693784,0.000999793379886,7.31007683889e-05,7.213028312e-06,8.24872591327e-07,
621.708586328,1.0,0.0262134349738,0.00102213723445,5.53269540132e-05,4.403995384e-06,4.57569967207e-07,
656.247952236,1.0,0.0341269963762,0.00150316773269,7.61096579722e-05,4.30082941201e-06,3.04314158374e-07,
690.787318143,1.0,0.0436967797041,0.00231107063809,0.000134621944855,8.16437489649e-06,5.08160070484e-07,
725.32668405,1.0,0.0397672331653,0.00194283146537,0.000104748645568,5.86630183391e-06,3.40174479869e-07,
759.866049957,1.0,0.0358074769254,0.00160712221643,7.9519841386e-05,4.10218478337e-06,2.25663828412e-07,
794.405415864,1.0,0.0318530974433,0.00130600460219,5.87231980213e-05,2.80834080408e-06,1.54834164946e-07,
828.944781771,1.0,0.0279517180354,0.00104145457227,4.22027805397e-05,1.92791875944e-06,1.17770857923e-07,
863.484147678,1.0,0.0241736923279,0.000815789259232,2.99587491986e-05,1.40815987919e-06,1.02499242385e-07,
898.023513585,1.0,0.0206318156527,0.00063246705837,2.22248176645e-05,1.18019054469e-06,9.77721731172e-08,
932.562879493,1.0,0.0175158507994,0.000497307222702,1.90742083931e-05,1.14610872645e-06,9.74525457106e-08,
967.1022454,1.0,0.0151379817299,0.000418644201779,1.94125855463e-05,1.22087071154e-06,1.00000014985e-07,
1001.64161131,1.0,0.0162525959065,0.000422965424809,1.62305660906e-05,9.25900174752e-07,
1036.18097721,1.0,0.0179101663726,0.00046750603433,1.50095309247e-05,7.20207683425e-07,
1070.72034312,1.0,0.019963532346,0.000546165506179,1.61545530715e-05,6.1831384823e-07,
1105.25970903,1.0,0.0222939263703,0.000651994926002,1.95849041711e-05,6.49420706057e-07,
1139.79907494,1.0,0.0215302357193,0.000603738037611,1.74554211238e-05,5.64344466159e-07,
1174.33844084,1.0,0.0207544160018,0.000556126442498,1.54881904838e-05,4.92417766322e-07,
1208.87780675,1.0,0.0199668826246,0.000509370107561,1.36855650344e-05,4.32731469614e-07,
1243.41717266,1.0,0.0191682996754,0.000463694110864,1.20491447432e-05,3.84252577931e-07,
1277.95653856,1.0,0.0183596458655,0.000419341934276,1.0579545925e-05,3.45770723813e-07,
1312.49590447,1.0,0.0175422882886,0.000376581571609,9.27616372231e-06,3.15882676171e-07,
1347.03527038,1.0,0.0167180689792,0.00033571567062,8.13689866471e-06,2.93043810945e-07,
1381.57463629,1.0,0.0158894109301,0.000297097439668,7.15784651714e-06,2.75677875413e-07,
1416.11400219,1.0,0.0150594522144,0.000261154314614,6.33299302322e-06,2.62314039194e-07,
1450.6533681,1.0,0.0142322191157,0.000228420339059,5.65402696722e-06,2.51697399122e-07,
1485.19273401,1.0,0.0134128513239,0.00019957262339,5.11047720404e-06,2.4284844285e-07,
1519.73209991,1.0,0.0126078932219,0.000175450021867,4.69037993688e-06,2.3507126885e-07,
1554.27146582,1.0,0.0118256624369,0.000156996113849,4.38153655421e-06,2.27925756453e-07,
1588.81083173,1.0,0.0110766946103,0.000145036399622,4.17310781058e-06,2.21188007626e-07,
1623.35019764,1.0,0.0103742312028,0.000139877867248,4.05697459349e-06,2.14813106383e-07,
1657.88956354,1.0,0.00973464877717,0.000140981519723,4.02825525595e-06,2.08904459803e-07,
1692.42892945,1.0,0.00917760779306,0.00014706657189,4.08469365834e-06,2.03696194185e-07,
1726.96829536,1.0,0.00872553871655,0.000156592201939,4.22517742959e-06,1.99539832649e-07,
1761.50766126,1.0,0.00840198452606,0.000168201022027,4.4480755993e-06,1.96891983192e-07,
1796.04702717,1.0,0.00822852189542,0.000180903789853,4.75011004697e-06,1.96290853984e-07,
1830.58639308,1.0,0.00822072330399,0.000194075548227,5.12608328375e-06,1.9831390052e-07,
1865.12575899,1.0,0.00779413194804,0.000177063392944,4.53148733471e-06,1.71158050693e-07,
1899.66512489,1.0,0.00745469048977,0.000161292083997,3.99790321694e-06,1.47518437124e-07,
1934.2044908,1.0,0.00721093877582,0.000146736271092,3.51968790276e-06,1.26965053696e-07,
1968.74385671,1.0,0.0070691158437,0.000133408695013,3.09176953426e-06,1.09118776884e-07,
2003.28322261,1.0,0.00703189677354,0.000121373875658,2.70967094536e-06,9.36451117415e-08,
2037.82258852,1.0,0.00709765472629,0.000110764082156,2.36960768849e-06,8.02488691655e-08,
2072.36195443,1.0,0.00726057760722,0.000101793777608,2.06869619631e-06,6.8670824029e-08,
2106.90132034,1.0,0.00751160739362,9.47627844024e-05,1.8053346327e-06,5.86852464312e-08,
2141.44068624,1.0,0.0078398260504,9.00309502129e-05,1.57981415254e-06,5.00979120121e-08,
2175.98005215,1.0,0.0082338189564,8.79479269837e-05,1.39515119176e-06,4.27491291786e-08,
2210.51941806,1.0,0.00868270093753,8.87476362366e-05,1.25783214091e-06,3.65201615205e-08,
2245.05878396,1.0,0.0091767167163,9.2461936314e-05,1.17745692606e-06,3.13480514183e-08,
2279.59814987,1.0,0.00970748306478,9.89157381746e-05,1.1637788515e-06,2.72469997359e-08,
2314.13751578,1.0,0.0102679937001,0.000107803601257,1.22162627004e-06,2.43342750785e-08,
2348.67688169,1.0,0.0108524968071,0.000118787339391,1.34820102091e-06,2.28224597863e-08,
2383.21624759,1.0,0.011456321493,0.000131562747358,1.53576366581e-06,2.29425070265e-08,
2417.7556135,1.0,0.0111411696279,0.000124642025592,1.42051520711e-06,2.08372862367e-08,
2452.29497941,1.0,0.0108238563711,0.000117937113192,1.31404657784e-06,1.89710985635e-08,
2486.83434531,1.0,0.0105045907879,0.000111453737254,1.21634232892e-06,1.73359667835e-08,
2521.37371122,1.0,0.0101835690403,0.000105197543526,1.12738555964e-06,1.59249920832e-08,
2555.91307713,1.0,0.00986097547512,9.91741463636e-05,1.04714872073e-06,1.47306224075e-08,
2590.45244304,1.0,0.00953698375116,9.33891628805e-05,9.75578576686e-07,
2624.99180894,1.0,0.00968079241061,9.56674070937e-05,9.93344678569e-07,
2659.53117485,1.0,0.00959077282053,9.393563478e-05,9.67504403881e-07,
2694.07054076,1.0,0.00950082620585,9.22186901777e-05,9.42294695434e-07,
2728.60990666,1.0,0.00941096802353,9.05168761358e-05,9.17673078824e-07,
2763.14927257,1.0,0.00932121137665,8.88304669456e-05,8.9360148836e-07,
2797.68863848,1.0,0.00923156723869,8.71597162628e-05,8.70051827939e-07,
2832.22800439,1.0,0.00914204466705,8.55048505499e-05,8.46998302992e-07,
2866.76737029,1.0,0.00905265099648,8.3866074178e-05,8.24422596227e-07,
2901.3067362,1.0,0.00896339201929,8.22435642812e-05,8.02306448212e-07,
2935.84610211,1.0,0.00887427215492,8.0637476158e-05,7.80636517204e-07,
2970.38546801,1.0,0.00878529460164,7.90479438765e-05,7.59401441202e-07,
3004.92483392,1.0,0.00869646147807,7.74750801354e-05,7.38591365769e-07,
3039.46419983,1.0,0.00860777395251,7.5918976823e-05,7.18197351436e-07,
3074.00356573,1.0,0.00851923235981,7.43797104834e-05,6.9821215217e-07,
3108.54293164,1.0,0.00843083630694,7.285733922e-05,6.78629204137e-07,
3143.08229755,1.0,0.00834258477163,7.13519085629e-05,6.59443564044e-07,
3177.62166346,1.0,0.00825447618796,6.98634457941e-05,6.4064804e-07,
3212.16102936,1.0,0.008166508526,6.83919722238e-05,6.22239911292e-07,
3246.70039527,1.0,0.00807867936131,6.69374938107e-05,6.0421303748e-07,
3281.23976118,1.0,0.00799098593765,6.55000052808e-05,5.86564860408e-07,
3315.77912708,1.0,0.00790342523195,6.40794974266e-05,5.69289003502e-07,
3350.31849299,1.0,0.00781599399185,6.26759499267e-05,5.52383351618e-07,
3384.8578589,1.0,0.00772868879099,6.12893350122e-05,5.35841889461e-07,
3419.39722481,1.0,0.00764150606314,5.99196222094e-05,5.1966255983e-07,
3453.93659071,1.0,0.0075544421465,5.8566774452e-05,5.03841020269e-07,
3488.47595662,1.0,0.007467493298,5.72307486163e-05,4.88373781082e-07,
3523.01532253,1.0,0.00738065574162,5.59115001636e-05,4.73256469492e-07,
3557.55468843,1.0,0.00729392567401,5.46089792031e-05,4.58484961835e-07,
3592.09405434,1.0,0.00720729929874,5.33231353567e-05,4.44056576919e-07,
3626.63342025,1.0,0.00712077283653,5.20539164608e-05,4.29966269427e-07,
3661.17278616,1.0,0.0070343425409,5.08012652375e-05,4.16211400092e-07,
3695.71215206,1.0,0.00694800471763,4.95651275527e-05,4.02786826223e-07,
3730.25151797,1.0,0.00686175572997,4.83454439865e-05,3.89689567632e-07,
3764.79088388,1.0,0.00677559200946,4.71421611576e-05,3.76915964635e-07,
3799.33024978,1.0,0.00668951006626,4.59552176694e-05,3.6446149901e-07,
3833.86961569,1.0,0.00660350649393,4.47845585431e-05,3.52321601122e-07,
3868.4089816,1.0,0.00651757796975,4.36301246985e-05,3.40494588143e-07,
3902.94834751,1.0,0.00643172126864,4.24918582826e-05,3.28974815458e-07,
3937.48771341,1.0,0.00634593325907,4.13697034438e-05,3.17757178321e-07,
3972.02707932,1.0,0.00626021090638,4.02636060937e-05,3.06840955849e-07,
4006.56644523,1.0,0.00617455127564,3.91735096847e-05,2.96218842061e-07,
4041.10581113,1.0,0.00608895153086,3.80993614771e-05,2.8588947521e-07,
4075.64517704,1.0,0.00600340893654,3.70411068564e-05,2.75847294019e-07,
4110.18454295,1.0,0.00591792085622,3.59986959e-05,2.66088476712e-07,
4144.72390886,1.0,0.00583248475378,3.49720791139e-05,2.56608606844e-07,
4179.26327476,1.0,0.00574709818436,3.39612043075e-05,2.47403990655e-07,
4213.80264067,1.0,0.00566175880783,3.29660277284e-05,2.38472452794e-07,
4248.34200658,1.0,0.00557646437189,3.19864991435e-05,2.29807238555e-07,
4282.88137248,1.0,0.00549121272097,3.10225780196e-05,2.21404563944e-07,
4317.42073839,1.0,0.00540600178407,3.00742179969e-05,2.13261868612e-07,
4351.9601043,1.0,0.0053208295843,2.91413758767e-05,2.05372488663e-07,
4386.49947021,1.0,0.00523569422635,2.82240148411e-05,1.97736431267e-07,
4421.03883611,1.0,0.00515059389696,2.73220949971e-05,1.90345553976e-07,
4455.57820202,1.0,0.00506552687066,2.64355780364e-05,1.83197630476e-07,
4490.11756793,1.0,0.00498049149135,2.55644301711e-05,1.76287513978e-07,
4524.65693383,1.0,0.00489548618137,2.47086128317e-05,1.69611259349e-07,
4559.19629974,1.0,0.00481050943728,2.38680981481e-05,1.63165833644e-07,
4593.73566565,1.0,0.00472555982387,2.30428522353e-05,1.56945826348e-07,
4628.27503156,1.0,0.00464063597654,2.22328485231e-05,1.5094646155e-07,
4662.81439746,1.0,0.00455573658948,2.14380548225e-05,1.45164937414e-07,
4697.35376337,1.0,0.00447086042748,2.06584461703e-05,1.3959496506e-07,
4731.89312928,1.0,0.00438600631034,1.98940005033e-05,1.3423288949e-07,
4766.43249518,1.0,0.00430117311685,1.91446946574e-05,1.29075143151e-07,
4800.97186109,1.0,0.0042163597819,1.84105005637e-05,1.24115528399e-07,
4835.511227,1.0,0.00413156529358,1.7691407287e-05,1.19351133711e-07,
4870.05059291,1.0,0.00404678868979,1.69873920968e-05,1.14775869304e-07,
4904.58995881,1.0,0.00396202905702,1.62984394438e-05,1.1038626194e-07,
4939.12932472,1.0,0.00387728553278,1.56245357774e-05,1.06175297526e-07,
4973.66869063,1.0,0.00379255729469,1.4965668303e-05,1.02139925227e-07,
5008.20805653,1.0,0.00370784356692,1.43218275674e-05,9.82758986977e-08,
5042.74742244,1.0,0.00362314361122,1.36930050991e-05,9.45771281478e-08,
5077.28678835,1.0,0.00353845673457,1.30791956709e-05,9.10381935229e-08,
5111.82615426,1.0,0.00345378227812,1.24803951226e-05,8.76546155607e-08,
5146.36552016,1.0,0.00336911961968,1.18966032501e-05,8.4421106069e-08,
5180.90488607,1.0,0.00328446817261,1.13278201699e-05,8.13315463888e-08,
5215.44425198,1.0,0.00319982738384,1.07740525367e-05,7.83820231511e-08,
5249.98361788,1.0,0.00311519673685,1.02353074674e-05,7.55665920234e-08,
5284.52298379,1.0,0.00303057574316,9.71159840845e-06,7.28798489964e-08,
5319.0623497,1.0,0.00294596394429,9.20293989083e-06,7.03159604795e-08,
5353.60171561,1.0,0.00286136091382,8.70935036926e-06,6.78703301317e-08,
5388.14108151,1.0,0.00277676625617,8.23085687705e-06,6.55366984258e-08,
5422.68044742,1.0,0.0026921796022,7.76748784554e-06,6.33107440368e-08,
5457.21981333,1.0,0.002607600614,7.31928258075e-06,6.11864552111e-08,
5491.75917923,1.0,0.00252302897878,6.88627999053e-06,5.91587713858e-08,
5526.29854514,1.0,0.00243846441751,6.46853327368e-06,5.72224868295e-08,
5560.83791105,1.0,0.00235390667617,6.06609931365e-06,5.53731140783e-08,
5595.37727696,1.0,0.00226935553591,5.67904783827e-06,5.36049902947e-08,
5629.91664286,1.0,0.00218481081011,5.30745383608e-06,5.19136757565e-08,
5664.45600877,1.0,0.00210027234478,4.95140935375e-06,5.02946573828e-08,
5698.99537468,1.0,0.00201574002511,4.6110167139e-06,4.87429437891e-08,
5733.53474058,1.0,0.0019312137763,4.28638883044e-06,4.72551101126e-08,
5768.07410649,1.0,0.00184669357636,3.97765674757e-06,4.58264638983e-08,
5802.6134724,1.0,0.00176217945411,3.6849626626e-06,4.44537469458e-08,
5837.15283831,1.0,0.00167767150466,3.40846694521e-06,4.3132561965e-08,
5871.69220421,1.0,0.00159316990264,3.14833106956e-06,4.18604429208e-08,
5906.23157012,1.0,0.00150867491398,2.90472669875e-06,4.06335888819e-08,
5940.77093603,1.0,0.00142418693241,2.67782496817e-06,3.94494165788e-08,
5975.31030193,1.0,0.00133970650293,2.46777300976e-06,3.8305597029e-08,
6009.84966784,1.0,0.00125523438061,2.27469032568e-06,3.71987173132e-08,
6044.38903375,1.0,0.00117077158623,2.09862210955e-06,3.61273749608e-08,
6078.92839966,1.0,0.00108631951609,1.93950949778e-06,3.50897871976e-08,
6113.46776556,1.0,0.00100188010556,1.79715299172e-06,3.40830861331e-08,
6148.00713147,1.0,0.000917456053074,1.6711437223e-06,3.31069598359e-08,
6182.54649738,1.0,0.000833051209074,1.56082238687e-06,3.21588901047e-08,
6217.08586328,1.0,0.000748671235712,1.46524937009e-06,3.12379865233e-08,
6251.62522919,1.0,0.000664324721961,1.38317471677e-06,3.03432744783e-08,
6286.1645951,1.0,0.000580025332593,1.31307765088e-06,2.94741770002e-08,
6320.70396101,1.0,0.000495796085906,1.25321715531e-06,2.86290070363e-08,
6355.24332691,1.0,0.000411678901167,1.2017323381e-06,2.78073371937e-08,
6389.78269282,1.0,0.000327758749737,1.15675886284e-06,2.70079381898e-08,
6424.32205873,1.0,0.000244237168816,1.11654692837e-06,2.62309512034e-08,
6458.86142463,1.0,0.000161730537635,1.07958491527e-06,2.54756594302e-08,
6493.40079054,1.0,8.33068248962e-05,1.04469800581e-06,2.47409763764e-08,
6527.94015645,1.0,4.47318634031e-05,1.01114401728e-06,2.40269431081e-08,
6562.47952236,1.0,0.000106484361043,9.78704383828e-07,
6597.01888826,1.0,0.000186958357902,9.47781497795e-07,
6631.55825417,1.0,0.000269896211658,9.19495707281e-07,
6666.09762008,1.0,0.000353567636903,8.95784424256e-07,
6700.63698598,1.0,0.00043755151787,8.7944058126e-07,
6735.17635189,1.0,0.000521696610108,8.7402445977e-07,
6769.7157178,1.0,0.000605935465183,8.83549190685e-07,
6804.25508371,1.0,0.000563695125167,8.3317249519e-07,
6838.79444961,1.0,0.00052145990568,7.86628148219e-07,
6873.33381552,1.0,0.000479230596804,7.43743545525e-07,
6907.87318143,1.0,0.000437008339451,7.04316658106e-07,
6942.41254733,1.0,0.000394794818291,6.68120253372e-07,
6976.95191324,1.0,0.000352592566998,6.34899816383e-07,
7011.49127915,1.0,0.000310405546452,6.04383504831e-07,
7046.03064506,1.0,0.000268240263511,5.76285006424e-07,
7080.57001096,1.0,0.000226108147364,5.50307303731e-07,
7115.10937687,1.0,0.000184031131487,5.2615912987e-07,
7149.64874278,1.0,0.000142057172304,5.03562479732e-07,
7184.18810868,1.0,0.000100314404742,4.82260462754e-07,
7218.72747459,1.0,5.92910588663e-05,4.6203723666e-07,
7253.2668405,1.0,2.31810901468e-05,4.42727898145e-07,
7287.80620641,1.0,3.3594190587e-05,4.24234516281e-07,
7322.34557231,1.0,7.2724516287e-05,4.06540000259e-07,
7356.88493822,1.0,0.000114096623792,3.89731716108e-07,
7391.42430413,1.0,0.000155935737717,3.74019530375e-07,
7425.96367003,1.0,0.00019794556531,3.59759078658e-07,
7460.50303594,1.0,0.000240036192312,3.47469408349e-07,
7495.04240185,1.0,0.000282171220232,3.37836495421e-07,
7529.58176776,1.0,0.000324333163503,3.31699882632e-07,
7564.12113366,1.0,0.000366512569515,3.29987309076e-07,
7598.66049957,1.0,0.000408703902928,3.33613662225e-07,
7633.19986548,1.0,0.00038758414228,3.16103164623e-07,
7667.73923138,1.0,0.000366465000523,2.99644619385e-07,
7702.27859729,1.0,0.000345346509869,2.84211048467e-07,
7736.8179632,1.0,0.00032422871068,2.6978157315e-07,
7771.35732911,1.0,0.00030311165921,2.56317868128e-07,
7805.89669501,1.0,0.00028199544091,2.43785788192e-07,
7840.43606092,1.0,0.000260880173853,2.3214383201e-07,
7874.97542683,1.0,0.000239766024392,2.2134492099e-07,
7909.51479273,1.0,0.000218653228043,2.11334769306e-07,
7944.05415864,1.0,0.000197542131865,2.02059374436e-07,
7978.59352455,1.0,0.000176433261111,1.93454813018e-07,
8013.13289046,1.0,0.00015532741418,1.85457078166e-07,
8047.67225636,1.0,0.000134225929575,1.78003959639e-07,
8082.21162227,1.0,0.000113131133649,1.71027724559e-07,
8116.75098818,1.0,9.20474944827e-05,1.64466201855e-07,
8151.29035408,1.0,7.09848068141e-05,1.5826012879e-07,
8185.82971999,1.0,4.99693748499e-05,1.52356251997e-07,
8220.3690859,1.0,2.91034391456e-05,1.4670897114e-07,
8254.90845181,1.0,9.43615781735e-06,1.41285149488e-07,
8289.44781771,1.0,1.49337217811e-05,1.36064083525e-07,
8323.98718362,1.0,3.53400752373e-05,1.31040879213e-07,
8358.52654953,1.0,5.62738174034e-05,1.2623139722e-07,
8393.06591543,1.0,7.73076306133e-05,1.21673410804e-07,
8427.60528134,1.0,9.83772849188e-05,1.17434378853e-07,
8462.14464725,1.0,0.000119463784125,1.13607994896e-07,
8496.68401316,1.0,0.000140559511591,1.10323690407e-07,
8531.22337906,1.0,0.000161660829307,1.07744573169e-07,
8565.76274497,1.0,0.000182765779236,1.06059973785e-07,
8600.30211088,1.0,0.000203873218025,1.0547316054e-07,
8634.84147678,1.0,0.000224982427909,1.06194841162e-07,
8669.38084269,1.0,0.000214423542826,1.00777473322e-07,
8703.9202086,1.0,0.000203864766132,9.56503809077e-08,
8738.4595745,1.0,0.000193306103023,9.08042720588e-08,
8772.99894041,1.0,0.000182747554443,8.62325619459e-08,
8807.53830632,1.0,0.000172189120193,8.19286914024e-08,
8842.07767223,1.0,0.000161630813213,7.78802626509e-08,
8876.61703813,1.0,0.000151072641475,7.40832705125e-08,
8911.15640404,1.0,0.000140514616246,7.05267329323e-08,
8945.69576995,1.0,0.000129956755732,6.71987871209e-08,
8980.23513585,1.0,0.000119399087142,6.40876638728e-08,
9014.77450176,1.0,0.000108841644761,6.11819829036e-08,
9049.31386767,1.0,9.82845015725e-05,5.84631026831e-08,
9083.85323358,1.0,8.77277225433e-05,5.5922610169e-08,
9118.39259948,1.0,7.71714544474e-05,5.35426288919e-08,
9152.93196539,1.0,6.66159114546e-05,5.13084162511e-08,
9187.4713313,1.0,5.60614875453e-05,4.92042486577e-08,
9222.0106972,1.0,4.55089202692e-05,4.72164454959e-08,
9256.55006311,1.0,3.49598829916e-05,4.53302152572e-08,
9291.08942902,1.0,2.44188777199e-05,4.35341160706e-08,
9325.62879493,1.0,1.3904150814e-05,4.18169059938e-08,
9360.16816083,1.0,3.65000049158e-06,4.01698142276e-08,
9394.70752674,1.0,7.50142863696e-06,3.858809743e-08,
9429.24689265,1.0,1.79491116186e-05,3.70705944106e-08,
9463.78625855,1.0,2.84783887045e-05,3.56193221003e-08,
9498.32562446,1.0,3.90232459426e-05,3.424240803e-08,
9532.86499037,1.0,4.95737315194e-05,3.29534532724e-08,
9567.40435628,1.0,6.01268780397e-05,3.1774065904e-08,
9601.94372218,1.0,7.06814850999e-05,3.07338417113e-08,
9636.48308809,1.0,8.12369682437e-05,2.98683244125e-08,
9671.022454,1.0,9.1793030884e-05,2.92257278082e-08,
9705.5618199,1.0,0.000102349481737,2.88499905852e-08,
9740.10118581,1.0,0.000112906207983,2.88012801973e-08,
9774.64055172,1.0,0.000123463137918,2.91154854642e-08,
9809.17991763,1.0,0.000118184114996,2.76490183379e-08,
9843.71928353,1.0,0.000112905099488,2.62534657763e-08,
9878.25864944,1.0,0.000107626092587,2.4929083887e-08,
9912.79801535,1.0,0.000102347105729,2.36737164207e-08,
9947.33738125,1.0,9.7068130629e-05,2.24903799522e-08,
9981.87674716,1.0,9.17891665011e-05,2.13756846136e-08,
10016.4161131,1.0,8.65102121789e-05,2.0318563241e-08,
10050.955479,1.0,8.12312749545e-05,1.93317119968e-08,
10085.4948449,1.0,7.59523544248e-05,1.84049064048e-08,
10120.0342108,1.0,7.06734485655e-05,1.7538364321e-08,
10154.5735767,1.0,6.53945623916e-05,1.67263931932e-08,
10189.1129426,1.0,6.0115699953e-05,1.5965003807e-08,
10223.6523085,1.0,5.48368689621e-05,1.52582791195e-08,
10258.1916744,1.0,4.95580654358e-05,1.45963462553e-08,
10292.7310403,1.0,4.42793109339e-05,1.39771862986e-08,
10327.2704062,1.0,3.90006136404e-05,1.33972165767e-08,
10361.8097721,1.0,3.37220061795e-05,1.28538544816e-08,
10396.349138,1.0,2.84435338538e-05,1.23418491559e-08,
10430.888504,1.0,2.31652890904e-05,1.18570845744e-08,
10465.4278699,1.0,1.78874554433e-05,1.13977818435e-08,
10499.9672358,1.0,1.26105815575e-05,1.09588888481e-08,
10534.5066017,1.0,7.3366794075e-06,1.05399387856e-08,
10569.0459676,1.0,2.08843532046e-06,1.01372060954e-08,
10603.5853335,1.0,3.26049321939e-06,9.75039488857e-09,
10638.1246994,1.0,8.52258649601e-06,9.37790477304e-09,
10672.6640653,1.0,1.37975609533e-05,9.02207028707e-09,
10707.2034312,1.0,1.90747229666e-05,8.68499674004e-09,
10741.7427971,1.0,2.43526570522e-05,8.36589894051e-09,
10776.282163,1.0,2.96309477724e-05,8.07497980616e-09,
10810.8215289,1.0,3.49094316885e-05,7.81625186721e-09,
10845.3608948,1.0,4.01880344759e-05,7.59947438822e-09,
10879.9002607,1.0,4.54667026175e-05,7.43765489747e-09,
10914.4396267,1.0,5.07454354639e-05,7.33538983261e-09,
10948.9789926,1.0,5.60242026927e-05,7.31464264791e-09,
10983.5183585,1.0,6.13030000262e-05,7.38191196933e-09,
11018.0577244,1.0,5.86635250605e-05,7.01089235743e-09,
11052.5970903,1.0,5.60240573953e-05,6.65979336777e-09,
11087.1364562,1.0,5.33845914956e-05,6.32245529413e-09,
11121.6758221,1.0,5.07451254121e-05,6.00724517607e-09,
11156.215188,1.0,4.81056663557e-05,5.70480934717e-09,
11190.7545539,1.0,4.54662040596e-05,5.42290582437e-09,
11225.2939198,1.0,4.28267488344e-05,5.15312879588e-09,
11259.8332857,1.0,4.01872949951e-05,4.90238689348e-09,
11294.3726516,1.0,3.75478342307e-05,4.6707901836e-09,
11328.9120175,1.0,3.4908381717e-05,4.45017303978e-09,
11363.4513834,1.0,3.22689312935e-05,4.24456206243e-09,
11397.9907494,1.0,2.96294895929e-05,4.04981949286e-09,
11432.5301153,1.0,2.69900462821e-05,3.8703798371e-09,
11467.0694812,1.0,2.43506093022e-05,3.70168079125e-09,
11501.6088471,1.0,2.17111796344e-05,3.54345593506e-09,
11536.148213,1.0,1.90717640704e-05,3.39612357932e-09,
11570.6875789,1.0,1.64323496707e-05,3.25497599705e-09,
11605.2269448,1.0,1.37929609015e-05,3.1243817603e-09,
11639.7663107,1.0,1.11536029393e-05,3.00125614796e-09,
11674.3056766,1.0,8.51430359226e-06,2.88199194644e-09,
11708.8450425,1.0,5.87515507648e-06,2.77058569841e-09,
11743.3844084,1.0,3.23649247911e-06,2.66288181717e-09,
11777.9237743,1.0,6.04780417032e-07,2.55914646685e-09,
11812.4631402,1.0,2.04697063353e-06,2.46132657118e-09,
11847.0025061,1.0,4.68485063984e-06,2.36438549169e-09,
11881.5418721,1.0,7.32386503025e-06,2.27516620246e-09,
11916.081238,1.0,9.96310791978e-06,2.18757050762e-09,
11950.6206039,1.0,1.26024408268e-05,2.10612869293e-09,
11985.1599698,1.0,1.52418072384e-05,2.03176823301e-09,
12019.6993357,1.0,1.78812055768e-05,1.96900142181e-09,
12054.2387016,1.0,2.05206148283e-05,1.91291451547e-09,
12088.7780675,1.0,2.31600355915e-05,1.87482134261e-09,
12123.3174334,1.0,2.57994524123e-05,1.85047123147e-09,
12157.8567993,1.0,2.84388848785e-05,1.84229007368e-09,
12192.3961652,1.0,3.10783164891e-05,1.86484107758e-09,
12226.9355311,1.0,2.97585883913e-05,1.76704004649e-09,
12261.474897,1.0,2.84388609419e-05,1.68172733293e-09,
12296.0142629,1.0,2.71191450248e-05,1.59944129874e-09,
12330.5536288,1.0,2.57994163581e-05,1.51663075048e-09,
12365.0929948,1.0,2.44796864171e-05,1.43964517335e-09,
12399.6323607,1.0,2.31599740618e-05,1.36848006234e-09,
12434.1717266,1.0,2.18402412138e-05,1.29634286211e-09,
12468.7110925,1.0,2.05205245158e-05,1.23772935878e-09,
12503.2504584,1.0,1.92007967218e-05,1.1745138001e-09,
12537.7898243,1.0,1.78810764055e-05,1.12265131713e-09,
12572.3291902,1.0,1.65613562635e-05,1.07038134442e-09,
12606.8685561,1.0,1.52416298986e-05,1.02340725701e-09,
12641.407922,1.0,1.3921907813e-05,9.75874273946e-10,
12675.9472879,1.0,1.26021874581e-05,9.31014180234e-10,
12710.4866538,1.0,1.12824685664e-05,8.94161233582e-10,
12745.0260197,1.0,9.96274589856e-06,8.56269239538e-10,
12779.5653856,1.0,8.64303370699e-06,8.20739558978e-10,
12814.1047515,1.0,7.32331151723e-06,7.87113940077e-10,
12848.6441175,1.0,6.00360190163e-06,7.57524507787e-10,
12883.1834834,1.0,4.68389229933e-06,7.28267505785e-10,
12917.7228493,1.0,3.36419891262e-06,7.00095011827e-10,
12952.2622152,1.0,2.04454223507e-06,6.72618669418e-10,
12986.8015811,1.0,7.25130735806e-07,6.45032911792e-10,
13021.340947,1.0,5.95677201505e-07,6.20685033155e-10,
13055.8803129,1.0,1.91499322547e-06,5.97656839912e-10,
13090.4196788,1.0,3.23463705756e-06,5.73628654426e-10,
13124.9590447,1.0,4.55433268499e-06,5.52240186639e-10,
13159.4984106,1.0,5.87403748154e-06,5.31499761019e-10,
13194.0377765,1.0,7.19375036527e-06,5.12485895573e-10,
13228.5771424,1.0,8.51346267241e-06,4.97118894547e-10,
13263.1165083,1.0,9.8331829325e-06,4.82861824999e-10,
13297.6558742,1.0,1.1152905655e-05,4.68892989557e-10,
13332.1952402,1.0,1.24726264958e-05,4.63811525961e-10,
13366.7346061,1.0,1.37923522876e-05,4.58691231538e-10,
13401.273972,1.0,1.51120656934e-05,4.63900883916e-10,
13435.8133379,1.0,1.44522074048e-05,4.42628151557e-10,
13470.3527038,1.0,1.37923396536e-05,4.19784830297e-10,
13504.8920697,1.0,1.31324788717e-05,4.0015456154e-10,
13539.4314356,1.0,1.24726238927e-05,3.79110100968e-10,
13573.9708015,1.0,1.18127606833e-05,3.62405049047e-10,
13608.5101674,1.0,1.11528907598e-05,3.43906425514e-10,
13643.0495333,1.0,1.04930335072e-05,3.24662828336e-10,
13677.5888992,1.0,9.83317811979e-06,3.07975028107e-10,
13712.1282651,1.0,9.17330665245e-06,2.9965012963e-10,
13746.667631,1.0,8.51344814255e-06,2.84427737444e-10,
13781.2069969,1.0,7.8535875756e-06,2.70290498823e-10,
13815.7463629,1.0,7.1937260043e-06,2.54732261496e-10,
13850.2857288,1.0,6.53386461883e-06,2.45416404621e-10,
13884.8250947,1.0,5.87401130099e-06,2.33333397913e-10,
13919.3644606,1.0,5.21414767507e-06,2.23724892813e-10,
13953.9038265,1.0,4.55428401127e-06,2.14356832789e-10,
13988.4431924,1.0,3.89442229889e-06,2.06154377603e-10,
14022.9825583,1.0,3.23455958206e-06,1.98274267722e-10,
14057.5219242,1.0,2.57469597996e-06,1.9103387002e-10,
14092.0612901,1.0,1.914843332e-06,1.83977124211e-10,
14126.600656,1.0,1.25498879483e-06,1.75911810278e-10,
14161.1400219,1.0,5.95145731677e-07,1.69268591841e-10,
14195.6793878,1.0,6.5121256628e-08,1.63092662375e-10,
14230.2187537,1.0,7.24650914807e-07,1.59401753767e-10,
14264.7581196,1.0,1.38450396367e-06,1.51909753171e-10,
14299.2974856,1.0,2.04435897193e-06,1.46147647691e-10,
14333.8368515,1.0,2.70421144774e-06,1.39037058863e-10,
14368.3762174,1.0,3.36406698073e-06,1.32767200235e-10,
14402.9155833,1.0,4.02392744579e-06,1.29079327504e-10,
14437.4549492,1.0,4.68379487318e-06,1.2931876613e-10,
14471.9943151,1.0,4.35385898561e-06,1.19558623004e-10,
14506.533681,1.0,4.02393137363e-06,1.14394430424e-10,
14541.0730469,1.0,3.6939972695e-06,1.0950065255e-10,
14575.6124128,1.0,3.36407163619e-06,1.03287649921e-10,
14610.1517787,1.0,3.03413698876e-06,1.01728064756e-10,
14644.6911446,1.0,2.70420886255e-06,9.86547461857e-11,
14679.2305105,1.0,2.37428245086e-06,9.36812514005e-11,
14713.7698764,1.0,2.04433919742e-06,9.10534775575e-11,
14748.3092423,1.0,1.71441680303e-06,8.54754784491e-11,
14782.8486083,1.0,1.38449199854e-06,8.52321606933e-11,
14817.3879742,1.0,1.05456721315e-06,8.16743478592e-11,
14851.9273401,1.0,7.24634500544e-07,7.86543384677e-11,
14886.466706,1.0,3.94698516514e-07,7.38715813285e-11,
14921.0060719,1.0,6.48280575489e-08,7.11628471548e-11,
14955.5454378,1.0,2.65193582581e-07,6.69105921689e-11,
14990.0848037,1.0,5.95104880202e-07,6.37319656381e-11,
15024.6241696,1.0,9.25032965083e-07,6.38399678272e-11,
15059.1635355,1.0,7.60062882511e-07,6.34603130969e-11,
15093.7029014,1.0,5.95103361463e-07,6.18110936491e-11,
15128.2422673,1.0,4.30147592508e-07,5.63013105721e-11,
15162.7816332,1.0,2.65187299759e-07,5.57923045551e-11,
15197.3209991,1.0,1.0022422942e-07,5.25135253526e-11,
15231.860365,1.0,6.47929421333e-08,4.97153404186e-11,
15266.399731,1.0,2.29739554613e-07,4.67568144126e-11,
15300.9390969,1.0,3.94691634743e-07,4.46807551775e-11,
15335.4784628,1.0,5.5966343018e-07,4.75621640219e-11,
15370.0178287,1.0,4.77182815836e-07,4.30660045174e-11,
15404.5571946,1.0,3.94690925765e-07,4.02203046184e-11,
15439.0965605,1.0,3.12228339447e-07,4.13246253865e-11,
15473.6359264,1.0,3.53453520069e-07,3.73117568332e-11,
15508.1752923,1.0,3.94692187159e-07,3.4927372781e-11,
15542.7146582,1.0,4.35936582164e-07,3.71512931225e-11,
15577.2540241,1.0,4.15302531991e-07,3.31540535199e-11,
15611.79339,1.0,3.94686702647e-07,3.22781276948e-11,
15646.3327559,1.0,3.74084258193e-07,3.39647328414e-11,
15680.8721218,1.0,3.84376755789e-07,2.75332290118e-11,
15715.4114877,1.0,3.94694069912e-07,2.65677730672e-11,
15749.9508537,1.0,4.04997119361e-07,2.95209675758e-11,
15784.4902196,1.0,3.99859130826e-07,3.15464915296e-11,
15819.0295855,1.0,4.02425229702e-07,2.83785372634e-11,
15853.5689514,1.0,4.05010385936e-07,2.51421832032e-11,
15888.1083173,1.0,4.07580085105e-07,2.60552828724e-11,
15922.6476832,1.0,4.06287805207e-07,2.15136386581e-11,
15957.1870491,1.0,4.05011771436e-07,2.41332011924e-11,
15991.726415,1.0,4.05646664121e-07,2.2594871833e-11,
16026.2657809,1.0,4.06297309161e-07,1.89453495455e-11,
16060.8051468,1.0,4.06940956751e-07,2.04835523575e-11,
16095.3445127,1.0,4.066196742e-07,2.0201877876e-11,
16129.8838786,1.0,4.06293264698e-07,1.93605136029e-11,
16164.4232445,1.0,4.05968092673e-07,1.66922920553e-11,
16198.9626104,1.0,4.05641583597e-07,1.70281818562e-11,
16233.5019764,1.0,4.05807658813e-07,1.81996017257e-11,
16268.0413423,1.0,4.05726576906e-07,2.02662809524e-11,
16302.5807082,1.0,4.05762222383e-07,1.6989341133e-11,
16337.1200741,1.0,4.05805376821e-07,1.61265891929e-11,
16371.65944,1.0,4.05837139734e-07,1.56834803701e-11,
16406.1988059,1.0,4.05885171051e-07,1.39554002973e-11,
16440.7381718,1.0,4.05924532043e-07,1.21107437624e-11,
16475.2775377,1.0,4.05962606457e-07,1.16897945e-11,
16509.8169036,1.0,4.06023746292e-07,1.31804688299e-11,
16544.3562695,1.0,4.05991543122e-07,1.04148982164e-11,
16578.8956354,1.0,4.0595281915e-07,1.22464969579e-11,
16613.4350013,1.0,4.05973570081e-07,1.05694692785e-11,
16647.9743672,1.0,4.05983071281e-07,9.95898125105e-12,
16682.5137331,1.0,4.05995172444e-07,1.06886067456e-11,
16717.0530991,1.0,4.05987321286e-07,1.03725145488e-11,
16751.592465,1.0,4.05989474754e-07,1.20206396961e-11,
16786.1318309,1.0,4.05991543943e-07,8.11244288561e-12,
16820.6711968,1.0,4.05986967075e-07,1.03436894622e-11,
16855.2105627,1.0,4.05994744429e-07,1.39191229375e-11,
16889.7499286,1.0,4.05983442395e-07,7.83666997042e-12,
16924.2892945,1.0,4.05997194817e-07,1.15546951915e-11,
16958.8286604,1.0,4.0599407476e-07,9.47007020721e-12,
16993.3680263,1.0,4.05983075479e-07,8.74341076779e-12,
17027.9073922,1.0,4.06002023294e-07,1.26366992157e-11,
17062.4467581,1.0,4.05984169204e-07,9.12964485704e-12,
17096.986124,1.0,4.06005106187e-07,6.41268455851e-12,
17131.5254899,1.0,4.05988129955e-07,8.53354020675e-12,
17166.0648558,1.0,4.05995199142e-07,6.97337160066e-12,
17200.6042218,1.0,4.06006706345e-07,1.59165070048e-11,
17235.1435877,1.0,4.06002222719e-07,7.9677306405e-12,
17269.6829536,1.0,4.05988230807e-07,3.44056964568e-12,
