Coordinates:
0.0,0.714285714286,1.42857142857,2.14285714286,2.85714285714,3.57142857143,4.28571428571,5.0,5.71428571429,6.42857142857,7.14285714286,7.85714285714,8.57142857143,9.28571428571,10.0,
Volumes:
0.357142857143,0.714285714286,0.714285714286,0.714285714286,0.714285714286,0.714285714286,0.714285714286,0.714285714286,0.714285714286,0.714285714286,0.714285714286,0.714285714286,0.714285714286,0.714285714286,0.357142857143,

 Time(s), delta (-) on vertices
1.0,1.0,
2.0,1.0,
3.0,1.0,
4.0,1.0,
5.0,1.0,
6.0,1.2,
7.0,1.4,
8.0,1.6,
9.0,1.8,
10.0,2.0,
11.0,2.2,
12.0,2.4,
13.0,2.6,
14.0,2.8,
15.0,3.0,
16.0,3.2,
17.0,3.4,
18.0,3.6,
19.0,3.8,
20.0,4.0,
21.0,3.9,
22.0,3.8,
23.0,3.7,
24.0,3.75,
25.0,3.8,
26.0,3.85,
27.0,3.825,
28.0,3.8,
29.0,3.775,
30.0,3.75,
31.0,3.725,
32.0,3.7,
33.0,3.675,
34.0,3.65,
35.0,3.625,
36.0,3.6,
37.0,3.575,
38.0,3.55,
39.0,3.525,
40.0,3.5,
41.0,3.5125,
42.0,3.525,
43.0,3.5375,
44.0,3.55,
45.0,3.5625,
46.0,3.575,
47.0,3.5875,
48.0,3.6,
49.0,3.6125,
50.0,3.625,
51.0,3.6375,
52.0,3.65,
53.0,3.6625,
54.0,3.675,
55.0,3.66875,
56.0,3.6625,
57.0,3.65625,
58.0,3.65,
59.0,3.64375,
60.0,3.6375,
61.0,3.63125,
62.0,3.625,
63.0,3.61875,
64.0,3.6125,
65.0,3.60625,
66.0,3.6,
67.0,3.59375,
68.0,3.5875,
69.0,3.58125,
70.0,3.575,
71.0,3.56875,
72.0,3.5625,
73.0,3.55625,
74.0,3.55,
75.0,3.54375,
76.0,3.5375,
77.0,3.53125,
78.0,3.525,
79.0,3.51875,
80.0,3.5125,
81.0,3.50625,
82.0,3.5,
83.0,3.49375,
84.0,3.4875,
85.0,3.48125,
86.0,3.475,
87.0,3.46875,
88.0,3.4625,
89.0,3.45625,
90.0,3.45,
91.0,3.44375,
92.0,3.4375,
93.0,3.43125,
94.0,3.425,
95.0,3.41875,
96.0,3.4125,
97.0,3.40625,
98.0,3.4,
99.0,3.39375,
100.0,3.3875,
101.0,3.38125,
102.0,3.375,
103.0,3.36875,
104.0,3.3625,
105.0,3.35625,
106.0,3.35,
107.0,3.34375,
108.0,3.3375,
109.0,3.33125,
110.0,3.325,
111.0,3.31875,
112.0,3.3125,
113.0,3.30625,
114.0,3.3,
115.0,3.29375,
116.0,3.2875,
117.0,3.28125,
118.0,3.275,
119.0,3.26875,
120.0,3.2625,
121.0,3.25625,
122.0,3.25,
123.0,3.24375,
124.0,3.2375,
125.0,3.23125,
126.0,3.225,
127.0,3.21875,
128.0,3.2125,
129.0,3.20625,
130.0,3.2,
131.0,3.19375,
132.0,3.1875,
133.0,3.18125,
134.0,3.175,
135.0,3.16875,
136.0,3.1625,
137.0,3.15625,
138.0,3.15,
139.0,3.14375,
140.0,3.1375,
141.0,3.13125,
142.0,3.125,
143.0,3.11875,
144.0,3.1125,
145.0,3.10625,
146.0,3.1,
147.0,3.09375,
148.0,3.0875,
149.0,3.08125,
150.0,3.075,
151.0,3.06875,
152.0,3.0625,
153.0,3.05625,
154.0,3.05,
155.0,3.04375,
156.0,3.046875,
157.0,3.0453125,
158.0,3.04375,
159.0,3.0421875,
160.0,3.040625,
161.0,3.0390625,
162.0,3.0375,
163.0,3.0359375,
164.0,3.034375,
165.0,3.0328125,
166.0,3.03125,
167.0,3.0296875,
168.0,3.028125,
169.0,3.0265625,
170.0,3.025,
171.0,3.0234375,
172.0,3.021875,
173.0,3.0203125,
174.0,3.01875,
175.0,3.0171875,
176.0,3.015625,
177.0,3.0140625,
178.0,3.0125,
179.0,3.0109375,
180.0,3.009375,
181.0,3.0078125,
182.0,3.00625,
183.0,3.0046875,
184.0,3.003125,
185.0,3.0015625,
186.0,3.0,
187.0,2.9984375,
188.0,2.996875,
189.0,2.9953125,
190.0,2.99375,
191.0,2.9921875,
192.0,2.990625,
193.0,2.9890625,
194.0,2.9875,
195.0,2.9859375,
196.0,2.984375,
197.0,2.9828125,
198.0,2.98125,
199.0,2.9796875,
200.0,2.978125,
201.0,2.9765625,
202.0,2.975,
203.0,2.9734375,
204.0,2.971875,
205.0,2.9703125,
206.0,2.96875,
207.0,2.9671875,
208.0,2.965625,
209.0,2.9640625,
210.0,2.9625,
211.0,2.9609375,
212.0,2.959375,
213.0,2.9578125,
214.0,2.95625,
215.0,2.9546875,
216.0,2.953125,
217.0,2.9515625,
218.0,2.95,
219.0,2.9484375,
220.0,2.946875,
221.0,2.9453125,
222.0,2.94375,
223.0,2.9421875,
224.0,2.940625,
225.0,2.9390625,
226.0,2.9375,
227.0,2.9359375,
228.0,2.934375,
229.0,2.9328125,
230.0,2.93125,
231.0,2.9296875,
232.0,2.928125,
233.0,2.9265625,
234.0,2.925,
235.0,2.9234375,
236.0,2.921875,
237.0,2.9203125,
238.0,2.91875,
239.0,2.9171875,
240.0,2.915625,
241.0,2.9140625,
242.0,2.9125,
243.0,2.9109375,
244.0,2.909375,
245.0,2.9078125,
246.0,2.90625,
247.0,2.9046875,
248.0,2.903125,
249.0,2.9015625,
250.0,2.9,
251.0,2.8984375,
252.0,2.896875,
253.0,2.8953125,
254.0,2.89375,
255.0,2.8921875,
256.0,2.890625,
257.0,2.8890625,
258.0,2.8875,
259.0,2.8859375,
260.0,2.884375,
261.0,2.8828125,
262.0,2.88125,
263.0,2.8796875,
264.0,2.878125,
265.0,2.8765625,
266.0,2.875,
267.0,2.8734375,
268.0,2.871875,
269.0,2.8703125,
270.0,2.86875,
271.0,2.8671875,
272.0,2.865625,
273.0,2.8640625,
274.0,2.8625,
275.0,2.8609375,
276.0,2.859375,
277.0,2.8578125,
278.0,2.85625,
279.0,2.8546875,
280.0,2.853125,
281.0,2.8515625,
282.0,2.85,
283.0,2.8484375,
284.0,2.846875,
285.0,2.8453125,
286.0,2.84375,
287.0,2.8421875,
288.0,2.840625,
289.0,2.8390625,
290.0,2.8375,
291.0,2.8359375,
292.0,2.834375,
293.0,2.8328125,
294.0,2.83125,
295.0,2.8296875,
296.0,2.828125,
297.0,2.8265625,
298.0,2.825,
299.0,2.8234375,
300.0,2.821875,
301.0,2.8203125,
302.0,2.81875,
303.0,2.8171875,
304.0,2.815625,
305.0,2.81640625,
306.0,2.816015625,
307.0,2.815625,
308.0,2.815234375,
309.0,2.81484375,
310.0,2.814453125,
311.0,2.8140625,
312.0,2.813671875,
313.0,2.81328125,
314.0,2.812890625,
315.0,2.8125,
316.0,2.812109375,
317.0,2.81171875,
318.0,2.811328125,
319.0,2.8109375,
320.0,2.810546875,
321.0,2.81015625,
322.0,2.809765625,
323.0,2.809375,
324.0,2.808984375,
325.0,2.80859375,
326.0,2.808203125,
327.0,2.8078125,
328.0,2.807421875,
329.0,2.80703125,
330.0,2.806640625,
331.0,2.80625,
332.0,2.805859375,
333.0,2.80546875,
334.0,2.805078125,
335.0,2.8046875,
336.0,2.804296875,
337.0,2.80390625,
338.0,2.803515625,
339.0,2.803125,
340.0,2.802734375,
341.0,2.80234375,
342.0,2.801953125,
343.0,2.8015625,
344.0,2.801171875,
345.0,2.80078125,
346.0,2.800390625,
347.0,2.8,
348.0,2.799609375,
349.0,2.79921875,
350.0,2.798828125,
351.0,2.7984375,
352.0,2.798046875,
353.0,2.79765625,
354.0,2.797265625,
355.0,2.796875,
356.0,2.796484375,
357.0,2.79609375,
358.0,2.795703125,
359.0,2.7953125,
360.0,2.794921875,
361.0,2.79453125,
362.0,2.794140625,
363.0,2.79375,
364.0,2.793359375,
365.0,2.79296875,
366.0,2.792578125,
367.0,2.7921875,
368.0,2.791796875,
369.0,2.79140625,
370.0,2.791015625,
371.0,2.790625,
372.0,2.790234375,
373.0,2.78984375,
374.0,2.789453125,
375.0,2.7890625,
376.0,2.788671875,
377.0,2.78828125,
378.0,2.787890625,
379.0,2.7875,
380.0,2.787109375,
381.0,2.78671875,
382.0,2.786328125,
383.0,2.7859375,
384.0,2.785546875,
385.0,2.78515625,
386.0,2.784765625,
387.0,2.784375,
388.0,2.783984375,
389.0,2.78359375,
390.0,2.783203125,
391.0,2.7828125,
392.0,2.782421875,
393.0,2.78203125,
394.0,2.781640625,
395.0,2.78125,
396.0,2.780859375,
397.0,2.78046875,
398.0,2.780078125,
399.0,2.7796875,
400.0,2.779296875,
401.0,2.77890625,
402.0,2.778515625,
403.0,2.778125,
404.0,2.777734375,
405.0,2.77734375,
406.0,2.776953125,
407.0,2.7765625,
408.0,2.776171875,
409.0,2.77578125,
410.0,2.775390625,
411.0,2.775,
412.0,2.774609375,
413.0,2.77421875,
414.0,2.773828125,
415.0,2.7734375,
416.0,2.773046875,
417.0,2.77265625,
418.0,2.772265625,
419.0,2.771875,
420.0,2.771484375,
421.0,2.77109375,
422.0,2.770703125,
423.0,2.7703125,
424.0,2.769921875,
425.0,2.76953125,
426.0,2.769140625,
427.0,2.76875,
428.0,2.768359375,
429.0,2.76796875,
430.0,2.767578125,
431.0,2.7671875,
432.0,2.766796875,
433.0,2.76640625,
434.0,2.766015625,
435.0,2.765625,
436.0,2.765234375,
437.0,2.76484375,
438.0,2.764453125,
439.0,2.7640625,
440.0,2.763671875,
441.0,2.76328125,
442.0,2.762890625,
443.0,2.7625,
444.0,2.762109375,
445.0,2.76171875,
446.0,2.761328125,
447.0,2.7609375,
448.0,2.760546875,
449.0,2.76015625,
450.0,2.759765625,
451.0,2.759375,
452.0,2.758984375,
453.0,2.75859375,
454.0,2.758203125,
455.0,2.7578125,
456.0,2.757421875,
457.0,2.75703125,
458.0,2.756640625,
459.0,2.75625,
460.0,2.755859375,
461.0,2.75546875,
462.0,2.755078125,
463.0,2.7546875,
464.0,2.754296875,
465.0,2.75390625,
466.0,2.753515625,
467.0,2.753125,
468.0,2.752734375,
469.0,2.75234375,
470.0,2.751953125,
471.0,2.7521484375,
472.0,2.75205078125,
473.0,2.751953125,
474.0,2.75185546875,
475.0,2.7517578125,
476.0,2.75166015625,
477.0,2.7515625,
478.0,2.75146484375,
479.0,2.7513671875,
480.0,2.75126953125,
481.0,2.751171875,
482.0,2.75107421875,
483.0,2.7509765625,
484.0,2.75087890625,
485.0,2.75078125,
486.0,2.75068359375,
487.0,2.7505859375,
488.0,2.75048828125,
489.0,2.750390625,
490.0,2.75029296875,
491.0,2.7501953125,
492.0,2.75009765625,
493.0,2.75,
494.0,2.74990234375,
495.0,2.7498046875,
496.0,2.74970703125,
497.0,2.74975585937,
498.0,2.7498046875,
499.0,2.74985351562,
500.0,2.74990234375,
501.0,2.74995117187,
502.0,2.75,
503.0,2.75004882812,
504.0,2.75002441406,
505.0,2.75,
506.0,2.74997558594,
507.0,2.74995117187,
508.0,2.74996337891,
509.0,2.74997558594,
510.0,2.74996948242,
511.0,2.74996337891,
512.0,2.74996643066,
513.0,2.74996948242,
514.0,2.74997253418,
515.0,2.74997558594,
516.0,2.74997406006,
517.0,2.74997253418,
518.0,2.74997329712,
519.0,2.74997406006,
520.0,2.74997367859,
521.0,2.74997329712,
522.0,2.74997348785,
523.0,2.74997367859,
524.0,2.74997386932,
525.0,2.74997377396,
526.0,2.74997367859,
527.0,2.74997372627,
528.0,2.74997377396,
529.0,2.74997382164,
530.0,2.74997386932,
531.0,2.74997384548,
532.0,2.74997382164,
533.0,2.74997383356,
534.0,2.7499738276,
535.0,2.74997382164,
536.0,2.74997381568,
537.0,2.74997381866,
538.0,2.74997382164,
539.0,2.74997382015,
540.0,2.74997381866,
541.0,2.7499738194,
542.0,2.74997381903,
543.0,2.74997381922,
544.0,2.7499738194,
545.0,2.74997381959,
546.0,2.74997381978,
547.0,2.64997381978,
548.0,2.54997381978,
549.0,2.59997381978,
550.0,2.64997381978,
551.0,2.69997381978,
552.0,2.74997381978,
553.0,2.72497381978,
554.0,2.69997381978,
555.0,2.67497381978,
556.0,2.68747381978,
557.0,2.69997381978,
558.0,2.71247381978,
559.0,2.70622381978,
560.0,2.69997381978,
561.0,2.69372381978,
562.0,2.68747381978,
563.0,2.68122381978,
564.0,2.68434881978,
565.0,2.68747381978,
566.0,2.69059881978,
567.0,2.68903631978,
568.0,2.68747381978,
569.0,2.68591131978,
570.0,2.68434881978,
571.0,2.68278631978,
572.0,2.68122381978,
573.0,2.68200506978,
574.0,2.68278631978,
575.0,2.68356756978,
576.0,2.68434881978,
577.0,2.68513006978,
578.0,2.68591131978,
579.0,2.68669256978,
580.0,2.68747381978,
581.0,2.68825506978,
582.0,2.68786444478,
583.0,2.68747381978,
584.0,2.68708319478,
585.0,2.68669256978,
586.0,2.68688788228,
587.0,2.68708319478,
588.0,2.68727850728,
589.0,2.68747381978,
590.0,2.68766913228,
591.0,2.68786444478,
592.0,2.68776678853,
593.0,2.68766913228,
594.0,2.6877179604,
595.0,2.68776678853,
596.0,2.68781561665,
597.0,2.68779120259,
598.0,2.68776678853,
599.0,2.68774237446,
600.0,2.6877545815,
601.0,2.68776678853,
602.0,2.68777899556,
603.0,2.68777289204,
604.0,2.6877759438,
605.0,2.68777899556,
606.0,2.68778204732,
607.0,2.68778509907,
608.0,2.68778815083,
609.0,2.68779120259,
610.0,2.68779425435,
611.0,2.68779272847,
612.0,2.68779120259,
613.0,2.68779196553,
614.0,2.68779158406,
615.0,2.68779120259,
616.0,2.68779139332,
617.0,2.68779158406,
618.0,2.68779148869,
619.0,2.68779139332,
620.0,2.68779144101,
621.0,2.68779148869,
622.0,2.68779153638,
623.0,2.68779158406,
624.0,2.68779156022,
625.0,2.68779153638,
626.0,2.6877915483,
627.0,2.68779156022,
628.0,2.68779155426,
629.0,2.6877915483,
630.0,2.5877915483,
631.0,2.4877915483,
632.0,2.5377915483,
633.0,2.5877915483,
634.0,2.6377915483,
635.0,2.6877915483,
636.0,2.6627915483,
637.0,2.6377915483,
638.0,2.6127915483,
639.0,2.5877915483,
640.0,2.6002915483,
641.0,2.6127915483,
642.0,2.6252915483,
643.0,2.6377915483,
644.0,2.6315415483,
645.0,2.6252915483,
646.0,2.6190415483,
647.0,2.6127915483,
648.0,2.6159165483,
649.0,2.6190415483,
650.0,2.6221665483,
651.0,2.6252915483,
652.0,2.6284165483,
653.0,2.6315415483,
654.0,2.6346665483,
655.0,2.6377915483,
656.0,2.6409165483,
657.0,2.6393540483,
658.0,2.6377915483,
659.0,2.6362290483,
660.0,2.6346665483,
661.0,2.6354477983,
662.0,2.6362290483,
663.0,2.6358384233,
664.0,2.6354477983,
665.0,2.6356431108,
666.0,2.6358384233,
667.0,2.63574076705,
668.0,2.6356431108,
669.0,2.63554545455,
670.0,2.63559428267,
671.0,2.6356431108,
672.0,2.63569193892,
673.0,2.63566752486,
674.0,2.63567973189,
675.0,2.63569193892,
676.0,2.63570414595,
677.0,2.63569804244,
678.0,2.63569193892,
679.0,2.63568583541,
680.0,2.63567973189,
681.0,2.63568278365,
682.0,2.63568583541,
683.0,2.63568430953,
684.0,2.63568278365,
685.0,2.63568125777,
686.0,2.63567973189,
687.0,2.63568049483,
688.0,2.63568011336,
689.0,2.63567973189,
690.0,2.63567935042,
691.0,2.63567954116,
692.0,2.63567973189,
693.0,2.63567992263,
694.0,2.63567982726,
695.0,2.63567973189,
696.0,2.63567977957,
697.0,2.63567982726,
698.0,2.63567987494,
699.0,2.63567992263,
700.0,2.63567997031,
701.0,2.63568001799,
702.0,2.63567999415,
703.0,2.63567997031,
704.0,2.63567998223,
705.0,2.63567997627,
706.0,2.63567997031,
707.0,2.63567997329,
708.0,2.63567997627,
709.0,2.53567997627,
710.0,2.43567997627,
711.0,2.48567997627,
712.0,2.53567997627,
713.0,2.58567997627,
714.0,2.63567997627,
715.0,2.61067997627,
716.0,2.58567997627,
717.0,2.56067997627,
718.0,2.57317997627,
719.0,2.58567997627,
720.0,2.59817997627,
721.0,2.59192997627,
722.0,2.58567997627,
723.0,2.57942997627,
724.0,2.58255497627,
725.0,2.58099247627,
726.0,2.57942997627,
727.0,2.58021122627,
728.0,2.58099247627,
729.0,2.58060185127,
730.0,2.58079716377,
731.0,2.58069950752,
732.0,2.58060185127,
733.0,2.58050419502,
734.0,2.58055302314,
735.0,2.58052860908,
736.0,2.58050419502,
737.0,2.58047978096,
738.0,2.58045536689,
739.0,2.58043095283,
740.0,2.58044315986,
741.0,2.58043705635,
742.0,2.58044010811,
743.0,2.58044315986,
744.0,2.58044621162,
745.0,2.58044468574,
746.0,2.58044544868,
747.0,2.58044621162,
748.0,2.58044697456,
749.0,2.58044659309,
750.0,2.58044621162,
751.0,2.58044640236,
752.0,2.58044659309,
753.0,2.58044649772,
754.0,2.58044640236,
755.0,2.58044630699,
756.0,2.58044635467,
757.0,2.58044633083,
758.0,2.58044630699,
759.0,2.58044628315,
760.0,2.58044629507,
761.0,2.48044629507,
762.0,2.53044629507,
763.0,2.58044629507,
764.0,2.55544629507,
765.0,2.53044629507,
766.0,2.54294629507,
767.0,2.55544629507,
768.0,2.56794629507,
769.0,2.56169629507,
770.0,2.55544629507,
771.0,2.55857129507,
772.0,2.56169629507,
773.0,2.56013379507,
774.0,2.55857129507,
775.0,2.55935254507,
776.0,2.55896192007,
777.0,2.55857129507,
778.0,2.55818067007,
779.0,2.55779004507,
780.0,2.55739942007,
781.0,2.55759473257,
782.0,2.55779004507,
783.0,2.55798535757,
784.0,2.55818067007,
785.0,2.55808301382,
786.0,2.55798535757,
787.0,2.55803418569,
788.0,2.55800977163,
789.0,2.55798535757,
790.0,2.5579975646,
791.0,2.55800977163,
792.0,2.55802197866,
793.0,2.55801587515,
794.0,2.55800977163,
795.0,2.55800366811,
796.0,2.55800671987,
797.0,2.55800977163,
798.0,2.55800824575,
799.0,2.55800671987,
800.0,2.55800519399,
801.0,2.55800595693,
802.0,2.55800557546,
803.0,2.55800519399,
804.0,2.55800538473,
805.0,2.55800557546,
806.0,2.5580054801,
807.0,2.55800538473,
808.0,2.55800543241,
809.0,2.45800543241,
810.0,2.50800543241,
811.0,2.55800543241,
812.0,2.53300543241,
813.0,2.50800543241,
814.0,2.52050543241,
815.0,2.53300543241,
816.0,2.54550543241,
817.0,2.53925543241,
818.0,2.53300543241,
819.0,2.52675543241,
820.0,2.52050543241,
821.0,2.52363043241,
822.0,2.52206793241,
823.0,2.52050543241,
824.0,2.52128668241,
825.0,2.52206793241,
826.0,2.52167730741,
827.0,2.52128668241,
828.0,2.52089605741,
829.0,2.52050543241,
830.0,2.52011480741,
831.0,2.51972418241,
832.0,2.51991949491,
833.0,2.51982183866,
834.0,2.51972418241,
835.0,2.51962652616,
836.0,2.51952886991,
837.0,2.51943121366,
838.0,2.51948004179,
839.0,2.51945562772,
840.0,2.51943121366,
841.0,2.51944342069,
842.0,2.51945562772,
843.0,2.51946783476,
844.0,2.51948004179,
845.0,2.41948004179,
846.0,2.46948004179,
847.0,2.51948004179,
848.0,2.56948004179,
849.0,2.54448004179,
850.0,2.51948004179,
851.0,2.49448004179,
852.0,2.50698004179,
853.0,2.51948004179,
854.0,2.53198004179,
855.0,2.54448004179,
856.0,2.53823004179,
857.0,2.53198004179,
858.0,2.52573004179,
859.0,2.52885504179,
860.0,2.53198004179,
861.0,2.53041754179,
862.0,2.53119879179,
863.0,2.53198004179,
864.0,2.53158941679,
865.0,2.53178472929,
866.0,2.53168707304,
867.0,2.53158941679,
868.0,2.53163824491,
869.0,2.53168707304,
870.0,2.53173590116,
871.0,2.53178472929,
872.0,2.53176031522,
873.0,2.53173590116,
874.0,2.53174810819,
875.0,2.53174200468,
876.0,2.53174505644,
877.0,2.53174810819,
878.0,2.53175115995,
879.0,2.53174963407,
880.0,2.53174810819,
881.0,2.53174658231,
882.0,2.53174734525,
883.0,2.53174810819,
884.0,2.53174772672,
885.0,2.53174791746,
886.0,2.53174810819,
887.0,2.53174801283,
888.0,2.53174791746,
889.0,2.43174791746,
890.0,2.48174791746,
891.0,2.53174791746,
892.0,2.58174791746,
893.0,2.55674791746,
894.0,2.53174791746,
895.0,2.50674791746,
896.0,2.51924791746,
897.0,2.53174791746,
898.0,2.52549791746,
899.0,2.51924791746,
900.0,2.52237291746,
901.0,2.52549791746,
902.0,2.52393541746,
903.0,2.52237291746,
904.0,2.52315416746,
905.0,2.52393541746,
906.0,2.52354479246,
907.0,2.52315416746,
908.0,2.52334947996,
909.0,2.52354479246,
910.0,2.52374010496,
911.0,2.52364244871,
912.0,2.52369127683,
913.0,2.52374010496,
914.0,2.52378893308,
915.0,2.52376451902,
916.0,2.52377672605,
917.0,2.52378893308,
918.0,2.52380114011,
919.0,2.52381334715,
920.0,2.52380724363,
921.0,2.52381029539,
922.0,2.52381334715,
923.0,2.52381182127,
924.0,2.52381258421,
925.0,2.52381334715,
926.0,2.52381296568,
927.0,2.52381258421,
928.0,2.52381277494,
929.0,2.52381296568,
930.0,2.52381315641,
931.0,2.42381315641,
932.0,2.47381315641,
933.0,2.52381315641,
934.0,2.49881315641,
935.0,2.47381315641,
936.0,2.44881315641,
937.0,2.46131315641,
938.0,2.47381315641,
939.0,2.48631315641,
940.0,2.49881315641,
941.0,2.49256315641,
942.0,2.48631315641,
943.0,2.48943815641,
944.0,2.48787565641,
945.0,2.48631315641,
946.0,2.48475065641,
947.0,2.48318815641,
948.0,2.48162565641,
949.0,2.48240690641,
950.0,2.48318815641,
951.0,2.48279753141,
952.0,2.48240690641,
953.0,2.48260221891,
954.0,2.48250456266,
955.0,2.48240690641,
956.0,2.48230925016,
957.0,2.48235807829,
958.0,2.48240690641,
959.0,2.48245573454,
960.0,2.48243132047,
961.0,2.48240690641,
962.0,2.48238249235,
963.0,2.48235807829,
964.0,2.48237028532,
965.0,2.4823641818,
966.0,2.48236723356,
967.0,2.48237028532,
968.0,2.48236875944,
969.0,2.48236723356,
970.0,2.48236570768,
971.0,2.4823641818,
972.0,2.48236494474,
973.0,2.48236570768,
974.0,2.48236532621,
975.0,2.48236494474,
976.0,2.48236456327,
977.0,2.4823641818,
978.0,2.48236437254,
979.0,2.48236456327,
980.0,2.38236456327,
981.0,2.43236456327,
982.0,2.48236456327,
983.0,2.45736456327,
984.0,2.43236456327,
985.0,2.44486456327,
986.0,2.45736456327,
987.0,2.46986456327,
988.0,2.46361456327,
989.0,2.46673956327,
990.0,2.46986456327,
991.0,2.46830206327,
992.0,2.46673956327,
993.0,2.46517706327,
994.0,2.46361456327,
995.0,2.46205206327,
996.0,2.46048956327,
997.0,2.46127081327,
998.0,2.46205206327,
999.0,2.46166143827,
