Coordinates:
0.0,0.714285714286,1.42857142857,2.14285714286,2.85714285714,3.57142857143,4.28571428571,5.0,5.71428571429,6.42857142857,7.14285714286,7.85714285714,8.57142857143,9.28571428571,10.0,
Volumes:
0.357142857143,0.714285714286,0.714285714286,0.714285714286,0.714285714286,0.714285714286,0.714285714286,0.714285714286,0.714285714286,0.714285714286,0.714285714286,0.714285714286,0.714285714286,0.714285714286,0.357142857143,

 Time(s), Error (-) on vertices
0.410726587386,0.0,104662.758265,1027.74099688,69.8853290166,6.46707873245,0.672699129418,0.0744146748436,0.00854907370314,0.00100754075571,0.000120941207581,1.47190954101e-05,1.81078863769e-06,2.24707245129e-07,
0.821453174772,1.0,0.0701310040293,0.00658213734986,0.00069016540796,7.67382230298e-05,8.84725916486e-06,1.04538447726e-06,1.25731459618e-07,
1.23217976216,1.0,0.0551635180524,0.00449844601287,0.00043025714593,4.4852291779e-05,4.93099993347e-06,5.61816345592e-07,
1.64290634954,1.0,0.0443472292127,0.00311476644024,0.000267731858228,2.5791347262e-05,2.67048933208e-06,2.90406782102e-07,
2.05363293693,1.0,0.0367795207211,0.00223997621008,0.000172308506026,1.52089815214e-05,1.46895659012e-06,1.51065852742e-07,
2.46435952432,1.0,0.0313508287112,0.00167733592005,0.000115923885769,9.35934117622e-06,8.39149223818e-07,
2.8750861117,1.0,0.0273052298253,0.00130061689248,8.13633477497e-05,6.02653873541e-06,5.01409513655e-07,
3.28581269909,1.0,0.0241826202609,0.00103756930927,5.92244658538e-05,4.04466857239e-06,3.1304922928e-07,
3.69653928647,1.0,0.0217014323692,0.000846988319238,4.44395530302e-05,2.81349090154e-06,2.03320589632e-07,
4.10726587386,1.0,0.0196828657456,0.000704567983345,3.420053937e-05,2.01756734613e-06,1.36671498392e-07,
4.51799246124,1.0,0.0180086675612,0.000595353306917,2.68866381743e-05,1.48478593433e-06,9.46365912548e-08,
4.92871904863,1.0,0.0165977087224,0.000509763966724,2.15225313114e-05,1.11724815757e-06,6.72337508535e-08,
5.33944563602,1.0,0.015392551315,0.000441438660678,1.74984811472e-05,8.57005229682e-07,
5.7501722234,1.0,0.0143514271019,0.000386019406088,1.44202359589e-05,6.68496102362e-07,
6.16089881079,1.0,0.0134432548277,0.000340438367789,1.20252216674e-05,5.29188977733e-07,
6.57162539817,1.0,0.0126444343482,0.000302484492831,1.01339470095e-05,4.24401850624e-07,
6.98235198556,1.0,0.0119367157859,0.000270531460533,8.6208146383e-06,3.44328258948e-07,
7.39307857295,1.0,0.0113057448327,0.00024336205515,7.39606358043e-06,2.82273337697e-07,
7.80380516033,1.0,0.0107400466204,0.00022005171595,6.3942982121e-06,2.3357609493e-07,
8.21453174772,1.0,0.0102303032284,0.000199889351034,5.56703789865e-06,1.94932724247e-07,
8.6252583351,1.0,0.00976883335769,0.000182322169627,4.87777945867e-06,1.63961271306e-07,
9.03598492249,1.0,0.00934921447311,0.000166916353893,4.29866545047e-06,1.38916985821e-07,
9.44671150988,1.0,0.00896600708614,0.000153328435446,3.80819352516e-06,1.18501974163e-07,
9.85743809726,1.0,0.0086145530133,0.000141284087177,3.38961291375e-06,1.01736843544e-07,
10.2681646846,1.0,0.00829082738798,0.000130562190597,3.0297757803e-06,8.78728958366e-08,
10.678891272,1.0,0.00799132959743,0.000120982741855,2.71830120399e-06,7.63309829596e-08,
11.0896178594,1.0,0.00771300216121,0.000112397617351,2.44695199963e-06,6.66585065915e-08,
11.5003444468,1.0,0.00745316941468,0.000104683504475,2.20915974872e-06,5.84994767102e-08,
11.9110710342,1.0,0.00720949000645,9.7736485669e-05,1.99966520567e-06,5.15717993335e-08,
12.3217976216,1.0,0.00697991889452,9.14679077372e-05,1.81423322416e-06,4.56514406036e-08,
12.732524209,1.0,0.00676267578195,8.58012381037e-05,1.6494343596e-06,4.05596199515e-08,
13.1432507963,1.0,0.0065562179125,8.06696910078e-05,1.50247186617e-06,3.61526404475e-08,
13.5539773837,1.0,0.00635921585152,7.60144419356e-05,1.3710458111e-06,3.23162957181e-08,
13.9647039711,1.0,0.00617053139957,7.17832924228e-05,1.25324824905e-06,2.89580443948e-08,
14.3754305585,1.0,0.0059891971362,6.79296757536e-05,1.14747950183e-06,2.6003889947e-08,
14.7861571459,1.0,0.00581439733348,6.44119099793e-05,1.05238441365e-06,2.33936535969e-08,
15.1968837333,1.0,0.00564545011993,6.11926307293e-05,9.66803055129e-07,
15.6076103207,1.0,0.00548179087109,5.82383560941e-05,8.8972961087e-07,
16.018336908,1.0,0.00532295676053,5.55191263581e-05,8.20284524504e-07,
16.4290634954,1.0,0.0051685726373,5.30082093493e-05,7.57691261113e-07,
16.8397900828,1.0,0.00501833807334,5.06818347845e-05,7.01257402529e-07,
17.2505166702,1.0,0.00487201566937,4.85189495885e-05,6.50362642056e-07,
17.6612432576,1.0,0.00472942057081,4.65009885384e-05,6.04446096823e-07,
18.071969845,1.0,0.00459041115959,4.46116493989e-05,5.63001328724e-07,
18.4826964324,1.0,0.00445488087206,4.28366802742e-05,5.25566801344e-07,
18.8934230198,1.0,0.00432275106499,4.11636709615e-05,4.91724108492e-07,
19.3041496071,1.0,0.00419396486905,3.95818551943e-05,4.61092546635e-07,
19.7148761945,1.0,0.00406848194333,3.80819232671e-05,4.33326500171e-07,
20.1256027819,1.0,0.00394627404149,3.66558478144e-05,4.08112442281e-07,
20.5363293693,1.0,0.00382732132713,3.52967197959e-05,3.85168150267e-07,
20.9470559567,1.0,0.00371160932237,3.39986030082e-05,3.64239231356e-07,
21.3577825441,1.0,0.00359912645117,3.27563991463e-05,3.45096783507e-07,
21.7685091315,1.0,0.00348986206758,3.15657272796e-05,3.27538393361e-07,
22.1792357188,1.0,0.00338380492391,3.04228209771e-05,3.113827691e-07,
22.5899623062,1.0,0.0032809419999,2.93244325072e-05,2.96469992739e-07,
23.0006888936,1.0,0.00318125764893,2.82677531786e-05,2.82659600542e-07,
23.411415481,1.0,0.00308473299363,2.72503441155e-05,2.6982720706e-07,
23.8221420684,1.0,0.00299134554106,2.62700748338e-05,2.57864708907e-07,
24.2328686558,1.0,0.00290106896665,2.53250722396e-05,2.46678036446e-07,
24.6435952432,1.0,0.00281387303285,2.44136792241e-05,2.36184828967e-07,
25.0543218305,1.0,0.00272972361924,2.35344165646e-05,2.26313231988e-07,
25.4650484179,1.0,0.00264858283176,2.26859510374e-05,2.17002066663e-07,
25.8757750053,1.0,0.00257040916826,2.18670750869e-05,2.08196767629e-07,
26.2865015927,1.0,0.00249515773694,2.10766788814e-05,1.9985167158e-07,
26.6972281801,1.0,0.00242278048948,2.03137385796e-05,1.91925619624e-07,
27.1079547675,1.0,0.00235322647412,1.95773003296e-05,1.84384296633e-07,
27.5186813549,1.0,0.00228644210598,1.88664673267e-05,1.77196786495e-07,
27.9294079422,1.0,0.0022223714219,1.81803939559e-05,1.70335714823e-07,
28.3401345296,1.0,0.00216095633782,1.75182725606e-05,1.63778621363e-07,
28.750861117,1.0,0.00210213689612,1.68793342001e-05,1.57504896532e-07,
29.1615877044,1.0,0.00204585150101,1.62628400439e-05,1.51495622391e-07,
29.5723142918,1.0,0.00199203714508,1.56680754687e-05,1.45736170071e-07,
29.9830408792,1.0,0.00194062960957,1.50943532381e-05,1.40210488106e-07,
30.3937674666,1.0,0.00189156367281,1.45410051665e-05,1.34906835013e-07,
30.8044940539,1.0,0.00184477328355,1.40073835913e-05,1.29813997878e-07,
31.2152206413,1.0,0.00180019173741,1.34928610141e-05,1.24920242208e-07,
31.6259472287,1.0,0.00175775184894,1.29968235631e-05,1.2021626467e-07,
32.0366738161,1.0,0.00171738608601,1.25186757949e-05,1.15694198936e-07,
32.4474004035,1.0,0.001679026734,1.20578400884e-05,1.11344524395e-07,
32.8581269909,1.0,0.00164260602765,1.16137507125e-05,1.07160820082e-07,
33.2688535783,1.0,0.00160805629055,1.1185857618e-05,1.03135930935e-07,
33.6795801656,1.0,0.00157531006121,1.07736282133e-05,9.92630821114e-08,
34.090306753,1.0,0.0015443002283,1.03765424058e-05,9.55355505646e-08,
34.5010333404,1.0,0.00151496015706,9.99409349512e-06,9.19482482588e-08,
34.9117599278,1.0,0.0014872238014,9.62579035729e-06,8.84955774226e-08,
35.3224865152,1.0,0.00146102584067,9.27115502315e-06,8.51721547097e-08,
35.7332131026,1.0,0.00143630178804,8.92972329955e-06,8.19732294904e-08,
36.14393969,1.0,0.0014129881038,8.60104539956e-06,7.8893999183e-08,
36.5546662773,1.0,0.00139102231766,8.28468458473e-06,7.59294982312e-08,
36.9653928647,1.0,0.00137034312402,7.98021671944e-06,7.30760285321e-08,
37.3761194521,1.0,0.00135089048927,7.68723167948e-06,7.03291718778e-08,
37.7868460395,1.0,0.00133260574701,7.40533060436e-06,6.76846265343e-08,
38.1975726269,1.0,0.00131543167812,7.13412934946e-06,6.51395512384e-08,
38.6082992143,1.0,0.00129931260926,6.87325379753e-06,6.26893568966e-08,
39.0190258017,1.0,0.00128419446277,6.62234452757e-06,6.03303751356e-08,
39.429752389,1.0,0.00127002483378,6.38105139748e-06,5.80600618983e-08,
39.8404789764,1.0,0.00125675303608,6.14903936116e-06,5.58745546912e-08,
40.2512055638,1.0,0.00124433014861,5.92598044447e-06,5.37711788356e-08,
40.6619321512,1.0,0.00123270904557,5.71156082439e-06,5.1746953546e-08,
41.0726587386,1.0,0.00122184442312,5.50547647315e-06,4.97977815859e-08,
41.483385326,1.0,0.00121169280892,5.30743437462e-06,4.7922134943e-08,
41.8941119134,1.0,0.00120221256905,5.11715008329e-06,4.61171318131e-08,
42.3048385007,1.0,0.00119336389591,4.93435177424e-06,4.43792194049e-08,
42.7155650881,1.0,0.00118510880361,4.75877644751e-06,4.27065499941e-08,
43.1262916755,1.0,0.00117741110616,4.59016826464e-06,4.1097592222e-08,
43.5370182629,1.0,0.00117023637641,4.42828266839e-06,3.9548143052e-08,
43.9477448503,1.0,0.00116355192415,4.27288448991e-06,3.80576595427e-08,
44.3584714377,1.0,0.00115732675442,4.12374476598e-06,3.66228624634e-08,
44.7691980251,1.0,0.00115153151391,3.98064394318e-06,3.52428914925e-08,
45.1799246124,1.0,0.00114613845031,3.84337117472e-06,3.39142178959e-08,
45.5906511998,1.0,0.00114112135307,3.71172344752e-06,3.26360840818e-08,
46.0013777872,1.0,0.0011364555079,3.58550227883e-06,3.14057595497e-08,
46.4121043746,1.0,0.00113211762258,3.46451978466e-06,3.02213303954e-08,
46.822830962,1.0,0.00112808579145,3.3485897639e-06,2.90825284212e-08,
47.2335575494,1.0,0.00112433940817,3.23754084912e-06,2.79861999229e-08,
47.6442841368,1.0,0.00112085913497,3.13120232343e-06,2.69316309619e-08,
48.0550107241,1.0,0.00111762682621,3.02940775971e-06,2.59164737324e-08,
48.4657373115,1.0,0.00111462546852,2.93199986067e-06,2.49398362773e-08,
48.8764638989,1.0,0.00111183913257,2.83882669685e-06,2.39999383217e-08,
49.2871904863,1.0,0.00110925290787,2.74974071173e-06,2.30959846099e-08,
49.6979170737,1.0,0.00110685285549,2.66459860349e-06,2.22256171297e-08,
50.1086436611,1.0,0.00110462594027,2.58326322471e-06,2.13889290894e-08,
50.5193702485,1.0,0.0011025599999,2.50559930387e-06,2.05837061877e-08,
50.9300968358,1.0,0.00110064367366,2.43147993745e-06,1.98089242475e-08,
51.3408234232,1.0,0.00109886636869,2.3607787705e-06,1.90633277391e-08,
51.7515500106,1.0,0.00109721820851,2.29337593619e-06,1.83458135469e-08,
52.162276598,1.0,0.00109568998779,2.22915131116e-06,1.76557423746e-08,
52.5730031854,1.0,0.00109427313331,2.16799094826e-06,1.69915912708e-08,
52.9837297728,1.0,0.00109295966696,2.10978417061e-06,1.63528695587e-08,
53.3944563602,1.0,0.00109174215607,2.05442320563e-06,1.57386400866e-08,
53.8051829475,1.0,0.00109061369271,2.00180035444e-06,1.5147776284e-08,
54.2159095349,1.0,0.00108956785063,1.95181455892e-06,1.45795012543e-08,
54.6266361223,1.0,0.00108859865346,1.90436664578e-06,1.40321009413e-08,
55.0373627097,1.0,0.00108770054572,1.85935640428e-06,1.35068792491e-08,
55.4480892971,1.0,0.00108686836927,1.81669082467e-06,1.30000627413e-08,
55.8588158845,1.0,0.00108609733287,1.77627630731e-06,1.25133758471e-08,
56.2695424719,1.0,0.00108538298295,1.73802002729e-06,1.20448877737e-08,
56.6802690593,1.0,0.00108472118975,1.70183357895e-06,1.15943803439e-08,
57.0909956466,1.0,0.00108410811375,1.667630306e-06,1.11615101195e-08,
57.501722234,1.0,0.00108354019538,1.63532751109e-06,1.07452950796e-08,
57.9124488214,1.0,0.00108301412989,1.60484000098e-06,1.03446325052e-08,
58.3231754088,1.0,0.00108252685272,1.57608768154e-06,9.95891267978e-09,
58.7339019962,1.0,0.00108207551918,1.54899304085e-06,9.58844859407e-09,
59.1446285836,1.0,0.00108165749494,1.52347877729e-06,9.23229229677e-09,
59.555355171,1.0,0.00108127033083,1.4994685754e-06,8.88944352914e-09,
59.9660817583,1.0,0.0010809117582,1.47689213341e-06,8.56062279674e-09,
60.3768083457,1.0,0.0010805796777,1.4556777823e-06,8.244561663e-09,
60.7875349331,1.0,0.00108027213958,1.43575846642e-06,7.93922045772e-09,
61.1982615205,1.0,0.00107998733218,1.41706476856e-06,7.64774700247e-09,
61.6089881079,1.0,0.00107972358282,1.39954083857e-06,7.36510234379e-09,
62.0197146953,1.0,0.00107947934738,1.38311181478e-06,7.0950828149e-09,
62.4304412827,1.0,0.00107925317574,1.36772914636e-06,6.83450078575e-09,
62.84116787,1.0,0.00107904373889,1.35333112659e-06,6.58583239339e-09,
63.2518944574,1.0,0.00107884980068,1.33986380493e-06,6.34585193576e-09,
63.6626210448,1.0,0.00107867021773,1.32727223974e-06,6.11572097717e-09,
64.0733476322,1.0,0.00107850393156,1.31550961158e-06,5.89394294461e-09,
64.4840742196,1.0,0.00107834995666,1.3045230867e-06,5.68197959319e-09,
64.894800807,1.0,0.00107820738707,1.29426687298e-06,5.47792727481e-09,
65.3055273944,1.0,0.00107807537445,1.28470102078e-06,5.2817545294e-09,
65.7162539817,1.0,0.00107795314127,1.27578079349e-06,5.09290835636e-09,
66.1269805691,1.0,0.00107783996436,1.26746630656e-06,4.91177556459e-09,
66.5377071565,1.0,0.00107773516975,1.25972109153e-06,4.73796108137e-09,
66.9484337439,1.0,0.00107763814268,1.25250449741e-06,4.57161114842e-09,
67.3591603313,1.0,0.00107754830891,1.24578746565e-06,4.41307505174e-09,
67.7698869187,1.0,0.0010774651276,1.23953773472e-06,4.25899270981e-09,
68.1806135061,1.0,0.00107738811413,1.23372338327e-06,4.11082853653e-09,
68.5913400934,1.0,0.00107731680787,1.2283114167e-06,3.97148325502e-09,
69.0020666808,1.0,0.00107725078898,1.22328394835e-06,3.83552078135e-09,
69.4127932682,1.0,0.0010771896626,1.21860930752e-06,3.70750324045e-09,
69.8235198556,1.0,0.00107713306917,1.21426634254e-06,3.58344513794e-09,
70.234246443,1.0,0.00107708066987,1.21023240696e-06,3.46296358395e-09,
70.6449730304,1.0,0.00107703215947,1.20648149097e-06,3.35107595082e-09,
71.0556996178,1.0,0.00107698724077,1.20300360098e-06,3.24098774205e-09,
71.4664262051,1.0,0.00107694565624,1.19977206155e-06,3.13746194908e-09,
71.8771527925,1.0,0.00107690715348,1.19677557614e-06,3.03717361192e-09,
72.2878793799,1.0,0.00107687150655,1.19399002575e-06,2.94262070145e-09,
72.6986059673,1.0,0.00107683850578,1.19140768855e-06,2.85020439968e-09,
73.1093325547,1.0,0.00107680794917,1.18901052907e-06,2.76342478111e-09,
73.5200591421,1.0,0.00107677966023,1.18678928568e-06,2.68207074374e-09,
73.9307857295,1.0,0.00107675346846,1.18472563639e-06,2.60217539143e-09,
74.3415123168,1.0,0.001076729221,1.18281205889e-06,2.52761300306e-09,
74.7522389042,1.0,0.0010767067678,1.18104363358e-06,2.4565328159e-09,
75.1629654916,1.0,0.00107668598493,1.17939825502e-06,2.38701931866e-09,
75.573692079,1.0,0.0010766667373,1.17787787912e-06,2.32179243692e-09,
75.9844186664,1.0,0.00107664892412,1.17646239554e-06,2.2600299233e-09,
76.3951452538,1.0,0.0010766324289,1.17515245572e-06,2.20157545867e-09,
76.8058718412,1.0,0.00107661715911,1.1739408731e-06,2.14366440308e-09,
77.2165984285,1.0,0.00107660302033,1.17281683084e-06,2.0911078645e-09,
77.6273250159,1.0,0.0010765899305,1.17177504893e-06,2.04101299112e-09,
78.0380516033,1.0,0.00107657781015,1.17080976314e-06,1.99164690678e-09,
78.4487781907,1.0,0.00107656658975,1.16991599509e-06,1.94694966695e-09,
78.8595047781,1.0,0.00107655620251,1.16908757443e-06,1.90386552054e-09,
79.2702313655,1.0,0.0010765465893,1.16831716933e-06,1.8632859592e-09,
79.6809579529,1.0,0.0010765376852,1.16760463059e-06,1.82450726647e-09,
80.0916845402,1.0,0.00107652944144,1.16694893319e-06,1.78652354911e-09,
80.5024111276,1.0,0.00107652180918,1.16633958021e-06,1.75212170701e-09,
80.913137715,1.0,0.00107651474445,1.16577323909e-06,1.72324123772e-09,
81.3238643024,1.0,0.00107650820277,1.1652476387e-06,1.6917563939e-09,
81.7345908898,1.0,0.00107650214754,1.16476470824e-06,1.66161641673e-09,
82.1453174772,1.0,0.00107649653884,1.16431481219e-06,1.63490536744e-09,
82.5560440646,1.0,0.00107649134794,1.16389922517e-06,1.61045669246e-09,
82.9667706519,1.0,0.00107648654308,1.16351243721e-06,1.58740849655e-09,
83.3774972393,1.0,0.00107648209224,1.16315839816e-06,1.56188815305e-09,
83.7882238267,1.0,0.00107647797499,1.16282746958e-06,1.54029125917e-09,
84.1989504141,1.0,0.0010764741602,1.16252135328e-06,1.5227183433e-09,
84.6096770015,1.0,0.00107647063161,1.16223591598e-06,1.50211157797e-09,
85.0204035889,1.0,0.00107646736221,1.16197411398e-06,1.48609708192e-09,
85.4311301763,1.0,0.00107646433578,1.16173145266e-06,1.46873635228e-09,
85.8418567636,1.0,0.00107646153549,1.16150584644e-06,1.45299939469e-09,
86.252583351,1.0,0.00107645894241,1.16129616293e-06,1.43981275216e-09,
86.6633099384,1.0,0.00107645653677,1.16110506111e-06,1.42702762361e-09,
87.0740365258,1.0,0.00107645431713,1.16092461022e-06,1.41208373524e-09,
87.4847631132,1.0,0.00107645225597,1.16076144259e-06,1.40219657833e-09,
87.8954897006,1.0,0.00107645035319,1.16060576277e-06,1.39030242458e-09,
88.306216288,1.0,0.001076448585,1.16046877407e-06,1.37840393037e-09,
88.7169428753,1.0,0.00107644695271,1.16033423746e-06,1.37029505416e-09,
89.1276694627,1.0,0.00107644544141,1.16021298471e-06,1.36352763606e-09,
89.5383960501,1.0,0.00107644404167,1.16010139859e-06,1.35526374206e-09,
89.9491226375,1.0,0.00107644274559,1.15999561902e-06,1.34539583712e-09,
90.3598492249,1.0,0.00107644154334,1.15990118279e-06,1.33792555114e-09,
90.7705758123,1.0,0.00107644043635,1.15980818663e-06,1.33174942028e-09,
91.1813023997,1.0,0.001076439405,1.15972739245e-06,1.32668437289e-09,
91.5920289871,1.0,0.00107643845454,1.15965333384e-06,1.3188135475e-09,
92.0027555744,1.0,0.00107643757324,1.15958091473e-06,1.31446611881e-09,
92.4134821618,1.0,0.00107643675604,1.15951324174e-06,1.31443350925e-09,
92.8242087492,1.0,0.00107643600141,1.15945301185e-06,1.30781017602e-09,
93.2349353366,1.0,0.00107643530169,1.15939719696e-06,1.30126472671e-09,
93.645661924,1.0,0.00107643465284,1.15934754588e-06,1.29780291692e-09,
94.0563885114,1.0,0.00107643405549,1.15929458069e-06,1.29415888241e-09,
94.4671150988,1.0,0.00107643349792,1.15925079312e-06,1.29239999798e-09,
94.8778416861,1.0,0.00107643298457,1.15921045793e-06,1.28646007964e-09,
95.2885682735,1.0,0.001076432512,1.15917085001e-06,1.28572763581e-09,
95.6992948609,1.0,0.00107643206894,1.15913811809e-06,1.28106940376e-09,
96.1100214483,1.0,0.00107643166024,1.15910486021e-06,1.28371793149e-09,
96.5207480357,1.0,0.00107643128505,1.15907055162e-06,1.27788971575e-09,
96.9314746231,1.0,0.00107643093809,1.15904401506e-06,1.27160858962e-09,
97.3422012105,1.0,0.00107643061009,1.15901956506e-06,1.27161318067e-09,
97.7529277978,1.0,0.00107643030965,1.15899254705e-06,1.27378455204e-09,
98.1636543852,1.0,0.00107643003324,1.15897325075e-06,1.26977358151e-09,
98.5743809726,1.0,0.00107642977752,1.15895239963e-06,1.2638923606e-09,
98.98510756,1.0,0.00107642953752,1.15893286596e-06,1.26553538667e-09,
99.3958341474,1.0,0.00107642932094,1.15891254674e-06,1.26420171921e-09,
99.8065607348,1.0,0.0010764291127,1.15890412936e-06,1.26087518081e-09,
100.217287322,1.0,0.00107642892692,1.15888318956e-06,1.26314971821e-09,
100.62801391,1.0,0.00107642875251,1.15886706882e-06,1.26008817254e-09,
101.038740497,1.0,0.00107642859068,1.15885666461e-06,1.25910100657e-09,
101.449467084,1.0,0.00107642844017,1.15884369459e-06,1.25801324737e-09,
101.860193672,1.0,0.00107642830331,1.15883135715e-06,1.26037283553e-09,
102.270920259,1.0,0.00107642817153,1.15882341274e-06,1.25798666112e-09,
102.681646846,1.0,0.00107642805172,1.15881407454e-06,1.25506557934e-09,
103.092373434,1.0,0.00107642793932,1.15880794641e-06,1.25475135043e-09,
103.503100021,1.0,0.00107642784288,1.15879429095e-06,1.25319453904e-09,
103.913826609,1.0,0.00107642774794,1.15879218911e-06,1.25193491938e-09,
104.324553196,1.0,0.001076427661,1.15878135444e-06,1.25107853877e-09,
104.735279783,1.0,0.00107642758492,1.15877345606e-06,1.25273459935e-09,
105.146006371,1.0,0.00107642750035,1.1587709358e-06,1.25258162645e-09,
105.556732958,1.0,0.00107642743461,1.15876287246e-06,1.25482038279e-09,
105.967459546,1.0,0.0010764273739,1.15875570642e-06,1.25688835381e-09,
106.378186133,1.0,0.00107642731186,1.15875421722e-06,1.25049101196e-09,
106.78891272,1.0,0.00107642725747,1.15875016197e-06,1.25025442315e-09,
107.199639308,1.0,0.00107642720291,1.1587499012e-06,1.24752593321e-09,
107.610365895,1.0,0.0010764271593,1.15874140375e-06,1.25145309425e-09,
108.021092482,1.0,0.00107642711654,1.1587404329e-06,1.25100669729e-09,
108.43181907,1.0,0.00107642707297,1.15873290083e-06,1.24878870907e-09,
108.842545657,1.0,0.00107642703726,1.15873437915e-06,1.25289999759e-09,
109.253272245,1.0,0.00107642700169,1.15872929759e-06,1.25064467339e-09,
109.663998832,1.0,0.00107642697098,1.15872855786e-06,1.24814396824e-09,
110.074725419,1.0,0.00107642694006,1.15872628287e-06,1.25052553659e-09,
110.485452007,1.0,0.00107642691371,1.15872227106e-06,1.25027629334e-09,
110.896178594,1.0,0.00107642689117,1.15872043332e-06,1.24904847213e-09,
111.306905182,1.0,0.00107642686154,1.15871734388e-06,1.24802852564e-09,
111.717631769,1.0,0.00107642684329,1.15871575582e-06,1.25014370053e-09,
112.128358356,1.0,0.0010764268189,1.15871621608e-06,1.2489224297e-09,
112.539084944,1.0,0.00107642680283,1.15871430366e-06,1.24790396592e-09,
112.949811531,1.0,0.00107642678738,1.15870921919e-06,1.25041636391e-09,
113.360538119,1.0,0.00107642677201,1.15870935556e-06,1.24817700803e-09,
113.771264706,1.0,0.00107642675581,1.15870802861e-06,1.2484401894e-09,
114.181991293,1.0,0.00107642674221,1.15871173776e-06,1.24596263082e-09,
114.592717881,1.0,0.0010764267302,1.15870257676e-06,1.25115728196e-09,
115.003444468,1.0,0.00107642671757,1.1587040178e-06,1.24664187881e-09,
115.414171055,1.0,0.00107642670646,1.15870283473e-06,1.25315067224e-09,
115.824897643,1.0,0.00107642669803,1.15870171645e-06,1.24817720311e-09,
116.23562423,1.0,0.00107642668477,1.15870644131e-06,1.25115933409e-09,
116.646350818,1.0,0.00107642667743,1.15869999479e-06,1.25103659113e-09,
117.057077405,1.0,0.00107642666939,1.15869963013e-06,1.24958141385e-09,
117.467803992,1.0,0.00107642666267,1.15870308364e-06,1.25030914991e-09,
117.87853058,1.0,0.00107642665686,1.15870283596e-06,1.24702862955e-09,
118.289257167,1.0,0.00107642665301,1.15869889387e-06,1.24856187734e-09,
118.699983755,1.0,0.00107642664424,1.15869642673e-06,1.24898092192e-09,
119.110710342,1.0,0.0010764266357,1.15870107954e-06,1.24808354518e-09,
119.521436929,1.0,0.00107642663359,1.15869582621e-06,1.25272814013e-09,
119.932163517,1.0,0.00107642662828,1.15870100878e-06,1.24545313274e-09,
120.342890104,1.0,0.00107642662632,1.15869742269e-06,1.24944959904e-09,
120.753616691,1.0,0.00107642662112,1.15870021545e-06,1.24736439582e-09,
121.164343279,1.0,0.00107642661946,1.15869912743e-06,1.2449982286e-09,
121.575069866,1.0,0.00107642662203,1.15868856884e-06,1.24976365009e-09,
121.985796454,1.0,0.0010764266096,1.1587002132e-06,1.24790569883e-09,
122.396523041,1.0,0.00107642660559,1.15869623863e-06,1.25051618381e-09,
122.807249628,1.0,0.00107642660483,1.1586972998e-06,1.24708360431e-09,
123.217976216,1.0,0.00107642660114,1.15870105361e-06,1.24340150557e-09,
123.628702803,1.0,0.00107642660518,1.15869688328e-06,1.24396061333e-09,
124.039429391,1.0,0.00107642659718,1.15869646259e-06,1.24590128359e-09,
124.450155978,1.0,0.00107642660182,1.15869210716e-06,1.24724667838e-09,
124.860882565,1.0,0.00107642659549,1.15869575974e-06,1.24408735861e-09,
125.271609153,1.0,0.00107642659369,1.15869772899e-06,1.24614512782e-09,
125.68233574,1.0,0.00107642659563,1.1586903305e-06,1.24977204525e-09,
126.093062327,1.0,0.00107642658065,1.15869619772e-06,1.25004637121e-09,
126.503788915,1.0,0.00107642658565,1.15869754873e-06,1.2487422708e-09,
126.914515502,1.0,0.0010764265834,1.15869813396e-06,1.24363444454e-09,
127.32524209,1.0,0.00107642658639,1.15869744783e-06,1.2483208373e-09,
127.735968677,1.0,0.00107642658661,1.15868904966e-06,1.24616989337e-09,
128.146695264,1.0,0.00107642658129,1.15869761484e-06,1.24610525969e-09,
128.557421852,1.0,0.00107642658221,1.15869465537e-06,1.24912105557e-09,
128.968148439,1.0,0.001076426578,1.15869500971e-06,1.25080137078e-09,
129.378875027,1.0,0.00107642658354,1.15869256005e-06,1.24833570888e-09,
129.789601614,1.0,0.00107642657943,1.15870027971e-06,1.2433723657e-09,
130.200328201,1.0,0.00107642658053,1.1586949848e-06,1.2481814295e-09,
130.611054789,1.0,0.00107642657633,1.15869466223e-06,1.25194337593e-09,
131.021781376,1.0,0.00107642658084,1.1586907928e-06,1.24729956663e-09,
131.432507963,1.0,0.00107642658174,1.15869405576e-06,1.24344255445e-09,
131.843234551,1.0,0.00107642657649,1.15869604724e-06,1.24694764175e-09,
132.253961138,1.0,0.00107642658192,1.15869477301e-06,1.25174302459e-09,
132.664687726,1.0,0.00107642657596,1.15869571038e-06,1.24868093426e-09,
133.075414313,1.0,0.00107642657986,1.15869087073e-06,1.25646494322e-09,
133.4861409,1.0,0.00107642657678,1.15869277165e-06,1.24821338751e-09,
133.896867488,1.0,0.00107642657413,1.15869426081e-06,1.24860806391e-09,
134.307594075,1.0,0.00107642657744,1.15869452706e-06,1.24934978115e-09,
134.718320663,1.0,0.00107642657552,1.15869391782e-06,1.24748983139e-09,
135.12904725,1.0,0.00107642657223,1.15869774427e-06,1.24208053541e-09,
135.539773837,1.0,0.00107642657072,1.15869263059e-06,1.25110598742e-09,
135.950500425,1.0,0.00107642657325,1.15869417755e-06,1.24523060099e-09,
136.361227012,1.0,0.00107642657071,1.15869539877e-06,1.24635696528e-09,
136.771953599,1.0,0.00107642657346,1.15869126065e-06,1.25232518449e-09,
137.182680187,1.0,0.00107642657118,1.15869275101e-06,1.25592872387e-09,
137.593406774,1.0,0.00107642656776,1.1586955331e-06,1.24811683074e-09,
138.004133362,1.0,0.00107642657369,1.15869659904e-06,1.24983678832e-09,
138.414859949,1.0,0.00107642656723,1.15869715223e-06,1.24395070667e-09,
138.825586536,1.0,0.00107642657843,1.15868979296e-06,1.25152279242e-09,
139.236313124,1.0,0.00107642657252,1.15869472573e-06,1.24896898754e-09,
139.647039711,1.0,0.0010764265695,1.15870135061e-06,1.24685475858e-09,
140.057766299,1.0,0.00107642657539,1.15869383677e-06,1.24740612709e-09,
140.468492886,1.0,0.0010764265722,1.15869596321e-06,1.24875337625e-09,
140.879219473,1.0,0.00107642657596,1.15869386779e-06,1.24607685106e-09,
141.289946061,1.0,0.00107642657012,1.1586969275e-06,1.24804013681e-09,
141.700672648,1.0,0.00107642657611,1.15869369194e-06,1.24338896965e-09,
142.111399236,1.0,0.00107642657092,1.15869552882e-06,1.2509796847e-09,
142.522125823,1.0,0.00107642657443,1.15869771307e-06,1.24290811844e-09,
142.93285241,1.0,0.00107642657683,1.15869204191e-06,1.24206447967e-09,
143.343578998,1.0,0.00107642656831,1.15869428592e-06,1.24713619239e-09,
143.754305585,1.0,0.00107642657204,1.15869495969e-06,1.24767148548e-09,
144.165032172,1.0,0.00107642657341,1.15869158344e-06,1.24511960123e-09,
144.57575876,1.0,0.00107642656955,1.15869677354e-06,1.2489545195e-09,
144.986485347,1.0,0.00107642657171,1.15869425448e-06,1.24860511237e-09,
145.397211935,1.0,0.00107642657513,1.15869040695e-06,1.24905861185e-09,
145.807938522,1.0,0.00107642656743,1.15869541257e-06,1.24712227276e-09,
146.218665109,1.0,0.00107642657503,1.15869444038e-06,1.24476584488e-09,
146.629391697,1.0,0.00107642657418,1.15868979734e-06,1.25272352645e-09,
147.040118284,1.0,0.00107642657377,1.15868998634e-06,1.24933767904e-09,
147.450844872,1.0,0.0010764265776,1.15869664888e-06,1.24306957136e-09,
147.861571459,1.0,0.00107642657495,1.15869366877e-06,1.2431947627e-09,
148.272298046,1.0,0.00107642657314,1.15868965372e-06,1.25137292868e-09,
148.683024634,1.0,0.0010764265738,1.15869538788e-06,1.24372622233e-09,
149.093751221,1.0,0.0010764265672,1.15869324843e-06,1.24872188779e-09,
149.504477808,1.0,0.00107642657198,1.15869624045e-06,1.24629365554e-09,
149.915204396,1.0,0.00107642657103,1.15869192887e-06,1.24691611749e-09,
150.325930983,1.0,0.00107642657403,1.15869705224e-06,1.24198785805e-09,
150.736657571,1.0,0.00107642657109,1.15869657926e-06,1.24301493565e-09,
151.147384158,1.0,0.00107642657221,1.15869571402e-06,1.24624301965e-09,
151.558110745,1.0,0.00107642656849,1.15869217413e-06,1.24966136941e-09,
151.968837333,1.0,0.00107642657056,1.15869864133e-06,1.23582290982e-09,
152.37956392,1.0,0.00107642657621,1.1586904141e-06,1.25042770527e-09,
152.790290508,1.0,0.00107642657277,1.15869405569e-06,1.24694391594e-09,
153.201017095,1.0,0.00107642657038,1.15869624771e-06,1.24638648602e-09,
153.611743682,1.0,0.00107642657139,1.15868860349e-06,1.25029271507e-09,
154.02247027,1.0,0.00107642657431,1.15869193052e-06,1.2458377957e-09,
154.433196857,1.0,0.00107642657442,1.15869230666e-06,1.24538560686e-09,
154.843923444,1.0,0.00107642656749,1.15869083205e-06,1.24776756452e-09,
155.254650032,1.0,0.00107642657257,1.15869375846e-06,1.2487668834e-09,
155.665376619,1.0,0.00107642656689,1.15869871561e-06,1.24723330206e-09,
156.076103207,1.0,0.00107642657438,1.15869551942e-06,1.24383329755e-09,
156.486829794,1.0,0.00107642657004,1.15869205632e-06,1.26208151864e-09,
156.897556381,1.0,0.00107642656857,1.15869791621e-06,1.25238723969e-09,
157.308282969,1.0,0.0010764265708,1.15870022855e-06,1.24506558437e-09,
157.719009556,1.0,0.0010764265729,1.15869587485e-06,1.24675882024e-09,
158.129736144,1.0,0.00107642656065,1.15870316153e-06,1.23892297639e-09,
158.540462731,1.0,0.00107642656826,1.1586989431e-06,1.24616232635e-09,
158.951189318,1.0,0.00107642656877,1.15869675634e-06,1.24741708482e-09,
159.361915906,1.0,0.00107642656622,1.15869726278e-06,1.24947897308e-09,
159.772642493,1.0,0.00107642656222,1.15869618991e-06,1.25134625452e-09,
160.18336908,1.0,0.00107642657099,1.15869783532e-06,1.24617845964e-09,
160.594095668,1.0,0.00107642657101,1.15869552238e-06,1.24609877181e-09,
161.004822255,1.0,0.00107642657139,1.15869471187e-06,1.24029780932e-09,
161.415548843,1.0,0.0010764265761,1.15868684204e-06,1.25009733965e-09,
161.82627543,1.0,0.0010764265739,1.15869210429e-06,1.2456683866e-09,
162.237002017,1.0,0.00107642657682,1.15869927762e-06,1.2383263903e-09,
162.647728605,1.0,0.00107642656947,1.15870200199e-06,1.24833306147e-09,
163.058455192,1.0,0.00107642657167,1.15869513004e-06,1.2450372009e-09,
163.46918178,1.0,0.00107642657308,1.1586855865e-06,1.25636631387e-09,
163.879908367,1.0,0.0010764265774,1.15869366279e-06,1.24174171349e-09,
164.290634954,1.0,0.00107642657734,1.15869510623e-06,1.25097425514e-09,
164.701361542,1.0,0.00107642656423,1.15870178218e-06,1.24352819129e-09,
165.112088129,1.0,0.0010764265741,1.1587013966e-06,1.24285298381e-09,
165.522814717,1.0,0.00107642656424,1.1587002683e-06,1.24489210855e-09,
165.933541304,1.0,0.00107642657305,1.15869185744e-06,1.24615952609e-09,
166.344267891,1.0,0.00107642656482,1.15869512501e-06,1.24992991414e-09,
166.754994479,1.0,0.00107642657216,1.1586961357e-06,1.24473060103e-09,
167.165721066,1.0,0.00107642657163,1.15869355623e-06,1.24922249303e-09,
167.576447653,1.0,0.00107642656937,1.15869076361e-06,1.24613760991e-09,
167.987174241,1.0,0.0010764265752,1.15868818824e-06,1.2532175271e-09,
168.397900828,1.0,0.00107642657516,1.15869885938e-06,1.24385265088e-09,
168.808627416,1.0,0.00107642656983,1.15869709726e-06,1.24988814157e-09,
169.219354003,1.0,0.00107642657817,1.15868863822e-06,1.24381592596e-09,
169.63008059,1.0,0.00107642657388,1.15869307212e-06,1.24369384352e-09,
170.040807178,1.0,0.00107642657124,1.15869670027e-06,1.24632260554e-09,
170.451533765,1.0,0.00107642657249,1.15870179605e-06,1.24565920209e-09,
170.862260353,1.0,0.00107642657235,1.1586928998e-06,1.25127300875e-09,
171.27298694,1.0,0.00107642656768,1.15869971325e-06,1.24223999115e-09,
171.683713527,1.0,0.00107642657164,1.15869214209e-06,1.24007975811e-09,
172.094440115,1.0,0.00107642657295,1.15869543712e-06,1.24412965881e-09,
172.505166702,1.0,0.00107642657027,1.1587004491e-06,1.24060291405e-09,
172.915893289,1.0,0.00107642658078,1.15868950491e-06,1.24586437882e-09,
173.326619877,1.0,0.00107642656632,1.15869558434e-06,1.24740018632e-09,
173.737346464,1.0,0.0010764265687,1.15869344227e-06,1.25050276464e-09,
174.148073052,1.0,0.0010764265736,1.15868967475e-06,1.25069377492e-09,
174.558799639,1.0,0.00107642656811,1.15870199572e-06,1.24339249469e-09,
174.969526226,1.0,0.0010764265741,1.15869491553e-06,1.25147534068e-09,
175.380252814,1.0,0.00107642657509,1.15869701824e-06,1.24600022295e-09,
175.790979401,1.0,0.00107642657389,1.15868771927e-06,1.25569588473e-09,
176.201705989,1.0,0.00107642656998,1.15869484228e-06,1.25151648791e-09,
176.612432576,1.0,0.00107642656894,1.15869963679e-06,1.2468330653e-09,
177.023159163,1.0,0.00107642655936,1.15870077373e-06,1.24300844453e-09,
177.433885751,1.0,0.0010764265743,1.15869555535e-06,1.24976636586e-09,
177.844612338,1.0,0.00107642657163,1.15870041283e-06,1.24258291282e-09,
178.255338925,1.0,0.0010764265684,1.15869137268e-06,1.24543142049e-09,
178.666065513,1.0,0.00107642657544,1.1586852888e-06,1.25131551811e-09,
179.0767921,1.0,0.0010764265693,1.15869436884e-06,1.24118818421e-09,
179.487518688,1.0,0.00107642657561,1.15869287749e-06,1.2447900633e-09,
179.898245275,1.0,0.00107642657448,1.15869749263e-06,1.2389731462e-09,
180.308971862,1.0,0.00107642657306,1.15868871955e-06,1.2520202819e-09,
180.71969845,1.0,0.0010764265701,1.15869328062e-06,1.24641219402e-09,
181.130425037,1.0,0.00107642656389,1.15869885322e-06,1.25100445351e-09,
181.541151625,1.0,0.0010764265685,1.1586983746e-06,1.24749379764e-09,
181.951878212,1.0,0.00107642656271,1.15869578532e-06,1.24903875867e-09,
182.362604799,1.0,0.00107642657881,1.15869090697e-06,1.24563703715e-09,
182.773331387,1.0,0.00107642657064,1.15869610743e-06,1.24657080632e-09,
183.184057974,1.0,0.00107642656367,1.15870092183e-06,1.25837750175e-09,
183.594784561,1.0,0.0010764265692,1.15869117486e-06,1.24637907632e-09,
184.005511149,1.0,0.00107642657617,1.15869250028e-06,1.24049423548e-09,
184.416237736,1.0,0.00107642657387,1.15869278703e-06,1.2425968816e-09,
184.826964324,1.0,0.00107642657815,1.15869635178e-06,1.24174081376e-09,
185.237690911,1.0,0.00107642657688,1.15868716731e-06,1.2535527464e-09,
185.648417498,1.0,0.00107642657508,1.15869212989e-06,1.24744562048e-09,
186.059144086,1.0,0.00107642658224,1.15867974796e-06,1.25841355865e-09,
186.469870673,1.0,0.00107642657543,1.15869156086e-06,1.25026958191e-09,
186.880597261,1.0,0.0010764265734,1.15869654377e-06,1.23878522742e-09,
187.291323848,1.0,0.00107642657803,1.15869534858e-06,1.25028570541e-09,
187.702050435,1.0,0.00107642656869,1.15869966791e-06,1.24551639739e-09,
188.112777023,1.0,0.0010764265721,1.15869281631e-06,1.25429446191e-09,
188.52350361,1.0,0.00107642657016,1.15869774941e-06,1.24383616781e-09,
188.934230198,1.0,0.001076426566,1.15869904799e-06,1.24802506316e-09,
189.344956785,1.0,0.00107642657929,1.15868776824e-06,1.24075715712e-09,
189.755683372,1.0,0.00107642658291,1.15869124808e-06,1.24704079421e-09,
190.16640996,1.0,0.00107642657155,1.15869937708e-06,1.24854224034e-09,
190.577136547,1.0,0.00107642655602,1.15869782654e-06,1.24346064922e-09,
190.987863134,1.0,0.00107642657685,1.15868522214e-06,1.24630639738e-09,
191.398589722,1.0,0.00107642657078,1.15869044484e-06,1.25722430759e-09,
191.809316309,1.0,0.00107642657049,1.15868996729e-06,1.25585857166e-09,
192.220042897,1.0,0.00107642657532,1.15869251244e-06,1.24445245999e-09,
192.630769484,1.0,0.00107642657666,1.15869862225e-06,1.24433871822e-09,
193.041496071,1.0,0.00107642656629,1.15869621288e-06,1.24395069269e-09,
193.452222659,1.0,0.00107642656548,1.15869797451e-06,1.25340980172e-09,
193.862949246,1.0,0.00107642656992,1.15869424555e-06,1.2467041486e-09,
194.273675834,1.0,0.00107642656689,1.15870601113e-06,1.24016216476e-09,
194.684402421,1.0,0.00107642657122,1.15869498793e-06,1.24279664807e-09,
195.095129008,1.0,0.00107642658244,1.15868772645e-06,1.24212854593e-09,
195.505855596,1.0,0.00107642656705,1.15869317184e-06,1.24175800184e-09,
195.916582183,1.0,0.00107642656723,1.15869545583e-06,1.24708060848e-09,
196.32730877,1.0,0.00107642655878,1.15869682056e-06,1.25391407297e-09,
196.738035358,1.0,0.00107642656678,1.15868970431e-06,1.24207091773e-09,
197.148761945,1.0,0.00107642657491,1.15870115819e-06,1.24197726964e-09,
197.559488533,1.0,0.00107642658021,1.158683179e-06,1.25265644667e-09,
197.97021512,1.0,0.0010764265728,1.15868794903e-06,1.24997645348e-09,
198.380941707,1.0,0.00107642657661,1.15868663451e-06,1.24797562145e-09,
198.791668295,1.0,0.00107642657618,1.15868561305e-06,1.24336848488e-09,
199.202394882,1.0,0.00107642657012,1.15869694561e-06,1.24676607548e-09,
199.61312147,1.0,0.00107642657031,1.15869814628e-06,1.24803900567e-09,
200.023848057,1.0,0.0010764265687,1.15869550939e-06,1.24256147252e-09,
200.434574644,1.0,0.00107642658005,1.15867307577e-06,1.25975181455e-09,
200.845301232,1.0,0.00107642656952,1.1586776339e-06,1.26225030959e-09,
201.256027819,1.0,0.00107642657394,1.15868554599e-06,1.23798935729e-09,
201.666754406,1.0,0.00107642656356,1.15869765126e-06,1.24520206588e-09,
202.077480994,1.0,0.00107642657273,1.15870299029e-06,1.24445988482e-09,
202.488207581,1.0,0.00107642657508,1.15869546058e-06,1.24315598239e-09,
202.898934169,1.0,0.00107642657475,1.15869154136e-06,1.25101800195e-09,
203.309660756,1.0,0.00107642657307,1.15868594865e-06,1.2511243866e-09,
203.720387343,1.0,0.00107642656984,1.15869685225e-06,1.25211966143e-09,
204.131113931,1.0,0.00107642656388,1.15869650044e-06,1.24197172075e-09,
204.541840518,1.0,0.0010764265655,1.15868924056e-06,1.24989657235e-09,
204.952567106,1.0,0.00107642657663,1.15868781428e-06,1.25032276605e-09,
