Coordinates:
0.0,0.714285714286,1.42857142857,2.14285714286,2.85714285714,3.57142857143,4.28571428571,5.0,5.71428571429,6.42857142857,7.14285714286,7.85714285714,8.57142857143,9.28571428571,10.0,
Volumes:
0.357142857143,0.714285714286,0.714285714286,0.714285714286,0.714285714286,0.714285714286,0.714285714286,0.714285714286,0.714285714286,0.714285714286,0.714285714286,0.714285714286,0.714285714286,0.714285714286,0.357142857143,

 Time(s), Displacement (m) on vertices
0.0,0.0,0.0,0.0,0.0,0.0,0.0,0.0,0.0,0.0,0.0,0.0,0.0,0.0,0.0,0.0,
1.0,9.25887883471e-21,-4.90229671396e-07,-9.80459740041e-07,-1.47069089314e-06,-1.96092460941e-06,-2.45116423843e-06,-2.94141744541e-06,-3.43170180599e-06,-3.92205763453e-06,-4.41257740913e-06,-4.90347327052e-06,-5.39523186147e-06,-5.88896952257e-06,-6.38724709824e-06,-6.89593907188e-06,
2.0,7.5692967588e-21,-4.90232607082e-07,-9.80467353279e-07,-1.47070764644e-06,-1.96096014436e-06,-2.45123852512e-06,-2.94157100353e-06,-3.43201527916e-06,-3.92268770578e-06,-4.41381852417e-06,-4.9058517998e-06,-5.39961329424e-06,-5.89655475421e-06,-6.39899131073e-06,-6.90990513604e-06,
3.0,1.4009183064e-21,-4.90241370746e-07,-9.80489118549e-07,-1.47075270216e-06,-1.9610490605e-06,-2.45141008245e-06,-2.94189583041e-06,-3.43261764954e-06,-3.92377705792e-06,-4.41572740476e-06,-4.90906281712e-06,-5.40472620173e-06,-5.9040925262e-06,-6.40891061976e-06,-6.92089162075e-06,
4.0,-1.62620080087e-21,-4.90260587471e-07,-9.80535143042e-07,-1.47084314742e-06,-1.96121686881e-06,-2.45171248375e-06,-2.94242768407e-06,-3.43352893214e-06,-3.92529133664e-06,-4.41815180489e-06,-4.91276922211e-06,-5.41007073554e-06,-5.91123949432e-06,-6.41757517232e-06,-6.93016987714e-06,
5.0,8.15891027747e-21,-4.90295257902e-07,-9.80615694373e-07,-1.47099462026e-06,-1.96148350701e-06,-2.45216590175e-06,-2.94317724476e-06,-3.43473217373e-06,-3.92715932386e-06,-4.42093991286e-06,-4.91673953543e-06,-5.41541263945e-06,-5.91794957494e-06,-6.42533714042e-06,-6.93833316576e-06,
6.0,4.89394219137e-21,-4.90349929715e-07,-9.80739534855e-07,-1.471218998e-06,-1.96186123218e-06,-2.45277740433e-06,-2.94413691451e-06,-3.43619193441e-06,-3.92930448664e-06,-4.4239704629e-06,-4.92083004519e-06,-5.42064911673e-06,-5.92425510092e-06,-6.43241931122e-06,-6.94570172077e-06,
7.0,-1.07426222493e-20,-4.90428112724e-07,-9.80912929619e-07,-1.47152348841e-06,-1.9623548114e-06,-2.4535439016e-06,-2.94528841857e-06,-3.43786708154e-06,-3.93165879991e-06,-4.42715478038e-06,-4.92495501254e-06,-5.42573910197e-06,-5.93020388053e-06,-6.43896915887e-06,-6.95246855783e-06,
8.0,-7.81575569584e-21,-4.90532010755e-07,-9.8113933995e-07,-1.47191078023e-06,-1.9629628932e-06,-2.45445558529e-06,-2.94660865487e-06,-3.43971776559e-06,-3.93416663996e-06,-4.43043046226e-06,-4.92906421596e-06,-5.43067009936e-06,-5.93584159429e-06,-6.44508888906e-06,-6.95875985903e-06,
9.0,-1.81151360397e-20,-4.90662520187e-07,-9.81419612922e-07,-1.47237978159e-06,-1.96367971709e-06,-2.45549884835e-06,-2.94807344107e-06,-3.44170847188e-06,-3.93678431481e-06,-4.43375426635e-06,-4.93312867587e-06,-5.4354426639e-06,-5.9412076715e-06,-6.45085225767e-06,-6.96466323767e-06,
10.0,2.03449033151e-20,-4.90819399137e-07,-9.81752442563e-07,-1.47292656815e-06,-1.96449669776e-06,-2.45665841157e-06,-2.94965960842e-06,-3.44380888881e-06,-3.93947813901e-06,-4.43709635855e-06,-4.93713207037e-06,-5.44006308572e-06,-5.94633511532e-06,-6.45631433193e-06,-6.9702423705e-06,
11.0,3.03351021309e-20,-4.91001515782e-07,-9.82134923146e-07,-1.47354530674e-06,-1.96540369999e-06,-2.45791872494e-06,-2.95134600533e-06,-3.44599372871e-06,-3.94222232148e-06,-4.44043614065e-06,-4.94106564742e-06,-5.44453990131e-06,-5.95125135318e-06,-6.46151740275e-06,-6.97554520896e-06,
12.0,7.38451835889e-21,-4.91207109667e-07,-9.82563080766e-07,-1.47422904087e-06,-1.96638997725e-06,-2.45926481581e-06,-2.9531138561e-06,-3.44824213366e-06,-3.94499712225e-06,-4.4437593555e-06,-4.94492520049e-06,-5.44888222304e-06,-5.95597922197e-06,-6.46649471765e-06,-6.98060889427e-06,
13.0,3.16211637716e-20,-4.91434027319e-07,-9.83032325743e-07,-1.47497030219e-06,-1.96744481628e-06,-2.46068275424e-06,-2.9549467714e-06,-3.45053698106e-06,-3.94778738272e-06,-4.44705611266e-06,-4.94870925297e-06,-5.45309895088e-06,-5.96053783966e-06,-6.47127292828e-06,-6.98546285671e-06,
14.0,-1.41613424336e-21,-4.91679914914e-07,-9.83537806759e-07,-1.47576155494e-06,-1.96855795104e-06,-2.46215987011e-06,-2.95683058958e-06,-3.45286422801e-06,-3.95058140206e-06,-4.45031954715e-06,-4.95241795535e-06,-5.45719842063e-06,-5.96494331692e-06,-6.47587374959e-06,-6.99013085557e-06,
15.0,-1.25211900448e-20,-4.91942364543e-07,-9.84074669832e-07,-1.47659549882e-06,-1.96971980716e-06,-2.46368481682e-06,-2.9587531496e-06,-3.45521234463e-06,-3.95337009554e-06,-4.45354490615e-06,-4.95605240855e-06,-5.46118826995e-06,-5.96920932236e-06,-6.48031511851e-06,-6.99463237088e-06,
16.0,-3.19517391563e-21,-4.92219018139e-07,-9.84638235551e-07,-1.47746526051e-06,-1.97092162748e-06,-2.4652475453e-06,-2.96070404882e-06,-3.45757184493e-06,-3.95614636915e-06,-4.45672892352e-06,-4.9596142456e-06,-5.46507541322e-06,-5.97334752838e-06,-6.48461202441e-06,-6.9989835824e-06,
17.0,2.5020420839e-20,-4.92507636269e-07,-9.85224111309e-07,-1.47836450239e-06,-1.97215551757e-06,-2.46683922864e-06,-2.96267441132e-06,-3.45993490686e-06,-3.9589046558e-06,-4.45986938848e-06,-4.96310537254e-06,-5.46886606913e-06,-5.97736796331e-06,-6.48877711844e-06,-7.00319807678e-06,
18.0,1.39510236663e-20,-4.92806139626e-07,-9.85828254578e-07,-1.47928747235e-06,-1.97341443954e-06,-2.46845216265e-06,-2.96465667809e-06,-3.46229506766e-06,-3.96164057015e-06,-4.46296484572e-06,-4.96652780861e-06,-5.47256581228e-06,-5.98127929158e-06,-6.49282117009e-06,-7.0072873705e-06,
19.0,-2.60449556154e-20,-4.93112630352e-07,-9.86447001028e-07,-1.48022901331e-06,-1.97469217406e-06,-2.47007965756e-06,-2.96664442191e-06,-3.46464698018e-06,-3.9643506505e-06,-4.46601438537e-06,-4.96988358891e-06,-5.47617963361e-06,-5.98508903816e-06,-6.49675341567e-06,-7.01126130456e-06,
20.0,1.17860343392e-20,-4.93425399145e-07,-9.87077068482e-07,-1.48118454667e-06,-1.97598326437e-06,-2.47171592971e-06,-2.96863218691e-06,-3.46698621785e-06,-3.96703216416e-06,-4.46901749461e-06,-4.97317470677e-06,-5.47971200195e-06,-5.98880377018e-06,-6.50058182897e-06,-7.01512834794e-06,
21.0,3.22886041325e-21,-4.93742922786e-07,-9.87715545084e-07,-1.4821500397e-06,-1.97728295154e-06,-2.47335599824e-06,-2.97061535034e-06,-3.46930911773e-06,-3.96968295933e-06,-4.47197395204e-06,-4.97640308122e-06,-5.4831669229e-06,-5.99242924508e-06,-6.50431333458e-06,-7.01889583486e-06,
22.0,1.48395279557e-20,-4.94063855586e-07,-9.88359867806e-07,-1.48312196423e-06,-1.97858710687e-06,-2.47499558936e-06,-2.97259000412e-06,-3.4716126536e-06,-3.9723013514e-06,-4.47488375178e-06,-4.97957054055e-06,-5.4865479931e-06,-5.99597053247e-06,-6.50795397834e-06,-7.02257015291e-06,
23.0,-5.39813666315e-21,-4.94387017265e-07,-9.89007795653e-07,-1.48409725128e-06,-1.97989216531e-06,-2.47663104922e-06,-2.97455285343e-06,-3.4738943326e-06,-3.97488603454e-06,-4.47774704853e-06,-4.98267881574e-06,-5.48985844943e-06,-5.99943211516e-06,-6.51150906523e-06,-7.02615689422e-06,
24.0,-5.91043259597e-21,-4.94711379041e-07,-9.89657380552e-07,-1.48507324519e-06,-1.9811950622e-06,-2.47825926567e-06,-2.97650112993e-06,-3.47615211047e-06,-3.97743601248e-06,-4.48056411738e-06,-4.98572954013e-06,-5.49310121281e-06,-6.00281797346e-06,-6.51498327202e-06,-7.02966097843e-06,
25.0,-6.70999600824e-21,-4.95036049119e-07,-9.903069379e-07,-1.48604765891e-06,-1.98249317445e-06,-2.47987759858e-06,-2.97843251745e-06,-3.47838432151e-06,-3.97995054344e-06,-4.48333532421e-06,-4.9887242527e-06,-5.49627892713e-06,-6.00613165598e-06,-6.51838074027e-06,-7.0330867535e-06,
26.0,-1.00071439693e-22,-4.95360258362e-07,-9.90955018052e-07,-1.48701853206e-06,-1.9837842669e-06,-2.48148381828e-06,-2.98034508826e-06,-3.48058962053e-06,-3.98242909613e-06,-4.48606110361e-06,-4.99166440342e-06,-5.49939399341e-06,-6.00937633939e-06,-6.52170515363e-06,-7.0364380793e-06,
27.0,-5.25157204385e-21,-4.95683346632e-07,-9.91600379482e-07,-1.48798419209e-06,-1.98506644392e-06,-2.48307605132e-06,-2.98223724841e-06,-3.48276693415e-06,-3.98487131406e-06,-4.48874194218e-06,-4.9945513596e-06,-5.50244859985e-06,-6.01255487904e-06,-6.52495980249e-06,-7.03971839734e-06,
28.0,3.97888957142e-21,-4.96004750071e-07,-9.92241964032e-07,-1.488943219e-06,-1.98633810614e-06,-2.48465273296e-06,-2.98410769077e-06,-3.48491542001e-06,-3.98727698648e-06,-4.491378366e-06,-4.99738641253e-06,-5.50544474806e-06,-6.01566985205e-06,-6.52814763858e-06,-7.04293078927e-06,
29.0,3.01631776208e-21,-4.9632398946e-07,-9.92878874407e-07,-1.48989441363e-06,-1.98759791206e-06,-2.48621256562e-06,-2.98595535467e-06,-3.48703443231e-06,-3.98964602441e-06,-4.49397093082e-06,-5.00017078412e-06,-5.50838427599e-06,-6.01872359416e-06,-6.53127132106e-06,-7.04607802636e-06,
