Coordinates:
0.0,0.714285714286,1.42857142857,2.14285714286,2.85714285714,3.57142857143,4.28571428571,5.0,5.71428571429,6.42857142857,7.14285714286,7.85714285714,8.57142857143,9.28571428571,10.0,
Volumes:
0.357142857143,0.714285714286,0.714285714286,0.714285714286,0.714285714286,0.714285714286,0.714285714286,0.714285714286,0.714285714286,0.714285714286,0.714285714286,0.714285714286,0.714285714286,0.714285714286,0.357142857143,

 Time(s), Error (-) on vertices
167.811431457,0.0,125181.937596,74180.9166997,43958.821583,26049.7341672,15437.0407384,9148.04727559,5421.21266499,3212.6860227,1903.89951921,1128.29788518,668.663544469,396.274162246,234.848735253,139.1826747,82.4872343555,48.8869623598,28.9737191567,17.1719836255,10.1775175289,6.03210064624,3.57520364424,2.11903748058,1.25597880586,0.744443903204,0.441253151304,0.26154717081,0.155031087019,0.0918955155316,0.0544724381816,0.0322898848819,0.0191409544422,0.0113466673872,0.00672637291594,0.00398750914178,0.00236390942817,0.0014014209937,0.000830836087282,0.000492573774699,0.000292036215646,0.000173145828816,0.00010265911468,6.08686292695e-05,3.60910958842e-05,2.1400220145e-05,1.26895970184e-05,7.5246879331e-06,4.46211263275e-06,2.64614166586e-06,1.56924446561e-06,9.30631133192e-07,
335.622862913,1.0,0.600470721583,0.360602349978,0.216575931716,0.130087865155,0.0781462896552,0.0469488474441,0.0282089232915,0.0169509125623,0.0101869610154,0.00612267447193,0.00368029497957,0.00221242716804,0.00133014866003,0.00079979036185,0.000480946612645,0.000289242573688,0.000173969102053,0.000104646929529,6.29542739197e-05,3.78763567396e-05,2.27905762967e-05,1.37147033324e-05,8.25394163383e-06,4.96798287527e-06,2.99049000551e-06,1.80031304458e-06,1.08391927938e-06,6.52662888672e-07,
503.43429437,1.0,0.597258602711,0.356738266353,0.213089484203,0.127291540649,0.0760435595746,0.0454308506136,0.0271434469997,0.0162182874212,0.00969105398582,0.00579112875501,0.00346084203351,0.00206836338148,0.00123622798161,0.000738919488499,0.000441695169964,0.000264043396873,0.000157853878352,9.4376232744e-05,5.6428382687e-05,3.37411826638e-05,2.01767344163e-05,1.20661710241e-05,7.21632760122e-06,4.31609812853e-06,2.58163489902e-06,1.54428309249e-06,9.23820771239e-07,
671.245725827,1.0,0.522733022656,0.273380404863,0.143043272703,0.0748833450654,0.0392216565388,0.0205539213712,0.0107769700171,0.00565375560371,0.00296770602967,0.00155866682885,0.000819104456018,0.000430708861035,0.000226616588191,0.000119307487585,6.28516138179e-05,3.31315969607e-05,1.74763133444e-05,9.22450201322e-06,4.87220589851e-06,2.57514486658e-06,1.3619919278e-06,7.20854314875e-07,
839.057157283,1.0,0.447041175188,0.200150810324,0.0897554661584,0.0403171903595,0.0181416983928,0.00817818136276,0.00369368135371,0.00167154672241,0.000757994314906,0.000344455193343,0.000156873166329,7.16047606292e-05,3.27596049192e-05,1.50232137961e-05,6.90614600693e-06,3.18255368786e-06,1.47027299024e-06,6.80948528523e-07,
1006.86858874,1.0,0.370903673555,0.13810471928,0.0516381484227,0.0193945568545,0.00731931041017,0.00277635390201,0.00105882279048,0.000406104509727,0.0001566859273,6.08271098059e-05,2.37639879693e-05,9.34450503212e-06,3.69867434111e-06,1.47368236428e-06,5.91047286223e-07,
1174.6800202,1.0,0.29463249674,0.0876323428767,0.0263395949621,0.00800899330961,0.00246614217549,0.000769723704768,0.000243704956867,7.83158237708e-05,2.55518908303e-05,8.46449589875e-06,2.84635185794e-06,9.71168138732e-07,
1342.49145165,1.0,0.218479757782,0.048916893857,0.0112641163852,0.00267606110802,0.000657417605268,0.000167178947486,4.39930070466e-05,1.19622036417e-05,3.35339441802e-06,9.66621842458e-07,
1510.30288311,1.0,0.142932051307,0.0220664185683,0.00371218175157,0.000680996066656,0.000135332912127,2.88336290253e-05,6.51597047732e-06,1.54732305238e-06,3.83171275778e-07,
1678.11431457,1.0,0.0702949975579,0.00704340972486,0.000901794977395,0.000136276614479,2.31887855801e-05,4.31680211798e-06,8.62494506532e-07,
1845.92574602,1.0,0.0359545839453,0.00212164960799,0.000194315207865,2.42422374453e-05,3.60200903717e-06,5.94335027372e-07,
2013.73717748,1.0,0.0974475240239,0.0109435671475,0.00130269481549,0.000161367104506,2.06205349418e-05,2.69619442799e-06,3.58101592316e-07,
2181.54860894,1.0,0.0651580343567,0.0051092093432,0.000432042523063,3.86632278262e-05,3.60129747712e-06,3.47388978543e-07,
2349.36004039,1.0,0.0353874605626,0.00172727012438,0.000110857146668,9.69713701455e-06,1.1519334424e-06,1.62978083911e-07,
2517.17147185,1.0,0.0266863988151,0.00170461231639,0.000152713503764,1.69303314297e-05,2.15732083022e-06,3.07236064127e-07,
2684.98290331,1.0,0.0245884772938,0.00110036292363,8.0185290096e-05,8.03503638864e-06,9.53454857898e-07,
2852.79433476,1.0,0.036821583181,0.00174430262751,9.62674911156e-05,6.04093144623e-06,4.86408775564e-07,
3020.60576622,1.0,0.0543794008859,0.00348585715487,0.000243011689519,1.77683552075e-05,1.33124497698e-06,1.01532262696e-07,
3188.41719768,1.0,0.0465390484304,0.00260739312797,0.000160717211741,1.03560268368e-05,6.85577933226e-07,
3356.22862913,1.0,0.0387255420481,0.00186551723193,0.000100158013554,5.64364994343e-06,3.39981666431e-07,
3524.04006059,1.0,0.0311141289743,0.00127163653512,5.88245123985e-05,3.07709038648e-06,2.07287306893e-07,
3691.85149205,1.0,0.0240673310148,0.000844584341648,3.5530403023e-05,2.21007869461e-06,1.96001114323e-07,
3859.6629235,1.0,0.0184376022498,0.000618401772203,3.00964351919e-05,2.29437809891e-06,2.20344183765e-07,
4027.47435496,1.0,0.0211637469588,0.000684904416219,2.67402844871e-05,1.65595581779e-06,1.47704204107e-07,
4195.28578642,1.0,0.0249368081898,0.000859310497242,3.20493012002e-05,1.47835476366e-06,1.03744752397e-07,
4363.09721787,1.0,0.0293343383014,0.00111666484466,4.51807621477e-05,1.92540331676e-06,9.63965656207e-08,
4530.90864933,1.0,0.0341008053993,0.00144124737897,6.47411396599e-05,2.96290028205e-06,1.39224867591e-07,
4698.72008079,1.0,0.0323990957068,0.0013092795892,5.57632468055e-05,2.41704505442e-06,1.08628819455e-07,
4866.53151224,1.0,0.030680853525,0.00118160096722,4.75328984775e-05,1.94559604743e-06,8.38605506476e-08,
5034.3429437,1.0,0.0289500678266,0.0010585333944,4.00602947751e-05,1.54433173187e-06,6.42164571498e-08,
5202.15437516,1.0,0.0272109512282,0.000940408045919,3.33522584896e-05,1.20891355151e-06,4.90382971951e-08,
5369.96580661,1.0,0.0254682602394,0.000827575780013,2.74131165018e-05,9.35152369576e-07,
5537.77723807,1.0,0.0268966499424,0.000903121020681,3.08908529325e-05,1.07062704243e-06,4.0107253976e-08,
5705.58866953,1.0,0.0283561661565,0.000984139160212,3.48120933025e-05,1.23936989625e-06,4.5593399847e-08,
5873.40010098,1.0,0.0281683419258,0.000963227333973,3.34773701532e-05,1.16934639477e-06,4.19432777052e-08,
6041.21153244,1.0,0.027963600232,0.000941501272726,3.2139367171e-05,1.10143135634e-06,3.85699801238e-08,
6209.0229639,1.0,0.0277415636455,0.000919024981228,3.08016780531e-05,1.03558994206e-06,3.54375401566e-08,
6376.83439535,1.0,0.0275019753135,0.000895865368462,2.94679961197e-05,9.71828226206e-07,
6544.64582681,1.0,0.0280898361141,0.000923663201172,3.06574619917e-05,1.01926811973e-06,3.4165997776e-08,
6712.45725827,1.0,0.0286707452742,0.000951704488119,3.18770511812e-05,1.06894679184e-06,3.60097839422e-08,
6880.26868972,1.0,0.0288132007662,0.000952771548637,3.17618443006e-05,1.05977083486e-06,3.54707460706e-08,
7048.08012118,1.0,0.0289416636785,0.000953258686821,3.16273384751e-05,1.05008095159e-06,3.49388095079e-08,
7215.89155264,1.0,0.0290561984314,0.000953179328838,3.14741548159e-05,1.03987738783e-06,3.44071938786e-08,
7383.70298409,1.0,0.029156957575,0.000952549640615,3.13030303216e-05,1.02917454641e-06,3.38719931915e-08,
7551.51441555,1.0,0.0292441691396,0.000951388002858,3.11147869573e-05,1.0179943837e-06,3.3330342386e-08,
7719.32584701,1.0,0.029318125006,0.000949714544163,3.09103054721e-05,1.00636567302e-06,3.27818060974e-08,
7887.13727846,1.0,0.0293791702376,0.000947550731575,3.06905060377e-05,9.94320338714e-07,
8054.94870992,1.0,0.029649940539,0.000958827816729,3.11300821617e-05,1.0109350331e-06,3.28377408792e-08,
8222.76014138,1.0,0.0299104204494,0.00096981207412,3.1562224507e-05,1.02739654157e-06,3.34488872436e-08,
8390.57157283,1.0,0.0300488057584,0.000973416425248,3.16410007039e-05,1.02868111372e-06,3.34475967678e-08,
8558.38300429,1.0,0.0301766920156,0.00097664947421,3.17075244578e-05,1.02956927166e-06,3.34337941752e-08,
8726.19443575,1.0,0.0302945011797,0.000979527090903,3.17623327635e-05,1.03007759059e-06,3.3408246641e-08,
8894.0058672,1.0,0.030402665952,0.000982065451,3.18059740621e-05,1.03022437045e-06,3.33714262032e-08,
9061.81729866,1.0,0.0305016247776,0.000984280859784,3.18390032662e-05,1.03002729766e-06,3.33236704091e-08,
9229.62873012,1.0,0.0305918175164,0.000986189591945,3.18619746532e-05,1.02950555961e-06,3.32655747172e-08,
9397.44016157,1.0,0.0306736817432,0.000987807764078,3.18754361302e-05,1.02867616137e-06,3.31971634247e-08,
9565.25159303,1.0,0.0307476496059,0.000989151222634,3.18799275789e-05,1.02755951087e-06,3.31211513814e-08,
9733.06302449,1.0,0.0308141452086,0.000990235455965,3.18759745309e-05,1.02617130073e-06,3.30358639013e-08,
9900.87445594,1.0,0.030873582457,0.000991075521392,3.18640882372e-05,1.02452922989e-06,3.29420444699e-08,
10068.6858874,1.0,0.0309263633233,0.00099168598994,3.18447633736e-05,1.02265024724e-06,3.28413059682e-08,
10236.4973189,1.0,0.0309728764867,0.000992080900587,3.18184750534e-05,1.0205506541e-06,3.27335392666e-08,
10404.3087503,1.0,0.0310134962973,0.000992273731715,3.17856791613e-05,1.01824465424e-06,3.26194928243e-08,
10572.1201818,1.0,0.0310485820391,0.000992277378256,3.17468113746e-05,1.01574761612e-06,3.24996975912e-08,
10739.9316132,1.0,0.0310784774323,0.000992104138793,3.1702285644e-05,1.01307280017e-06,3.23737237572e-08,
10907.7430447,1.0,0.0311035103614,0.000991765712052,3.16524966162e-05,1.01023378712e-06,3.22433875754e-08,
11075.5544761,1.0,0.0311239927813,0.000991273196514,3.1597817042e-05,1.00724337641e-06,3.21079987298e-08,
11243.3659076,1.0,0.0311402207857,0.000990637100393,3.15385992615e-05,1.00411276622e-06,3.19686805302e-08,
11411.1773391,1.0,0.0311524747946,0.000989867349088,3.14751772958e-05,1.00085359266e-06,3.1825515312e-08,
11578.9887705,1.0,0.0311610198586,0.000988973299359,3.14078617102e-05,9.97475139529e-07,
11746.800202,1.0,0.0312244568157,0.000991648134792,3.15123754181e-05,1.00141452758e-06,3.18236302837e-08,
11914.6116334,1.0,0.0312847767755,0.000994223350607,3.16138264411e-05,1.00526060911e-06,3.19652313102e-08,
12082.4230649,1.0,0.03131296203,0.000994855525061,3.16241774943e-05,1.00527816295e-06,3.19560713602e-08,
12250.2344963,1.0,0.0313383919941,0.000995396230075,3.1631606911e-05,1.00520320632e-06,3.1943709292e-08,
12418.0459278,1.0,0.0313612573859,0.000995851852768,3.16363197958e-05,1.00504103009e-06,3.1928845428e-08,
12585.8573592,1.0,0.0313817369932,0.000996228374112,3.16385090283e-05,1.00479893416e-06,3.19106874401e-08,
12753.6687907,1.0,0.0313999982416,0.000996531393986,3.16383548877e-05,1.00448297013e-06,3.18913800942e-08,
12921.4802222,1.0,0.0314161977479,0.000996766148118,3.16360253694e-05,1.00409711868e-06,3.18691515025e-08,
13089.2916536,1.0,0.0314304818865,0.000996937524902,3.16316776564e-05,1.00364741796e-06,3.18449110496e-08,
13257.1030851,1.0,0.0314429873364,0.000997050088761,3.1625459702e-05,1.00313915595e-06,3.18188852941e-08,
13424.9145165,1.0,0.0314538416257,0.000997108093929,3.16175061359e-05,1.00257488183e-06,3.17906940972e-08,
13592.725948,1.0,0.0314631636536,0.000997115508234,3.1607947343e-05,1.00196144381e-06,3.17624805656e-08,
13760.5373794,1.0,0.0314710642026,0.000997076022592,3.15968997909e-05,1.00129984872e-06,3.17313935461e-08,
13928.3488109,1.0,0.031477646423,0.000996993074386,3.15844741571e-05,1.00059520288e-06,3.1698913356e-08,
14096.1602424,1.0,0.0314830063093,0.000996869859989,3.15707736242e-05,9.99850640808e-07,
14263.9716738,1.0,0.0315019454374,0.000997639561057,3.16000772427e-05,1.00093350659e-06,3.17045152118e-08,
14431.7831053,1.0,0.0315198431051,0.000998375370377,3.1628312583e-05,1.0019829676e-06,3.17425651338e-08,
14599.5945367,1.0,0.0315294151769,0.000998614081032,3.16334314692e-05,1.00206802972e-06,3.17428476225e-08,
14767.4059682,1.0,0.0315417701183,0.000999056197747,3.16486786748e-05,1.00259052107e-06,3.17607456151e-08,
14935.2173996,1.0,0.0315514537519,0.000999354657214,3.16575293896e-05,1.00285039374e-06,3.17685944846e-08,
15103.0288311,1.0,0.0315612881447,0.000999686143615,3.16683499914e-05,1.003204178e-06,3.17807684374e-08,
15270.8402626,1.0,0.0315699494561,0.000999965152386,3.16770447408e-05,1.00347394016e-06,3.17884667166e-08,
15438.651694,1.0,0.0315781809532,0.0010002371091,3.16857460799e-05,1.00375179087e-06,3.17975807663e-08,
15606.4631255,1.0,0.0315856862564,0.00100048176128,3.16934662846e-05,1.00399537239e-06,3.18043002224e-08,
15774.2745569,1.0,0.0315926834377,0.00100071152837,3.17007718046e-05,1.004227162e-06,3.18116667882e-08,
15942.0859884,1.0,0.0315991282069,0.00100092232155,3.17074473218e-05,1.00443814147e-06,3.1818805137e-08,
16109.8974198,1.0,0.0316051027412,0.00100111815147,3.17136629419e-05,1.0046357373e-06,3.18253046592e-08,
16277.7088513,1.0,0.0316106215768,0.00100129883456,3.17193904233e-05,1.004817118e-06,3.18309579846e-08,
16445.5202828,1.0,0.0316157289907,0.00100146615173,3.17246976809e-05,1.00498533072e-06,3.18358544787e-08,
16613.3317142,1.0,0.0316204505876,0.00100162077652,3.17296006301e-05,1.00514009776e-06,3.18408615471e-08,
16781.1431457,1.0,0.0316248177901,0.00100176382164,3.17341371883e-05,1.00528463714e-06,3.18460282705e-08,
16948.9545771,1.0,0.0316288558411,0.00100189607143,3.17383311474e-05,1.00541677738e-06,3.18498307626e-08,
17116.7660086,1.0,0.0316325900414,0.00100201837584,3.17422103287e-05,1.00554022197e-06,3.1853873704e-08,
17284.57744,1.0,0.0316360428459,0.00100213145949,3.17457964462e-05,1.00565375671e-06,3.18570170996e-08,
17452.3888715,1.0,0.0316392355318,0.00100223602618,3.17491127841e-05,1.00575874317e-06,3.18612383511e-08,
17620.2003029,1.0,0.0316421875414,0.00100233270918,3.17521780273e-05,1.00585501942e-06,3.18638770668e-08,
17788.0117344,1.0,0.0316449169933,0.00100242210373,3.17550136742e-05,1.0059450572e-06,3.18666478336e-08,
17955.8231659,1.0,0.0316474405949,0.00100250475515,3.17576345658e-05,1.00602721289e-06,3.18683775804e-08,
18123.6345973,1.0,0.0316497738338,0.0010025811713,3.17600574956e-05,1.00610355791e-06,3.18705994004e-08,
18291.4460288,1.0,0.0316519310255,0.00100265182113,3.17622983473e-05,1.00617615939e-06,3.18742991984e-08,
18459.2574602,1.0,0.0316539254233,0.00100271714104,3.17643705957e-05,1.00624188704e-06,3.18762345294e-08,
18627.0688917,1.0,0.0316557692813,0.00100277752993,3.17662859902e-05,1.00630288367e-06,3.18783114534e-08,
18794.8803231,1.0,0.0316574739394,0.00100283335852,3.17680557861e-05,1.0063592639e-06,3.1880098627e-08,
18962.6917546,1.0,0.0316590498832,0.00100288497276,3.17696932815e-05,1.00641061783e-06,3.1881483749e-08,
19130.5031861,1.0,0.0316605068165,0.00100293268735,3.17712056089e-05,1.0064580393e-06,3.18835985787e-08,
19298.3146175,1.0,0.0316618537096,0.00100297679972,3.17726055227e-05,1.00650347865e-06,3.18848815077e-08,
19466.126049,1.0,0.0316630988609,0.00100301757932,3.17738985884e-05,1.00654384065e-06,3.18851773762e-08,
19633.9374804,1.0,0.0316642499446,0.00100305527856,3.17750935941e-05,1.00658177639e-06,3.18873424363e-08,
19801.7489119,1.0,0.0316653140587,0.00100309013014,3.17761999786e-05,1.00661653643e-06,3.18875644759e-08,
19969.5603433,1.0,0.0316662977633,0.00100312234642,3.17772211329e-05,1.00664956578e-06,3.18897184798e-08,
20137.3717748,1.0,0.0316672071311,0.00100315212854,3.17781651214e-05,1.00667853324e-06,3.18897461211e-08,
20305.1832063,1.0,0.0316680477699,0.00100317966034,3.17790390263e-05,1.00670681972e-06,3.18909776832e-08,
20472.9946377,1.0,0.0316688248729,0.00100320511097,3.1779845777e-05,1.00673234165e-06,3.18914942559e-08,
20640.8060692,1.0,0.0316695432354,0.00100322863753,3.17805912282e-05,1.00675639531e-06,3.18927605868e-08,
20808.6175006,1.0,0.0316702072925,0.00100325038524,3.1781281847e-05,1.0067777662e-06,3.18929173252e-08,
20976.4289321,1.0,0.0316708211503,0.00100327049078,3.17819192955e-05,1.00679796117e-06,3.18939175475e-08,
21144.2403635,1.0,0.0316713885966,0.00100328907294,3.17825072467e-05,1.00681638053e-06,3.18950481435e-08,
21312.051795,1.0,0.0316719131421,0.00100330625304,3.17830527189e-05,1.00683436629e-06,3.18951768741e-08,
21479.8632265,1.0,0.0316723980245,0.00100332213291,3.17835572723e-05,1.0068493248e-06,3.1894138664e-08,
21647.6746579,1.0,0.0316728462438,0.00100333681229,3.17840221718e-05,1.00686526127e-06,3.18964614236e-08,
21815.4860894,1.0,0.0316732605697,0.00100335038083,3.17844529935e-05,1.00687732686e-06,3.18950734264e-08,
21983.2975208,1.0,0.0316736435649,0.001003362925,3.17848499962e-05,1.00689095858e-06,3.18973851716e-08,
22151.1089523,1.0,0.0316739975964,0.00100337452052,3.17852190194e-05,1.00690281266e-06,3.18963881465e-08,
22318.9203837,1.0,0.0316743248534,0.0010033852383,3.17855592473e-05,1.00691407126e-06,3.18974405671e-08,
22486.7318152,1.0,0.0316746273609,0.00100339514523,3.17858726482e-05,1.00692360387e-06,3.18978436522e-08,
22654.5432466,1.0,0.0316749069892,0.00100340430325,3.17861635966e-05,1.00693246668e-06,3.18974548844e-08,
22822.3546781,1.0,0.0316751654708,0.00100341276697,3.17864310825e-05,1.00694195005e-06,3.18988074837e-08,
22990.1661096,1.0,0.0316754044004,0.00100342059371,3.17866798938e-05,1.00694851309e-06,3.18977075544e-08,
23157.977541,1.0,0.0316756252588,0.0010034278271,3.17869081928e-05,1.00695523496e-06,3.18986701562e-08,
23325.7889725,1.0,0.0316758294112,0.00100343451379,3.17871214155e-05,1.00696217527e-06,3.18986302306e-08,
23493.6004039,1.0,0.0316760181238,0.00100344069331,3.17873173479e-05,1.00696831205e-06,3.18980228794e-08,
23661.4118354,1.0,0.0316761925619,0.00100344640714,3.17874982296e-05,1.0069748213e-06,3.18994576685e-08,
23829.2232668,1.0,0.0316763538031,0.00100345168737,3.17876651761e-05,1.00697890016e-06,3.18994114673e-08,
23997.0346983,1.0,0.031676502849,0.00100345656741,3.17878190086e-05,1.00698450422e-06,3.18999515958e-08,
24164.8461298,1.0,0.0316766406192,0.00100346107983,3.17879636067e-05,1.00698980151e-06,3.18993562402e-08,
24332.6575612,1.0,0.0316767679695,0.00100346525113,3.17880953142e-05,1.00699398427e-06,3.19004758798e-08,
24500.4689927,1.0,0.0316768856864,0.00100346910697,3.1788217641e-05,1.00699780027e-06,3.19009511868e-08,
24668.2804241,1.0,0.0316769944964,0.0010034726698,3.17883300113e-05,1.00699969906e-06,3.1899577351e-08,
24836.0918556,1.0,0.0316770950767,0.00100347596457,3.17884362474e-05,1.00700474537e-06,3.19009938835e-08,
25003.903287,1.0,0.0316771880482,0.00100347900905,3.17885315892e-05,1.0070075423e-06,3.19008233968e-08,
25171.7147185,1.0,0.0316772739859,0.00100348182399,3.17886216696e-05,1.00701015438e-06,3.18998907093e-08,
25339.52615,1.0,0.0316773534227,0.00100348442486,3.17887036197e-05,1.00701210977e-06,3.18994957746e-08,
25507.3375814,1.0,0.0316774268512,0.00100348682986,3.1788780523e-05,1.00701528183e-06,3.19003962143e-08,
25675.1490129,1.0,0.0316774947237,0.00100348905305,3.17888503437e-05,1.0070172292e-06,3.19009690117e-08,
25842.9604443,1.0,0.0316775574621,0.00100349110677,3.17889151056e-05,1.00702031171e-06,3.19016021795e-08,
26010.7718758,1.0,0.0316776154536,0.00100349300607,3.17889755883e-05,1.00702284701e-06,3.19024778382e-08,
26178.5833072,1.0,0.0316776690598,0.00100349476243,3.17890313857e-05,1.00702247959e-06,3.19003397094e-08,
26346.3947387,1.0,0.0316777186091,0.00100349638496,3.17890831751e-05,1.00702533948e-06,3.18998485059e-08,
26514.2061702,1.0,0.0316777644073,0.00100349788536,3.17891309712e-05,1.0070259205e-06,3.19013085553e-08,
26682.0176016,1.0,0.0316778067441,0.00100349927183,3.17891737508e-05,1.00702603842e-06,3.19003887742e-08,
26849.8290331,1.0,0.0316778458779,0.00100350055165,3.17892137762e-05,1.00702907331e-06,3.1899952751e-08,
27017.6404645,1.0,0.0316778820512,0.0010035017373,3.17892518479e-05,1.00703071343e-06,3.19014141134e-08,
27185.451896,1.0,0.0316779154855,0.00100350283128,3.17892865639e-05,1.00703255974e-06,3.19033140821e-08,
27353.2633274,1.0,0.031677946392,0.00100350384487,3.17893203722e-05,1.00703347566e-06,3.19020567947e-08,
27521.0747589,1.0,0.0316779749605,0.00100350478142,3.17893497655e-05,1.00703330341e-06,3.1900718953e-08,
27688.8861903,1.0,0.0316780013682,0.00100350564583,3.17893773399e-05,1.00703409313e-06,3.19003238945e-08,
27856.6976218,1.0,0.0316780257753,0.00100350644371,3.17894004173e-05,1.00703370531e-06,3.19018096259e-08,
28024.5090533,1.0,0.0316780483385,0.00100350718398,3.17894256531e-05,1.00703611485e-06,3.19010644979e-08,
28192.3204847,1.0,0.0316780691947,0.0010035078678,3.17894463392e-05,1.00703589018e-06,3.19010764168e-08,
28360.1319162,1.0,0.0316780884717,0.00100350849773,3.1789466442e-05,1.00703729021e-06,3.19021426049e-08,
28527.9433476,1.0,0.0316781062908,0.0010035090823,3.17894849111e-05,1.00703530197e-06,3.18994796495e-08,
28695.7547791,1.0,0.031678122761,0.00100350962139,3.17895038571e-05,1.00703799152e-06,3.19008932177e-08,
28863.5662105,1.0,0.0316781379855,0.00100351011888,3.17895182882e-05,1.00703803523e-06,3.19002544374e-08,
29031.377642,1.0,0.0316781520592,0.00100351058067,3.17895330731e-05,1.00703856646e-06,3.19012525244e-08,
29199.1890735,1.0,0.031678165067,0.00100351100464,3.17895451908e-05,1.00703798315e-06,3.19007583494e-08,
29367.0005049,1.0,0.0316781770932,0.00100351140141,3.17895595231e-05,1.0070395889e-06,3.19015284938e-08,
29534.8119364,1.0,0.0316781882071,0.00100351176475,3.17895714372e-05,1.00703937955e-06,3.18992718468e-08,
29702.6233678,1.0,0.0316781984804,0.00100351210054,3.17895799175e-05,1.00704056499e-06,3.1901767727e-08,
29870.4347993,1.0,0.0316782079755,0.00100351241124,3.17895915608e-05,1.00704096649e-06,3.19002408251e-08,
30038.2462307,1.0,0.0316782167549,0.00100351269976,3.17896007964e-05,1.00704067919e-06,3.19004824692e-08,
30206.0576622,1.0,0.0316782248674,0.00100351296524,3.17896080301e-05,1.00704158511e-06,3.19035495501e-08,
30373.8690937,1.0,0.0316782323686,0.00100351320999,3.17896147859e-05,1.00703999059e-06,3.19009362751e-08,
30541.6805251,1.0,0.031678239301,0.00100351343705,3.17896249366e-05,1.00704338519e-06,3.1901899591e-08,
30709.4919566,1.0,0.0316782457092,0.00100351364794,3.17896304197e-05,1.00704144636e-06,3.19004026685e-08,
30877.303388,1.0,0.0316782516322,0.00100351384247,3.17896374698e-05,1.00704363251e-06,3.19023843665e-08,
31045.1148195,1.0,0.0316782571084,0.00100351402196,3.17896428046e-05,1.00704355713e-06,3.19037515556e-08,
31212.9262509,1.0,0.0316782621681,0.00100351418583,3.17896469553e-05,1.00704219218e-06,3.19017848978e-08,
31380.7376824,1.0,0.0316782668453,0.00100351433826,3.17896533595e-05,1.00704545026e-06,3.1901952903e-08,
31548.5491139,1.0,0.0316782711713,0.00100351448219,3.17896563089e-05,1.00704300819e-06,3.1901818632e-08,
31716.3605453,1.0,0.0316782751676,0.00100351461447,3.17896635979e-05,1.00704519389e-06,3.19018826749e-08,
31884.1719768,1.0,0.0316782788621,0.00100351473267,3.1789666081e-05,1.00704459393e-06,3.19015321982e-08,
32051.9834082,1.0,0.0316782822764,0.00100351484463,3.17896673059e-05,1.00704263879e-06,3.19014562681e-08,
32219.7948397,1.0,0.0316782854331,0.00100351494749,3.17896724727e-05,1.00704346159e-06,3.1901680228e-08,
32387.6062711,1.0,0.0316782883508,0.00100351504377,3.1789673109e-05,1.00704313727e-06,3.19034179946e-08,
32555.4177026,1.0,0.0316782910484,0.00100351513013,3.17896750059e-05,1.00704276154e-06,3.19007798654e-08,
32723.229134,1.0,0.0316782935408,0.00100351521452,3.17896806946e-05,1.00704424601e-06,3.19013578717e-08,
32891.0405655,1.0,0.0316782958449,0.00100351528913,3.17896821108e-05,1.00704504325e-06,3.19029297261e-08,
33058.851997,1.0,0.0316782979753,0.00100351535751,3.17896842274e-05,1.00704424316e-06,3.19006938109e-08,
33226.6634284,1.0,0.0316782999458,0.00100351542305,3.17896849456e-05,1.00704550954e-06,3.190319335e-08,
33394.4748599,1.0,0.0316783017643,0.00100351548401,3.17896878473e-05,1.00704255243e-06,3.1901230109e-08,
33562.2862913,1.0,0.0316783034465,0.00100351553695,3.17896902132e-05,1.00704428384e-06,3.19015461288e-08,
33730.0977228,1.0,0.0316783050039,0.00100351559066,3.17896923853e-05,1.00704521832e-06,3.19036362783e-08,
33897.9091542,1.0,0.0316783064415,0.00100351563909,3.1789695247e-05,1.00704524639e-06,3.19024280527e-08,
34065.7205857,1.0,0.0316783077688,0.00100351567938,3.17896943235e-05,1.00704407857e-06,3.19006307078e-08,
34233.5320172,1.0,0.0316783089962,0.0010035157205,3.17896965835e-05,1.00704538465e-06,3.19024370483e-08,
34401.3434486,1.0,0.0316783101301,0.0010035157566,3.17896971176e-05,1.00704503479e-06,3.19022783245e-08,
34569.1548801,1.0,0.031678311181,0.00100351579282,3.17896978086e-05,1.0070439618e-06,3.19010646078e-08,
34736.9663115,1.0,0.0316783121496,0.00100351582296,3.17896973372e-05,1.007043915e-06,3.19020919131e-08,
34904.777743,1.0,0.0316783130467,0.00100351585303,3.17897006318e-05,1.00704584023e-06,3.19031537789e-08,
35072.5891744,1.0,0.0316783138755,0.00100351587972,3.17897022674e-05,1.00704613127e-06,3.19033843555e-08,
35240.4006059,1.0,0.0316783146415,0.00100351590466,3.17896995923e-05,1.00704275655e-06,3.19033341164e-08,
35408.2120374,1.0,0.0316783153497,0.00100351592805,3.17897024797e-05,1.00704520744e-06,3.1900965696e-08,
35576.0234688,1.0,0.0316783160039,0.00100351594917,3.17897026506e-05,1.00704431846e-06,3.19013831143e-08,
35743.8349003,1.0,0.03167831661,0.00100351596923,3.17897030207e-05,1.00704458284e-06,3.19015627525e-08,
35911.6463317,1.0,0.0316783171667,0.00100351598673,3.17897054231e-05,1.00704759089e-06,3.19036349248e-08,
36079.4577632,1.0,0.0316783176826,0.00100351600352,3.17897045995e-05,1.00704455356e-06,3.19023991728e-08,
36247.2691946,1.0,0.0316783181597,0.00100351601865,3.17897056364e-05,1.00704482032e-06,3.19004948972e-08,
36415.0806261,1.0,0.0316783186044,0.00100351603405,3.17897041188e-05,1.007041144e-06,3.18984217185e-08,
36582.8920576,1.0,0.0316783190117,0.00100351604836,3.17897056682e-05,1.00704340648e-06,3.19026404026e-08,
36750.703489,1.0,0.0316783193891,0.0010035160586,3.17897067649e-05,1.00704460713e-06,3.18994143453e-08,
36918.5149205,1.0,0.0316783197391,0.00100351607217,3.17897083363e-05,1.00704656579e-06,3.190106675e-08,
37086.3263519,1.0,0.0316783200602,0.00100351608068,3.17897047201e-05,1.00704363187e-06,3.19019945187e-08,
37254.1377834,1.0,0.031678320359,0.00100351609235,3.17897076297e-05,1.00704642362e-06,3.19028949278e-08,
37421.9492148,1.0,0.0316783206301,0.00100351610041,3.17897075055e-05,1.00704344775e-06,3.1901697074e-08,
37589.7606463,1.0,0.0316783208862,0.00100351610879,3.17897079057e-05,1.00704335604e-06,3.19016007525e-08,
37757.5720777,1.0,0.0316783211268,0.00100351611771,3.17897088895e-05,1.00704419238e-06,3.18978146259e-08,
37925.3835092,1.0,0.0316783213427,0.00100351612731,3.17897111166e-05,1.00704508777e-06,3.19007645702e-08,
38093.1949407,1.0,0.0316783215451,0.0010035161308,3.1789708278e-05,1.00704473525e-06,3.19023997004e-08,
38261.0063721,1.0,0.031678321728,0.00100351613632,3.17897090525e-05,1.00704739833e-06,3.19034063033e-08,
38428.8178036,1.0,0.0316783219016,0.00100351614428,3.17897105476e-05,1.00704507219e-06,3.19030194795e-08,
38596.629235,1.0,0.0316783220602,0.00100351614681,3.17897084964e-05,1.00704549635e-06,3.19029794923e-08,
38764.4406665,1.0,0.0316783222058,0.00100351615249,3.17897099896e-05,1.00704443167e-06,3.19011015981e-08,
38932.2520979,1.0,0.031678322343,0.00100351615768,3.17897110902e-05,1.00704342946e-06,3.18995115788e-08,
39100.0635294,1.0,0.0316783224684,0.00100351616175,3.17897097555e-05,1.00704333711e-06,3.18995606247e-08,
39267.8749609,1.0,0.0316783225824,0.00100351616493,3.17897098252e-05,1.00704246341e-06,3.19002111687e-08,
39435.6863923,1.0,0.0316783226919,0.00100351616704,3.17897096054e-05,1.00704541552e-06,3.19019745693e-08,
39603.4978238,1.0,0.031678322789,0.00100351617096,3.1789711356e-05,1.00704626993e-06,3.19024701216e-08,
39771.3092552,1.0,0.031678322882,0.00100351617524,3.17897106626e-05,1.00704577693e-06,3.19005016379e-08,
39939.1206867,1.0,0.0316783229661,0.00100351617694,3.17897104682e-05,1.00704436425e-06,3.19009388642e-08,
40106.9321181,1.0,0.0316783230441,0.00100351618165,3.17897123043e-05,1.00704523162e-06,3.19000248188e-08,
40274.7435496,1.0,0.0316783231183,0.00100351618252,3.17897095443e-05,1.00704236391e-06,3.1899283735e-08,
40442.5549811,1.0,0.0316783231803,0.00100351618358,3.17897109256e-05,1.00704542601e-06,3.19025848464e-08,
40610.3664125,1.0,0.0316783232465,0.00100351618955,3.17897113771e-05,1.00704407214e-06,3.19017405537e-08,
40778.177844,1.0,0.0316783233033,0.00100351619203,3.17897127541e-05,1.0070436764e-06,3.18992907656e-08,
40945.9892754,1.0,0.0316783233552,0.00100351618956,3.17897090909e-05,1.00704367251e-06,3.1900333461e-08,
41113.8007069,1.0,0.0316783234042,0.00100351619337,3.17897114711e-05,1.00704492279e-06,3.19034828721e-08,
41281.6121383,1.0,0.0316783234518,0.00100351619528,3.17897137399e-05,1.00704701441e-06,3.19019986179e-08,
41449.4235698,1.0,0.0316783234895,0.00100351619425,3.17897106973e-05,1.00704439666e-06,3.19022942328e-08,
41617.2350013,1.0,0.0316783235272,0.00100351619442,3.17897110641e-05,1.00704370895e-06,3.18997773869e-08,
41785.0464327,1.0,0.0316783235646,0.00100351619661,3.17897131433e-05,1.00704544679e-06,3.19016342113e-08,
41952.8578642,1.0,0.031678323597,0.00100351619691,3.17897071526e-05,1.00704181197e-06,3.19013812372e-08,
42120.6692956,1.0,0.0316783236297,0.00100351620026,3.17897127094e-05,1.00704584609e-06,3.18998523472e-08,
42288.4807271,1.0,0.031678323657,0.00100351619726,3.17897095289e-05,1.00704440615e-06,3.18994898141e-08,
42456.2921585,1.0,0.0316783236826,0.00100351620195,3.17897123054e-05,1.00704561748e-06,3.1902069777e-08,
42624.10359,1.0,0.0316783237053,0.00100351620117,3.17897108071e-05,1.00704215622e-06,3.18994849815e-08,
42791.9150214,1.0,0.0316783237278,0.00100351620291,3.17897107083e-05,1.00704457221e-06,3.19025420423e-08,
42959.7264529,1.0,0.0316783237476,0.00100351620341,3.17897120253e-05,1.00704447229e-06,3.18991298878e-08,
43127.5378844,1.0,0.0316783237668,0.0010035162065,3.17897141907e-05,1.00704502834e-06,3.19016846491e-08,
43295.3493158,1.0,0.0316783237875,0.00100351620576,3.17897097146e-05,1.0070444406e-06,3.19016959421e-08,
43463.1607473,1.0,0.0316783238025,0.00100351620644,3.17897129885e-05,1.00704392802e-06,3.18996740768e-08,
43630.9721787,1.0,0.0316783238181,0.00100351620703,3.17897136363e-05,1.00704622781e-06,3.18999277566e-08,
43798.7836102,1.0,0.0316783238296,0.00100351620818,3.1789712711e-05,1.00704620028e-06,3.19038491788e-08,
43966.5950416,1.0,0.0316783238453,0.00100351620927,3.17897134832e-05,1.00704375604e-06,3.18998817436e-08,
44134.4064731,1.0,0.0316783238545,0.00100351620573,3.1789709352e-05,1.00704347639e-06,3.19023105215e-08,
44302.2179046,1.0,0.0316783238649,0.0010035162063,3.17897108455e-05,1.00704448545e-06,3.19008922723e-08,
44470.029336,1.0,0.0316783238751,0.0010035162065,3.17897088856e-05,1.00704240796e-06,3.19016383963e-08,
44637.8407675,1.0,0.0316783238861,0.00100351620619,3.1789711756e-05,1.00704528501e-06,3.19013220702e-08,
44805.6521989,1.0,0.0316783238921,0.00100351620687,3.17897124847e-05,1.007044604e-06,3.19022716183e-08,
44973.4636304,1.0,0.0316783239027,0.00100351620874,3.17897136631e-05,1.00704780569e-06,3.19023139221e-08,
45141.2750618,1.0,0.0316783239116,0.00100351620999,3.17897119241e-05,1.00704764138e-06,3.19037098817e-08,
45309.0864933,1.0,0.0316783239156,0.00100351620855,3.17897121539e-05,1.00704198296e-06,3.18987827984e-08,
45476.8979248,1.0,0.0316783239233,0.00100351620702,3.17897098096e-05,1.00704629956e-06,3.19029816849e-08,
45644.7093562,1.0,0.0316783239283,0.0010035162065,3.17897089749e-05,1.00704491814e-06,3.19011696325e-08,
45812.5207877,1.0,0.0316783239346,0.00100351621181,3.17897143803e-05,1.00704731342e-06,3.19019128571e-08,
45980.3322191,1.0,0.0316783239418,0.00100351621293,3.17897169275e-05,1.00704579298e-06,3.18986210893e-08,
46148.1436506,1.0,0.0316783239423,0.00100351621147,3.17897134271e-05,1.00704526727e-06,3.19017007598e-08,
46315.955082,1.0,0.0316783239492,0.00100351621248,3.17897122001e-05,1.00704521917e-06,3.19009198206e-08,
46483.7665135,1.0,0.0316783239506,0.00100351621124,3.17897141239e-05,1.0070467631e-06,3.19054220766e-08,
46651.577945,1.0,0.031678323957,0.00100351621045,3.17897107006e-05,1.00704608403e-06,3.19020927051e-08,
46819.3893764,1.0,0.0316783239603,0.00100351621302,3.17897137773e-05,1.00704480741e-06,3.19028556439e-08,
46987.2008079,1.0,0.0316783239646,0.00100351621295,3.17897120092e-05,1.00704429661e-06,3.19009112873e-08,
47155.0122393,1.0,0.0316783239641,0.00100351620813,3.17897090081e-05,1.00704597224e-06,3.19015101685e-08,
47322.8236708,1.0,0.0316783239709,0.00100351621142,3.1789709489e-05,1.00704345463e-06,3.19015267368e-08,
47490.6351022,1.0,0.031678323974,0.00100351621041,3.17897091828e-05,1.00704544571e-06,3.19022953713e-08,
47658.4465337,1.0,0.0316783239702,0.00100351621186,3.17897127066e-05,1.0070427057e-06,3.18992663996e-08,
47826.2579651,1.0,0.0316783239738,0.00100351621203,3.17897131471e-05,1.0070432142e-06,3.19003398505e-08,
47994.0693966,1.0,0.0316783239813,0.00100351621409,3.17897103158e-05,1.00704350609e-06,3.19012936145e-08,
48161.8808281,1.0,0.0316783239773,0.00100351620769,3.17897098831e-05,1.00704484404e-06,3.19040425773e-08,
48329.6922595,1.0,0.0316783239779,0.00100351621031,3.1789711607e-05,1.00704137616e-06,3.19008230602e-08,
48497.503691,1.0,0.0316783239829,0.00100351621139,3.17897131187e-05,1.0070450024e-06,3.1899546155e-08,
48665.3151224,1.0,0.0316783239816,0.00100351621135,3.17897141943e-05,1.00704674612e-06,3.18996730856e-08,
48833.1265539,1.0,0.0316783239828,0.00100351621129,3.17897106755e-05,1.00704559287e-06,3.19037266726e-08,
49000.9379853,1.0,0.0316783239852,0.00100351621131,3.1789711361e-05,1.00704654318e-06,3.19034202152e-08,
49168.7494168,1.0,0.0316783239831,0.00100351621168,3.17897112677e-05,1.00704302219e-06,3.19027212142e-08,
49336.5608483,1.0,0.0316783239898,0.00100351621134,3.17897148061e-05,1.00704837629e-06,3.1900316177e-08,
49504.3722797,1.0,0.0316783239924,0.00100351621612,3.1789713839e-05,1.007042145e-06,3.18971155925e-08,
49672.1837112,1.0,0.0316783239874,0.00100351621177,3.17897117853e-05,1.00704469601e-06,3.19005072568e-08,
49839.9951426,1.0,0.0316783239914,0.00100351621145,3.17897100977e-05,1.00704751092e-06,3.19052523569e-08,
50007.8065741,1.0,0.0316783239927,0.00100351621529,3.17897099788e-05,1.00704099425e-06,3.18981669214e-08,
50175.6180055,1.0,0.03167832399,0.00100351621228,3.17897137824e-05,1.00704585925e-06,3.19041550674e-08,
50343.429437,1.0,0.0316783239886,0.00100351621034,3.17897154762e-05,1.00704932763e-06,3.19053352051e-08,
50511.2408685,1.0,0.0316783239952,0.00100351621205,3.17897140993e-05,1.0070489069e-06,3.19036534929e-08,
50679.0522999,1.0,0.0316783239901,0.001003516211,3.17897133369e-05,1.00704493511e-06,3.1901691518e-08,
50846.8637314,1.0,0.0316783239972,0.00100351621175,3.1789708167e-05,1.00704141328e-06,3.18997540316e-08,
51014.6751628,1.0,0.0316783239932,0.00100351621325,3.17897163895e-05,1.00704821294e-06,3.19038862983e-08,
51182.4865943,1.0,0.0316783239945,0.00100351621142,3.17897118932e-05,1.00704409138e-06,3.19015780332e-08,
51350.2980257,1.0,0.0316783239919,0.00100351620654,3.17897124949e-05,1.00704878195e-06,3.19006623206e-08,
51518.1094572,1.0,0.0316783239953,0.00100351621266,3.17897145061e-05,1.00704637588e-06,3.19008066642e-08,
51685.9208887,1.0,0.0316783239985,0.00100351621554,3.17897170111e-05,1.00704783506e-06,3.19009125708e-08,
51853.7323201,1.0,0.0316783239929,0.00100351620705,3.178970972e-05,1.00704046608e-06,3.18965111923e-08,
52021.5437516,1.0,0.0316783239993,0.00100351621157,3.17897099009e-05,1.00704782137e-06,3.19052451376e-08,
52189.355183,1.0,0.0316783239978,0.0010035162107,3.17897111495e-05,1.00704397125e-06,3.18972530414e-08,
52357.1666145,1.0,0.0316783239934,0.00100351620928,3.17897100836e-05,1.00704400339e-06,3.19005981662e-08,
52524.9780459,1.0,0.0316783239994,0.00100351621484,3.17897106121e-05,1.00704272122e-06,3.19002258205e-08,
52692.7894774,1.0,0.0316783239988,0.00100351621692,3.17897163556e-05,1.00704586692e-06,3.18980028229e-08,
52860.6009088,1.0,0.0316783239959,0.00100351621277,3.17897123979e-05,1.0070407472e-06,3.18991165108e-08,
53028.4123403,1.0,0.0316783239959,0.00100351621143,3.17897137925e-05,1.00704582629e-06,3.18989538054e-08,
53196.2237718,1.0,0.0316783239971,0.00100351621153,3.17897127408e-05,1.00704676939e-06,3.19022695171e-08,
53364.0352032,1.0,0.0316783240007,0.00100351620879,3.17897078224e-05,1.00704176024e-06,3.18981100977e-08,
53531.8466347,1.0,0.0316783239993,0.00100351621362,3.1789710909e-05,1.00704040899e-06,3.19017703844e-08,
53699.6580661,1.0,0.0316783239966,0.00100351621175,3.17897095904e-05,1.00704380575e-06,3.19011511272e-08,
53867.4694976,1.0,0.0316783239993,0.00100351621401,3.17897133321e-05,1.00704422724e-06,3.19004061054e-08,
54035.280929,1.0,0.0316783239964,0.00100351620824,3.17897060616e-05,1.00704315379e-06,3.19046219797e-08,
54203.0923605,1.0,0.031678324,0.0010035162064,3.17897068294e-05,1.00704278572e-06,3.19042270465e-08,
54370.903792,1.0,0.031678324001,0.00100351621398,3.17897140194e-05,1.00704538851e-06,3.19019081789e-08,
54538.7152234,1.0,0.0316783240039,0.00100351621401,3.17897110106e-05,1.00704403594e-06,3.19021245499e-08,
54706.5266549,1.0,0.0316783239991,0.00100351621101,3.17897131058e-05,1.00704791593e-06,3.19015664674e-08,
54874.3380863,1.0,0.0316783239995,0.00100351621329,3.17897139636e-05,1.00704750749e-06,3.19039221663e-08,
55042.1495178,1.0,0.0316783240004,0.00100351621308,3.17897140528e-05,1.00704768572e-06,3.1905161439e-08,
55209.9609492,1.0,0.0316783239995,0.00100351621279,3.17897138916e-05,1.00704690472e-06,3.19037170585e-08,
55377.7723807,1.0,0.0316783239989,0.00100351620871,3.17897123674e-05,1.00704817854e-06,3.19018559343e-08,
55545.5838122,1.0,0.0316783240003,0.00100351621505,3.17897127639e-05,1.0070466154e-06,3.19059633125e-08,
55713.3952436,1.0,0.0316783239996,0.00100351620937,3.17897099644e-05,1.00704722172e-06,3.19078355176e-08,
55881.2066751,1.0,0.0316783240014,0.00100351621443,3.17897157854e-05,1.00704836505e-06,3.19039639397e-08,
56049.0181065,1.0,0.0316783240015,0.00100351621063,3.17897111536e-05,1.00704557301e-06,3.19028101019e-08,
56216.829538,1.0,0.0316783240041,0.00100351621361,3.17897120792e-05,1.00704106568e-06,3.18996430811e-08,
56384.6409694,1.0,0.0316783240016,0.00100351621953,3.17897186242e-05,1.00704783229e-06,3.18994518009e-08,
56552.4524009,1.0,0.0316783240033,0.00100351621614,3.17897182356e-05,1.00704722952e-06,3.19043890248e-08,
56720.2638323,1.0,0.0316783239983,0.00100351621197,3.17897127837e-05,1.00704543596e-06,3.19068677174e-08,
56888.0752638,1.0,0.0316783239963,0.00100351621327,3.17897140545e-05,1.00703982156e-06,3.18985814843e-08,
57055.8866953,1.0,0.0316783239975,0.00100351620931,3.17897097159e-05,1.00704656115e-06,3.19024162614e-08,
57223.6981267,1.0,0.0316783239997,0.00100351621073,3.17897117143e-05,1.00704373312e-06,3.19040078342e-08,
57391.5095582,1.0,0.0316783240008,0.00100351620946,3.17897094873e-05,1.00704256171e-06,3.19008478319e-08,
57559.3209896,1.0,0.0316783239995,0.00100351621331,3.17897142029e-05,1.00704456741e-06,3.18990420852e-08,
57727.1324211,1.0,0.0316783240049,0.00100351621094,3.17897111498e-05,1.00704514214e-06,3.18987966483e-08,
57894.9438525,1.0,0.0316783240022,0.00100351621631,3.17897164059e-05,1.00704540456e-06,3.19052127304e-08,
58062.755284,1.0,0.0316783240002,0.00100351621237,3.17897140146e-05,1.00704562678e-06,3.19027345936e-08,
58230.5667155,1.0,0.0316783239982,0.00100351620455,3.17897074802e-05,1.00704950269e-06,3.19079362976e-08,
58398.3781469,1.0,0.0316783240068,0.00100351621846,3.17897134163e-05,1.00704193939e-06,3.19043048011e-08,
58566.1895784,1.0,0.0316783239979,0.0010035162098,3.17897110772e-05,1.00704236743e-06,3.18980344912e-08,
58734.0010098,1.0,0.0316783239976,0.00100351620882,3.17897120814e-05,1.00704273794e-06,3.18982552759e-08,
58901.8124413,1.0,0.0316783239969,0.00100351621069,3.17897150134e-05,1.00704773434e-06,3.19035794783e-08,
59069.6238727,1.0,0.0316783239994,0.00100351620994,3.17897102732e-05,1.00704577318e-06,3.19048097495e-08,
59237.4353042,1.0,0.0316783240037,0.00100351621525,3.1789713148e-05,1.00704421262e-06,3.1897997526e-08,
59405.2467357,1.0,0.0316783239958,0.00100351621241,3.17897158278e-05,1.00704817807e-06,3.19040776976e-08,
59573.0581671,1.0,0.031678324,0.00100351621354,3.17897157996e-05,1.00704903623e-06,3.1898980383e-08,
59740.8695986,1.0,0.0316783239964,0.00100351621035,3.17897114239e-05,1.0070398759e-06,3.19001181991e-08,
59908.68103,1.0,0.0316783239999,0.0010035162148,3.17897196825e-05,1.00705094851e-06,3.19005230969e-08,
60076.4924615,1.0,0.0316783239998,0.00100351621138,3.17897121623e-05,1.00704462952e-06,3.18991442156e-08,
60244.3038929,1.0,0.0316783239967,0.00100351620533,3.17897070625e-05,1.00704352074e-06,3.18998950232e-08,
60412.1153244,1.0,0.0316783239991,0.00100351621492,3.17897134463e-05,1.00704688658e-06,3.1908188908e-08,
60579.9267559,1.0,0.0316783239978,0.00100351620712,3.17897119473e-05,1.00704779604e-06,3.19009065049e-08,
60747.7381873,1.0,0.0316783240027,0.00100351621192,3.17897102207e-05,1.00704161553e-06,3.18973287754e-08,
60915.5496188,1.0,0.0316783239994,0.00100351621017,3.17897088398e-05,1.0070408184e-06,3.18995897174e-08,
61083.3610502,1.0,0.0316783240001,0.00100351621565,3.17897189336e-05,1.0070473725e-06,3.19009055418e-08,
61251.1724817,1.0,0.0316783240005,0.00100351621213,3.17897149329e-05,1.0070469543e-06,3.18987224601e-08,
61418.9839131,1.0,0.0316783239987,0.00100351621094,3.17897080472e-05,1.00704337227e-06,3.18992490486e-08,
61586.7953446,1.0,0.0316783239934,0.00100351621396,3.17897180759e-05,1.00704644969e-06,3.18989546686e-08,
61754.606776,1.0,0.0316783239977,0.00100351621249,3.17897157262e-05,1.00704800654e-06,3.19053977997e-08,
61922.4182075,1.0,0.0316783239992,0.00100351620972,3.17897118595e-05,1.00704586327e-06,3.19015436331e-08,
62090.229639,1.0,0.0316783240003,0.00100351621216,3.17897129935e-05,1.00704368648e-06,3.1901127945e-08,
62258.0410704,1.0,0.0316783239931,0.00100351621046,3.1789713114e-05,1.00704527374e-06,3.1905270688e-08,
62425.8525019,1.0,0.0316783240006,0.00100351621346,3.17897144849e-05,1.00704010828e-06,3.18984024833e-08,
62593.6639333,1.0,0.0316783239957,0.00100351621065,3.17897135625e-05,1.00704645805e-06,3.1902588513e-08,
62761.4753648,1.0,0.0316783239968,0.00100351620836,3.17897138323e-05,1.00704703514e-06,3.19048492126e-08,
62929.2867962,1.0,0.0316783240018,0.00100351621305,3.17897115131e-05,1.00704351545e-06,3.19014767533e-08,
63097.0982277,1.0,0.0316783239975,0.00100351620927,3.17897109917e-05,1.00704504644e-06,3.18972723156e-08,
63264.9096592,1.0,0.0316783239966,0.00100351621213,3.17897163568e-05,1.0070508477e-06,3.19089280058e-08,
63432.7210906,1.0,0.0316783239912,0.00100351620808,3.17897177115e-05,1.0070491064e-06,3.1896734442e-08,
63600.5325221,1.0,0.0316783240018,0.00100351621422,3.17897098944e-05,1.0070415518e-06,3.19018686605e-08,
63768.3439535,1.0,0.0316783240075,0.00100351622023,3.17897131328e-05,1.00704321635e-06,3.19011210947e-08,
63936.155385,1.0,0.0316783239965,0.00100351621953,3.17897192594e-05,1.00705473959e-06,3.19056986582e-08,
64103.9668164,1.0,0.0316783240022,0.00100351621584,3.17897100308e-05,1.00704236814e-06,3.19036460598e-08,
64271.7782479,1.0,0.031678323997,0.00100351620847,3.17897111226e-05,1.00703979948e-06,3.18974444009e-08,
64439.5896794,1.0,0.0316783239927,0.00100351620803,3.17897144127e-05,1.00704117669e-06,3.18922177269e-08,
64607.4011108,1.0,0.0316783239971,0.00100351621714,3.1789713464e-05,1.00704352352e-06,3.1906811052e-08,
64775.2125423,1.0,0.0316783239988,0.00100351620855,3.17897108756e-05,1.00704751387e-06,3.19030196296e-08,
64943.0239737,1.0,0.0316783239926,0.00100351620806,3.17897136344e-05,1.00704359375e-06,3.19003629022e-08,
65110.8354052,1.0,0.0316783240002,0.00100351621317,3.17897099202e-05,1.00704465398e-06,3.19047236185e-08,
65278.6468366,1.0,0.0316783240085,0.00100351621223,3.1789708783e-05,1.00704047286e-06,3.18984904044e-08,
65446.4582681,1.0,0.0316783239968,0.00100351620843,3.17897119314e-05,1.00704250913e-06,3.18945333228e-08,
65614.2696996,1.0,0.0316783239945,0.00100351620773,3.17897152534e-05,1.00704706247e-06,3.18939979289e-08,
65782.081131,1.0,0.0316783239977,0.0010035162056,3.17897116883e-05,1.00705047243e-06,3.18991237237e-08,
65949.8925625,1.0,0.0316783239935,0.0010035162121,3.17897181092e-05,1.00704696314e-06,3.19018025114e-08,
66117.7039939,1.0,0.031678323999,0.00100351621135,3.17897139348e-05,1.0070507824e-06,3.18997585424e-08,
66285.5154254,1.0,0.0316783239986,0.00100351621501,3.17897207347e-05,1.00704306942e-06,3.18950174704e-08,
66453.3268568,1.0,0.0316783240014,0.00100351621091,3.17897171062e-05,1.00704611253e-06,3.18970172133e-08,
66621.1382883,1.0,0.0316783240037,0.00100351621145,3.17897133699e-05,1.00704897045e-06,3.19013683839e-08,
66788.9497197,1.0,0.0316783239926,0.00100351620314,3.17897064635e-05,1.00704113879e-06,3.18963300097e-08,
66956.7611512,1.0,0.0316783239951,0.00100351620201,3.17897071914e-05,1.00704118565e-06,3.19041245596e-08,
67124.5725827,1.0,0.0316783240048,0.00100351621246,3.17897120217e-05,1.00704813824e-06,3.19059810044e-08,
67292.3840141,1.0,0.0316783239964,0.00100351620638,3.17897127598e-05,1.0070464407e-06,3.18976625367e-08,
67460.1954456,1.0,0.0316783239927,0.00100351620425,3.17897079612e-05,1.00704871939e-06,3.19055116426e-08,
67628.006877,1.0,0.0316783240017,0.00100351621337,3.17897180883e-05,1.00704749801e-06,3.19000027109e-08,
67795.8183085,1.0,0.0316783240026,0.00100351620725,3.17897084892e-05,1.00704618246e-06,3.18966359622e-08,
67963.6297399,1.0,0.0316783239969,0.00100351620755,3.1789711348e-05,1.00704714022e-06,3.18962654409e-08,
68131.4411714,1.0,0.0316783239957,0.00100351621397,3.17897189238e-05,1.00705556997e-06,3.19058206165e-08,
68299.2526029,1.0,0.0316783239953,0.00100351620991,3.17897118575e-05,1.00704658802e-06,3.18979827551e-08,
68467.0640343,1.0,0.0316783239945,0.00100351620702,3.17897123495e-05,1.00704782203e-06,3.19032903961e-08,
68634.8754658,1.0,0.0316783240046,0.00100351621701,3.17897151038e-05,1.00704085035e-06,3.1897558114e-08,
68802.6868972,1.0,0.0316783239986,0.00100351621073,3.17897101072e-05,1.00703845909e-06,3.18933433757e-08,
68970.4983287,1.0,0.0316783240001,0.00100351621711,3.17897105339e-05,1.00704349971e-06,3.19068334063e-08,
69138.3097601,1.0,0.0316783239974,0.00100351620787,3.17897086739e-05,1.00704278186e-06,3.19065213992e-08,
69306.1211916,1.0,0.0316783239903,0.00100351620228,3.17897074031e-05,1.00704356544e-06,3.19074942872e-08,
69473.9326231,1.0,0.0316783240064,0.00100351621675,3.17897198179e-05,1.00705372684e-06,3.19036632683e-08,
69641.7440545,1.0,0.0316783239976,0.00100351621864,3.17897187901e-05,1.00704512955e-06,3.18936321587e-08,
69809.555486,1.0,0.031678323995,0.00100351620658,3.17897057227e-05,1.00703282216e-06,3.18929388761e-08,
69977.3669174,1.0,0.0316783239997,0.00100351621156,3.17897080892e-05,1.00703826072e-06,3.19035375456e-08,
70145.1783489,1.0,0.0316783240059,0.00100351621488,3.17897111698e-05,1.00704449369e-06,3.19055507942e-08,
70312.9897803,1.0,0.0316783239986,0.00100351620784,3.17897117579e-05,1.00704239222e-06,3.18988206939e-08,
70480.8012118,1.0,0.0316783239885,0.00100351621594,3.17897199247e-05,1.00704608592e-06,3.18960915771e-08,
70648.6126433,1.0,0.0316783239995,0.00100351621696,3.17897171543e-05,1.007042406e-06,3.19001068041e-08,
70816.4240747,1.0,0.031678323997,0.00100351620848,3.17897123099e-05,1.00704353726e-06,3.18956471287e-08,
70984.2355062,1.0,0.0316783239995,0.00100351620661,3.17897065551e-05,1.00704366237e-06,3.19006893957e-08,
71152.0469376,1.0,0.0316783240044,0.00100351620805,3.17897079954e-05,1.0070459823e-06,3.18979641266e-08,
71319.8583691,1.0,0.0316783239971,0.00100351621027,3.17897161413e-05,1.00705016812e-06,3.19090034832e-08,
71487.6698005,1.0,0.0316783239971,0.00100351621322,3.17897185237e-05,1.0070522278e-06,3.19070579317e-08,
71655.481232,1.0,0.0316783240055,0.00100351621815,3.17897165323e-05,1.00703734363e-06,3.18977791175e-08,
71823.2926634,1.0,0.0316783240011,0.00100351621605,3.17897139098e-05,1.00704315833e-06,3.19042835252e-08,
71991.1040949,1.0,0.031678324006,0.0010035162187,3.17897134849e-05,1.00704407487e-06,3.1895744324e-08,
72158.9155264,1.0,0.0316783240016,0.00100351621456,3.17897180019e-05,1.0070477563e-06,3.19056935065e-08,
72326.7269578,1.0,0.0316783240074,0.0010035162266,3.17897231602e-05,1.00705028228e-06,3.19041064096e-08,
72494.5383893,1.0,0.0316783239961,0.00100351621587,3.17897190644e-05,1.00704144881e-06,3.1894155996e-08,
72662.3498207,1.0,0.03167832399,0.00100351620331,3.17897083303e-05,1.00704555262e-06,3.19061845155e-08,
72830.1612522,1.0,0.0316783239954,0.00100351620597,3.17897116245e-05,1.0070517819e-06,3.19083647068e-08,
72997.9726836,1.0,0.0316783239978,0.00100351621237,3.17897164955e-05,1.00704054901e-06,3.18950390401e-08,
73165.7841151,1.0,0.0316783239997,0.00100351622368,3.17897141434e-05,1.00704222598e-06,3.19060267975e-08,
73333.5955466,1.0,0.0316783239931,0.00100351620878,3.1789712378e-05,1.0070387661e-06,3.19006439188e-08,
73501.406978,1.0,0.0316783240057,0.00100351620987,3.17897118944e-05,1.00704526358e-06,3.19020982505e-08,
73669.2184095,1.0,0.031678324002,0.00100351621467,3.17897097452e-05,1.0070441371e-06,3.18975530218e-08,
73837.0298409,1.0,0.0316783240045,0.00100351620718,3.17897014605e-05,1.00704268921e-06,3.19018713885e-08,
74004.8412724,1.0,0.0316783240066,0.00100351621436,3.17897140676e-05,1.00704463056e-06,3.1895614841e-08,
74172.6527038,1.0,0.0316783240017,0.00100351621001,3.17897131229e-05,1.00704970749e-06,3.19047416719e-08,
74340.4641353,1.0,0.0316783239862,0.00100351619963,3.17897101193e-05,1.00704929127e-06,3.19013577726e-08,
74508.2755668,1.0,0.0316783239963,0.00100351621125,3.17897124927e-05,1.00704302403e-06,3.19056849795e-08,
74676.0869982,1.0,0.0316783239966,0.00100351620881,3.17897025815e-05,1.00703401644e-06,3.19004683211e-08,
74843.8984297,1.0,0.0316783240018,0.0010035162145,3.17897118673e-05,1.00703636269e-06,3.18893028076e-08,
75011.7098611,1.0,0.0316783239969,0.00100351621645,3.17897234743e-05,1.00705737875e-06,3.19100092021e-08,
75179.5212926,1.0,0.0316783240014,0.00100351621382,3.17897139083e-05,1.00704218812e-06,3.18966978863e-08,
75347.332724,1.0,0.0316783239966,0.00100351621015,3.17897071724e-05,1.00704719021e-06,3.18965882609e-08,
75515.1441555,1.0,0.0316783240035,0.0010035162046,3.17897031241e-05,1.00703485277e-06,3.18996143662e-08,
75682.955587,1.0,0.0316783240065,0.00100351620357,3.1789704329e-05,1.00703924884e-06,3.18942748192e-08,
75850.7670184,1.0,0.0316783239997,0.00100351621416,3.17897098592e-05,1.00703913403e-06,3.19005818512e-08,
76018.5784499,1.0,0.0316783240052,0.00100351621751,3.17897114065e-05,1.00704922393e-06,3.19018082566e-08,
76186.3898813,1.0,0.0316783240057,0.00100351621862,3.17897120606e-05,1.00703800497e-06,3.18872145165e-08,
76354.2013128,1.0,0.0316783240011,0.00100351621432,3.17897155346e-05,1.00704871099e-06,3.19096528642e-08,
76522.0127442,1.0,0.0316783240061,0.00100351620907,3.17896942092e-05,1.00702758359e-06,3.18995668272e-08,
76689.8241757,1.0,0.0316783239934,0.00100351620896,3.17897103358e-05,1.00704021266e-06,3.18970454998e-08,
76857.6356071,1.0,0.0316783240117,0.00100351621774,3.17897065248e-05,1.00703611382e-06,3.19000902645e-08,
77025.4470386,1.0,0.0316783239968,0.00100351621046,3.17897121845e-05,1.00704500926e-06,3.18995057267e-08,
77193.2584701,1.0,0.0316783240059,0.00100351621484,3.1789707612e-05,1.00703219883e-06,3.18984144367e-08,
77361.0699015,1.0,0.0316783239862,0.00100351620693,3.17897134137e-05,1.0070422077e-06,3.19025183876e-08,
77528.881333,1.0,0.0316783239804,0.00100351620053,3.17897049094e-05,1.00704245785e-06,3.18968249819e-08,
77696.6927644,1.0,0.0316783240008,0.00100351619834,3.17897075186e-05,1.00705107422e-06,3.19018821467e-08,
77864.5041959,1.0,0.0316783239945,0.00100351620823,3.17897089483e-05,1.00703929112e-06,3.18979600613e-08,
78032.3156273,1.0,0.0316783239859,0.00100351620883,3.1789710083e-05,1.00704222805e-06,3.19012875766e-08,
78200.1270588,1.0,0.031678323995,0.00100351620962,3.17897103639e-05,1.00704835324e-06,3.19010981686e-08,
78367.9384903,1.0,0.031678324004,0.001003516215,3.17897054451e-05,1.00704335217e-06,3.19018231884e-08,
78535.7499217,1.0,0.0316783240029,0.00100351621197,3.17897130036e-05,1.0070544894e-06,3.19079848065e-08,
78703.5613532,1.0,0.0316783239996,0.00100351621321,3.17897142844e-05,1.00703737667e-06,3.18923970374e-08,
78871.3727846,1.0,0.0316783240012,0.00100351622054,3.17897211912e-05,1.00704908015e-06,3.19056001965e-08,
79039.1842161,1.0,0.0316783240026,0.00100351621915,3.17897176921e-05,1.00704334272e-06,3.18984186795e-08,
79206.9956475,1.0,0.0316783240085,0.00100351622494,3.17897187943e-05,1.00705380036e-06,3.19142680664e-08,
79374.807079,1.0,0.0316783240095,0.00100351622221,3.17897139252e-05,1.00704936245e-06,3.19102187883e-08,
79542.6185105,1.0,0.0316783239847,0.00100351620618,3.17897107956e-05,1.00703682816e-06,3.1908149735e-08,
79710.4299419,1.0,0.0316783240022,0.00100351620802,3.17897055163e-05,1.00703803538e-06,3.1891746315e-08,
79878.2413734,1.0,0.0316783240047,0.00100351621051,3.17897062365e-05,1.00704327526e-06,3.19056364924e-08,
80046.0528048,1.0,0.0316783239989,0.00100351621721,3.17897114599e-05,1.00703647938e-06,3.18932371461e-08,
80213.8642363,1.0,0.0316783239952,0.00100351620831,3.17897037621e-05,1.00704330037e-06,3.18969547272e-08,
80381.6756677,1.0,0.0316783240031,0.00100351621517,3.17897012665e-05,1.00704282962e-06,3.19048883797e-08,
80549.4870992,1.0,0.031678324003,0.0010035162184,3.17897208854e-05,1.007048208e-06,3.19013331815e-08,
80717.2985307,1.0,0.0316783239995,0.00100351621924,3.17897185736e-05,1.00703519755e-06,3.18899767905e-08,
80885.1099621,1.0,0.0316783240028,0.00100351620108,3.1789704557e-05,1.007035137e-06,3.18927482673e-08,
81052.9213936,1.0,0.0316783240085,0.00100351622398,3.17897194579e-05,1.00704959915e-06,3.19065945369e-08,
81220.732825,1.0,0.031678324001,0.00100351620276,3.17897067643e-05,1.00705254898e-06,3.19029956648e-08,
81388.5442565,1.0,0.0316783240013,0.0010035162169,3.17897153687e-05,1.00704410052e-06,3.190240984e-08,
81556.3556879,1.0,0.0316783240045,0.00100351622061,3.1789708744e-05,1.00704047989e-06,3.18983315931e-08,
81724.1671194,1.0,0.0316783239923,0.00100351619166,3.17896911474e-05,1.00703239692e-06,3.19007771793e-08,
81891.9785508,1.0,0.0316783240137,0.00100351621444,3.17897134885e-05,1.00704690291e-06,3.18949872193e-08,
82059.7899823,1.0,0.0316783239947,0.00100351621653,3.1789718081e-05,1.00704944453e-06,3.19028806339e-08,
82227.6014138,1.0,0.0316783240142,0.00100351620314,3.17896933153e-05,1.00705119401e-06,3.19109077572e-08,
82395.4128452,1.0,0.0316783240034,0.00100351621633,3.17897109902e-05,1.00704512894e-06,3.19052537732e-08,
82563.2242767,1.0,0.0316783239977,0.00100351620666,3.17897072462e-05,1.0070467944e-06,3.1911599524e-08,
82731.0357081,1.0,0.031678324008,0.00100351620768,3.17896991143e-05,1.00703605243e-06,3.1895296336e-08,
82898.8471396,1.0,0.031678323998,0.00100351620822,3.17897115291e-05,1.00704928223e-06,3.18997324398e-08,
83066.658571,1.0,0.0316783239934,0.0010035162086,3.17897147666e-05,1.00705226126e-06,3.19039482493e-08,
83234.4700025,1.0,0.031678323994,0.00100351620359,3.1789710524e-05,1.00704457846e-06,3.19026199919e-08,
83402.281434,1.0,0.0316783240031,0.00100351621286,3.17897144268e-05,1.00704163713e-06,3.18964189129e-08,
83570.0928654,1.0,0.0316783239934,0.00100351621872,3.17897200835e-05,1.00705227683e-06,3.19090181205e-08,
83737.9042969,1.0,0.0316783239862,0.00100351620734,3.17897066392e-05,1.00704442663e-06,3.19050987311e-08,
