Coordinates:
0.0,0.714285714286,1.42857142857,2.14285714286,2.85714285714,3.57142857143,4.28571428571,5.0,5.71428571429,6.42857142857,7.14285714286,7.85714285714,8.57142857143,9.28571428571,10.0,
Volumes:
0.357142857143,0.714285714286,0.714285714286,0.714285714286,0.714285714286,0.714285714286,0.714285714286,0.714285714286,0.714285714286,0.714285714286,0.714285714286,0.714285714286,0.714285714286,0.714285714286,0.357142857143,

 Time(s), Error (-) on vertices
1.0,0.0,59735.5278838,11705.8490154,2300.01229008,452.676839001,89.1965542899,17.5903321205,3.47119900444,0.68533916971,0.135366143661,0.0267461791825,0.00528611583709,0.00104499927035,0.000206625834605,4.08630121474e-05,8.08243950383e-06,
2.0,4416.07210152,692.315331317,113.914522715,19.4179516566,3.39619458806,0.605404751865,0.109490651662,0.0200266436707,0.00369624634991,0.00068726395083,0.000128577759933,2.41817716752e-05,4.5685405449e-06,
3.0,2934.48886423,499.560971096,87.2148030463,15.5179995001,2.80166663207,0.511654205453,0.09430556439,0.0175137309152,0.00327311095068,0.000614995532733,0.000116089547543,2.20026679654e-05,4.18518101137e-06,
4.0,2240.49108401,397.890876594,71.7102687581,13.0755195227,2.40667414664,0.446403889188,0.0833375894217,0.0156435281338,0.00295040737008,0.000558760016826,0.000106208693027,2.02545519029e-05,3.87411693007e-06,
5.0,1835.99998232,334.238645839,61.4330629633,11.3807974795,2.12230660251,0.397994592529,0.0749969856433,0.0141919896912,0.00269565746874,0.000513733882712,9.82030093279e-05,1.88240301232e-05,3.61737624705e-06,
6.0,1568.5316522,290.211184253,54.0584416198,10.1274560586,1.90668916657,0.36052043469,0.0684279017659,0.013032115558,0.00248961540576,0.000476943749798,9.16054105715e-05,1.76362293596e-05,3.40298299342e-06,
7.0,1377.23591201,257.753991242,48.4831951218,9.15980093365,1.73726621375,0.33063748602,0.063124262575,0.0120858659563,0.00232003646192,0.000446437464151,8.60991950519e-05,1.66397481104e-05,3.22214325219e-06,
8.0,1233.04466071,232.762291508,44.1128335837,8.38977568346,1.60072846524,0.306296651337,0.0587651410755,0.0113021618853,0.00217866554516,0.00042086140298,8.14601488968e-05,1.57962018558e-05,3.0684382773e-06,
9.0,1120.28821889,212.917037754,40.5972822182,7.76356592637,1.48866241718,0.286161398647,0.0551349792531,0.0106457325651,0.00205965238501,0.000399232219016,7.75206708238e-05,1.50771739177e-05,2.93683132159e-06,
10.0,1029.75723247,196.804654218,37.7159169668,7.24619018178,1.39543741414,0.269312281949,0.0520815693553,0.0100910545231,0.00195866559013,0.00038080731984,7.41521673015e-05,1.44600834061e-05,2.82355682141e-06,
11.0,955.665016148,183.50930877,35.321613389,6.81367266515,1.31709248373,0.255086404606,0.0494926292858,0.00961889972735,0.00187238027467,0.000365006722266,7.12528743281e-05,1.3926889781e-05,2.7253572322e-06,
12.0,894.166186032,172.40560349,33.3112600517,6.44879104507,1.25071594002,0.242986002338,0.0472822133601,0.00921429937959,0.00179817001679,0.000351366829725,6.87403038649e-05,1.34631169397e-05,2.63949723534e-06,
13.0,842.575698774,163.045953735,31.6093291608,6.13865604562,1.1940857384,0.232624582969,0.0453825843331,0.00886530642444,0.00173391682321,0.000339510803384,6.6547507904e-05,1.30565740128e-05,2.5638803492e-06,
14.0,798.933807966,155.09650857,30.1583579574,5.87328661432,1.14545458945,0.223694260611,0.0437392028531,0.00856221979384,0.00167789006319,0.000329128971053,6.4618913733e-05,1.26973394208e-05,2.49688844978e-06,
15.0,761.754143609,148.299457109,28.913267688,5.64474717739,1.1034178214,0.215945316035,0.042307528842,0.00829707673954,0.0016286637163,0.000319965916902,6.29087217623e-05,1.23772636955e-05,2.43673795178e-06,
16.0,729.873507724,142.450238113,27.8378774287,5.44660929193,1.06682930693,0.209172893018,0.0410508843561,0.00806330341664,0.00158505902698,0.000311810200597,6.13790561199e-05,1.20894941213e-05,2.38251126858e-06,
17.0,702.359876915,137.383356059,26.9026935509,5.27360272129,1.03474557179,0.203207897963,0.0399389462624,0.00785546120765,0.00154610083232,0.000304487028978,5.99985063648e-05,1.18285138741e-05,2.33300871282e-06,
18.0,678.45425671,132.963225264,26.0834472631,5.12137807045,1.00638660396,0.19791041635,0.0389466209789,0.00766905169544,0.00151098305655,0.00029785212465,5.87413393975e-05,1.15896327426e-05,2.28750123513e-06,
19.0,657.532393359,129.077974633,25.360075038,4.98633604211,0.981106771077,0.193164680317,0.0380531624991,0.00750035973074,0.00147904103861,0.000291786604233,5.75863318757e-05,1.13690689202e-05,2.24528267991e-06,
20.0,639.078232803,125.635017275,24.7159662696,4.86549761883,0.958372102126,0.188875046611,0.037241453315,0.0073463242318,0.00144972785751,0.000286192904394,5.65160229323e-05,1.11637844679e-05,2.20577372713e-06,
21.0,622.664448322,122.557699864,24.1373782843,4.75640067267,0.937741835059,0.184962678992,0.036497404743,0.00720442982571,0.00142259477255,0.000280990919813,5.55162292112e-05,1.09711364274e-05,2.16862028017e-06,
22.0,607.937371509,119.782644479,23.6129626122,4.6570148785,0.91885305045,0.181362762931,0.0358094514407,0.00707261443964,0.00139727435486,0.000276115386451,5.45752681927e-05,1.07891621545e-05,2.13327576117e-06,
23.0,594.604828094,117.257566099,23.133371067,4.56567033682,0.901407708099,0.178022149327,0.0351681228623,0.00694919167525,0.00137346659687,0.000271512858212,5.36836589674e-05,1.06161112451e-05,2.09966117924e-06,
24.0,582.426039699,114.939443435,22.690923573,4.48099717984,0.885161665515,0.174897358627,0.0345656809448,0.00683278535514,0.00135092682827,0.000267139909806,5.28336733081e-05,1.0450659645e-05,2.06736484797e-06,
25.0,571.203112499,112.792971283,22.2793266633,4.40187439584,0.869915384229,0.171952895705,0.0339958151225,0.00672227407732,0.00132945582129,0.000262961118206,5.20191042691e-05,1.02915635786e-05,2.03630365023e-06,
26.0,560.77382223,110.789248366,21.8934350828,4.32738657699,0.855506095618,0.169159833307,0.0334533866715,0.00661674523173,0.00130889168395,0.000258947795677,5.12347523622e-05,1.01380802326e-05,2.006236923e-06,
27.0,551.005499774,108.90466746,21.5290506577,4.25678753603,0.841801231381,0.16649462814,0.0329342157845,0.00651545694622,0.00128910270271,0.000255076476109,5.04764966571e-05,9.98941566296e-06,
28.0,541.789868119,107.119980947,21.1827534866,4.18946986798,0.828692945794,0.16393813684,0.0324349048227,0.00641780630027,0.00126998182482,0.000251328294329,4.97410423806e-05,9.8449516801e-06,
29.0,533.038705029,105.419518358,20.8517610484,4.1249396265,0.816093571338,0.161474801496,0.0319526930319,0.00632330336626,0.00125144215588,0.00024768768789,4.90255703767e-05,9.70423688716e-06,
30.0,524.68022013,103.790534894,20.5338112565,4.0627953653,0.803931868573,0.159091979972,0.0314853368047,0.00623154980776,0.00123341294089,0.00024414232984,4.83277661913e-05,9.56682850334e-06,
31.0,516.656045196,102.22267183,20.2270658672,4.00271087246,0.792149944116,0.156779396335,0.0310310115503,0.00614222179538,0.00121583657015,0.000240681599498,4.76460135456e-05,9.43247168118e-06,
32.0,508.918746689,100.707511727,19.930031056,3.94442100628,0.780700727172,0.154528691515,0.0305882323629,0.00605505512432,0.0011986662778,0.000237297505863,4.69787477701e-05,9.30074467992e-06,
33.0,501.429779197,99.2382133389,19.6414923623,3.88771011491,0.769545910616,0.152333057779,0.0301557887673,0.00596983457149,0.00118186354188,0.000233983067355,4.63246607523e-05,9.17160864089e-06,
34.0,494.15780826,97.809213005,19.3604615782,3.83240259889,0.758654274919,0.15018694115,0.0297326920256,0.00588638401064,0.00116539702057,0.000230732590719,4.5682811736e-05,9.04487092399e-06,
35.0,487.077340558,96.4159811769,19.0861335086,3.77835523734,0.748000327487,0.148085800688,0.0293181323964,0.00580455876319,0.00114924083423,0.000227541622407,4.505238561e-05,8.9203723042e-06,
36.0,480.167608305,95.0548244104,18.8178508515,3.72545096312,0.737563199906,0.146025912354,0.0289114447344,0.00572424002469,0.00113337378439,0.00022440631375,4.4432685006e-05,8.79771441241e-06,
37.0,473.411662875,93.7227246807,18.5550757282,3.67359382079,0.727325755445,0.144004212107,0.0285120802956,0.00564532933224,0.00111777807904,0.000221323362638,4.38231309153e-05,8.67725361624e-06,
38.0,466.795639866,92.4172092206,18.2973666411,3.62270488962,0.717273867732,0.142018167779,0.0281195845572,0.00556774482864,0.00110243909719,0.000218290060086,4.32232440869e-05,8.55863358717e-06,
39.0,460.308164179,91.1362452392,18.0443598501,3.57271899062,0.707395838765,0.14006567622,0.0277335785504,0.00549141826752,0.00108734432123,0.000215304561194,4.26325937546e-05,8.44181572785e-06,
40.0,453.939869084,89.8781548708,17.7957543365,3.52358202807,0.697681929573,0.138144980417,0.0273537447869,0.00541629215719,0.00107248339405,0.000212364506549,4.20509630704e-05,8.3267324837e-06,
41.0,447.683007876,88.641546533,17.5512996732,3.47524884767,0.688123981163,0.136254602843,0.0269798152078,0.00534231752042,0.00105784736752,0.000209468460884,4.14778842019e-05,8.21331407854e-06,
42.0,441.531140575,87.425259576,17.3107862482,3.42768150938,0.678715109825,0.134393291614,0.0266115610603,0.00526945255757,0.00104342874391,0.000206615051078,4.09131123293e-05,8.10152663945e-06,
43.0,435.478881364,86.2283196764,17.0740373872,3.38084789678,0.66944946191,0.132559976776,0.0262487864141,0.00519766143938,0.00102922070854,0.000203802955828,4.03564699649e-05,7.99129524749e-06,
44.0,429.521695107,85.0499029108,16.8409030121,3.33472059764,0.660322016151,0.130753735473,0.0258913212993,0.00512691260842,0.00101521729784,0.000201031092772,3.98079499369e-05,7.88272289855e-06,
45.0,423.655733492,83.8893068299,16.6112545351,3.28927600264,0.651328424249,0.128973764624,0.0255390167073,0.00505717830109,0.00100141371134,0.000198298584344,3.92669149424e-05,7.77566707819e-06,
46.0,417.877703123,82.7459271801,16.3849807501,3.244493581,0.64246488343,0.127219357374,0.0251917409828,0.00498843383331,0.000987804997032,0.00019560464715,3.87335991444e-05,7.66998497399e-06,
47.0,412.184759371,81.6192391696,16.1619845277,3.2003552963,0.633728033191,0.125489885621,0.0248493762303,0.00492065732474,0.000974386991837,0.0001929480755,3.82076478233e-05,7.5659277206e-06,
48.0,406.57442097,80.5087823991,15.9421801556,3.15684513792,0.625114872888,0.123784785078,0.0245118159186,0.0048538282474,0.000961156154773,0.000190328547893,3.76889539075e-05,7.46327073859e-06,
49.0,401.044501304,79.4141487374,15.7254912,3.11394874333,0.616622694761,0.122103543489,0.0241789629172,0.00478792828011,0.000948108685146,0.000187745204063,3.71775845183e-05,7.36192383028e-06,
