Coordinates:
0.0,0.714285714286,1.42857142857,2.14285714286,2.85714285714,3.57142857143,4.28571428571,5.0,5.71428571429,6.42857142857,7.14285714286,7.85714285714,8.57142857143,9.28571428571,10.0,
Volumes:
0.357142857143,0.714285714286,0.714285714286,0.714285714286,0.714285714286,0.714285714286,0.714285714286,0.714285714286,0.714285714286,0.714285714286,0.714285714286,0.714285714286,0.714285714286,0.714285714286,0.357142857143,

 Time(s), Displacement (m) on vertices
0.0,0.0,0.0,0.0,0.0,0.0,0.0,0.0,0.0,0.0,0.0,0.0,0.0,0.0,0.0,0.0,
1.0,-3.80585915639e-20,-2.45384816608e-06,-4.90769965604e-06,-7.36156102184e-06,-9.81544840673e-06,-1.22694032233e-05,-1.47235323727e-05,-1.71781120656e-05,-1.96338560736e-05,-2.2092608933e-05,-2.45591373312e-05,-2.70457594395e-05,-2.95843081338e-05,-3.22570465967e-05,-3.52765610638e-05,
2.0,8.45318793521e-20,-2.45386991813e-06,-4.90776076019e-06,-7.36171034746e-06,-9.81580338141e-06,-1.22702370768e-05,-1.47254700379e-05,-1.71825575389e-05,-1.96438918889e-05,-2.21147906126e-05,-2.46067608526e-05,-2.71437651817e-05,-2.97728058123e-05,-3.25767841574e-05,-3.56702812823e-05,
3.0,4.12568183204e-20,-2.45394476979e-06,-4.90796096693e-06,-7.36216804339e-06,-9.81681093806e-06,-1.22724117213e-05,-1.47300760717e-05,-1.71921013956e-05,-1.96631383206e-05,-2.2152287738e-05,-2.4676577414e-05,-2.72659439931e-05,-2.99683938013e-05,-3.28501990773e-05,-3.59800035656e-05,
4.0,9.13370817579e-20,-2.4541305212e-06,-4.90843711472e-06,-7.36319457345e-06,-9.81892258345e-06,-1.22766433685e-05,-1.4738348867e-05,-1.72078246182e-05,-1.96920246583e-05,-2.22031815301e-05,-2.47616371048e-05,-2.73987594126e-05,-3.01580201737e-05,-3.30905789728e-05,-3.62415688607e-05,
5.0,1.60783003809e-19,-2.45450395467e-06,-4.9093599169e-06,-7.36508478001e-06,-9.8225865931e-06,-1.22835261269e-05,-1.47509087224e-05,-1.72300185857e-05,-1.97297909886e-05,-2.22646086035e-05,-2.4856218203e-05,-2.75349183967e-05,-3.03384557555e-05,-3.3306732117e-05,-3.64717019628e-05,
6.0,-3.64015809137e-20,-2.45515155334e-06,-4.91091072225e-06,-7.36812337721e-06,-9.82817943518e-06,-1.2293458941e-05,-1.47679947649e-05,-1.72584139299e-05,-1.9775158616e-05,-2.23338408357e-05,-2.49563202494e-05,-2.76707418545e-05,-3.05095112961e-05,-3.35044284388e-05,-3.66794308059e-05,
7.0,-1.97686354625e-20,-2.45615865166e-06,-4.9132585764e-06,-7.37255065841e-06,-9.83597021326e-06,-1.230663965e-05,-1.47895493018e-05,-1.72924302802e-05,-1.9826752788e-05,-2.2408642462e-05,-2.50593139098e-05,-2.7804441962e-05,-3.06718853259e-05,-3.36875654457e-05,-3.6870197027e-05,
8.0,8.06506015415e-20,-2.4576001344e-06,-4.91654319856e-06,-7.37854345082e-06,-9.8461137958e-06,-1.23230962821e-05,-1.48153197647e-05,-1.73313613929e-05,-1.9883307798e-05,-2.24872982524e-05,-2.51635116525e-05,-2.79351987363e-05,-3.08264657287e-05,-3.38588796196e-05,-3.70475583759e-05,
9.0,2.345158155e-20,-2.45953430086e-06,-4.9208656886e-06,-7.38620982788e-06,-9.85866203514e-06,-1.23427307739e-05,-1.48449450298e-05,-1.7374488141e-05,-1.9943740411e-05,-2.25685314185e-05,-2.52678400355e-05,-2.8062687604e-05,-3.09741070331e-05,-3.40203636724e-05,-3.72139856385e-05,
10.0,-5.54884197593e-20,-2.46200012454e-06,-4.92628616342e-06,-7.39559341802e-06,-9.87358331106e-06,-1.23653608647e-05,-1.48780172784e-05,-1.74211375489e-05,-2.00071576868e-05,-2.26514035354e-05,-2.53716197216e-05,-2.81868380196e-05,-3.11155681329e-05,-3.41735155363e-05,-3.73712752488e-05,
11.0,-4.53268730527e-20,-2.46501729911e-06,-4.93282636612e-06,-7.4066830252e-06,-9.89078380309e-06,-1.23907542685e-05,-1.49141217128e-05,-1.74707079283e-05,-2.00728375415e-05,-2.2735227488e-05,-2.54744241833e-05,-2.83077083859e-05,-3.12515042276e-05,-3.43194919775e-05,-3.75207808887e-05,
12.0,1.26282823332e-20,-2.46858815712e-06,-4.94047516968e-06,-7.41942425926e-06,-9.91012691802e-06,-1.24186540311e-05,-1.49528597294e-05,-1.75226750185e-05,-2.01402012263e-05,-2.28194998332e-05,-2.55759899966e-05,-2.84254201115e-05,-3.13824759734e-05,-3.44592068488e-05,-3.76635521477e-05,
13.0,-2.5461275671e-20,-2.47270058925e-06,-4.94919528635e-06,-7.43373105246e-06,-9.9314494021e-06,-1.2448796132e-05,-1.49938609666e-05,-1.7576588577e-05,-2.02087861919e-05,-2.2903850704e-05,-2.56761597263e-05,-2.85401223568e-05,-3.15089627818e-05,-3.45933961218e-05,-3.78004219748e-05,
14.0,8.11446636859e-20,-2.47733129084e-06,-4.95893002571e-06,-7.44949591461e-06,-9.95457388087e-06,-1.24809210269e-05,-1.50367883959e-05,-1.76320648603e-05,-2.02782224695e-05,-2.29880074594e-05,-2.57748452299e-05,-2.86519730692e-05,-3.16313757909e-05,-3.47226622834e-05,-3.79320642331e-05,
15.0,1.29603796395e-19,-2.48244889144e-06,-4.96960942416e-06,-7.46659845312e-06,-9.97931815811e-06,-1.25147807773e-05,-1.50813393242e-05,-1.76887779029e-05,-2.03482132706e-05,-2.30717684984e-05,-2.5872003807e-05,-2.87611288512e-05,-3.17500691702e-05,-3.48475054883e-05,-3.80590329469e-05,
16.0,-8.84601850719e-21,-2.48801671975e-06,-4.98115542844e-06,-7.48491209315e-06,-1.00055018223e-05,-1.2550143107e-05,-1.51272441553e-05,-1.77464510255e-05,-2.04185195209e-05,-2.31549844048e-05,-2.59676225208e-05,-2.88677397038e-05,-3.18653495522e-05,-3.49683459584e-05,-3.81817898773e-05,
17.0,-6.27085697526e-21,-2.49399509896e-06,-4.99348605139e-06,-7.50430914914e-06,-1.00329507328e-05,-1.25867933908e-05,-1.51742640414e-05,-1.78048491876e-05,-2.04889477204e-05,-2.32375443264e-05,-2.60617077837e-05,-2.89719464931e-05,-3.1977483767e-05,-3.50855404391e-05,-3.83007244021e-05,
18.0,-2.30586454304e-21,-2.50034315962e-06,-5.00651855541e-06,-7.5246644917e-06,-1.00614998967e-05,-1.26245352949e-05,-1.52221880867e-05,-1.7863772381e-05,-2.05593404846e-05,-2.33193660878e-05,-2.6154278383e-05,-2.90738799463e-05,-3.20867051493e-05,-3.51993945261e-05,-3.84161681722e-05,
19.0,3.31497953856e-20,-2.50702020865e-06,-5.02017178603e-06,-7.54585807422e-06,-1.00909951585e-05,-1.26631905636e-05,-1.52708304768e-05,-1.79230500488e-05,-2.06295691951e-05,-2.34003889723e-05,-2.62453607842e-05,-2.91736605026e-05,-3.2193218686e-05,-3.5310172061e-05,-3.85284061316e-05,
20.0,8.36476325947e-20,-2.51398671691e-06,-5.03436780143e-06,-7.56777656727e-06,-1.01212940349e-05,-1.27025982897e-05,-1.53200277263e-05,-1.79825364317e-05,-2.06995282853e-05,-2.34805684208e-05,-2.63349859595e-05,-2.92713986318e-05,-3.22972052326e-05,-3.54181024059e-05,-3.86376849498e-05,
21.0,-3.0789268194e-20,-2.52120499488e-06,-5.04903294147e-06,-7.59031431507e-06,-1.01522659495e-05,-1.27426138899e-05,-1.53696361391e-05,-1.80421067095e-05,-2.07691307857e-05,-2.3559872115e-05,-2.64231872506e-05,-2.9367195396e-05,-3.23988249874e-05,-3.55233861585e-05,-3.87442195782e-05,
22.0,5.3101915484e-20,-2.52863962201e-06,-5.06409846461e-06,-7.61337379123e-06,-1.01837920577e-05,-1.27831079336e-05,-1.54195295129e-05,-1.81016538085e-05,-2.08383048371e-05,-2.36382770673e-05,-2.65099989361e-05,-2.94611431254e-05,-3.24982203719e-05,-3.56261997015e-05,-3.8848198421e-05,
23.0,1.57886351413e-19,-2.5362576883e-06,-5.07950086177e-06,-7.63686569454e-06,-1.02157648019e-05,-1.28239649192e-05,-1.54695970923e-05,-1.81610857578e-05,-2.09069909465e-05,-2.37157674451e-05,-2.65954552844e-05,-2.95533261313e-05,-3.25955184347e-05,-3.5726698868e-05,-3.89497874679e-05,
24.0,-9.92544420608e-20,-2.54402889626e-06,-5.09518193532e-06,-7.66070879437e-06,-1.02480873002e-05,-1.28650820563e-05,-1.55197417551e-05,-1.82203234937e-05,-2.09751398143e-05,-2.37923329356e-05,-2.66795899398e-05,-2.96438214133e-05,-3.26908328719e-05,-3.58250219286e-05,-3.90491336356e-05,
25.0,7.57761663457e-20,-2.55192556279e-06,-5.11108871284e-06,-7.68482960884e-06,-1.02806726395e-05,-1.29063680923e-05,-1.55698784131e-05,-1.82792990291e-05,-2.10427106028e-05,-2.38679675096e-05,-2.67624355408e-05,-2.97326993369e-05,-3.27842657367e-05,-3.59212920506e-05,-3.91463675018e-05,
26.0,7.04146150221e-20,-2.55992255133e-06,-5.12717324937e-06,-7.70916197769e-06,-1.03134431261e-05,-1.29477422032e-05,-1.56199326037e-05,-1.83379539198e-05,-2.11096695454e-05,-2.39426684814e-05,-2.68440234964e-05,-2.98200242688e-05,-3.28759088933e-05,-3.60156193409e-05,-3.92416055626e-05,
27.0,-6.98287407139e-21,-2.56799715793e-06,-5.14339235855e-06,-7.73364657537e-06,-1.03463295283e-05,-1.29891329601e-05,-1.56698392506e-05,-1.83962379727e-05,-2.11759888215e-05,-2.40164357904e-05,-2.69243838721e-05,-2.99058551642e-05,-3.29658452619e-05,-3.6108102559e-05,-3.93349521143e-05,
28.0,5.440769612e-22,-2.57612896882e-06,-5.15970730242e-06,-7.75823039685e-06,-1.03792703349e-05,-1.30304773766e-05,-1.57195415731e-05,-1.84541081531e-05,-2.12416456402e-05,-2.4089271447e-05,-2.70035453486e-05,-2.99902461046e-05,-3.30541498897e-05,-3.61988305638e-05,-3.94265008364e-05,
29.0,8.19761248083e-20,-2.58429970225e-06,-5.17608346149e-06,-7.78286623898e-06,-1.04122110447e-05,-1.3071720036e-05,-1.57689901258e-05,-1.85115276533e-05,-2.13066214862e-05,-2.41611791051e-05,-2.70815352309e-05,-3.00732467872e-05,-3.31408908765e-05,-3.62878835439e-05,-3.95163361303e-05,
30.0,-7.31550050704e-21,-2.59249304402e-06,-5.19249000046e-06,-7.80751219309e-06,-1.04451034976e-05,-1.31128122979e-05,-1.58181419513e-05,-1.85684650972e-05,-2.13709014965e-05,-2.42321637271e-05,-2.71583794887e-05,-3.01549029676e-05,-3.32261301782e-05,-3.6375334071e-05,-3.96045342629e-05,
31.0,-3.49906599134e-20,-2.60069448311e-06,-5.20889953994e-06,-7.83213115889e-06,-1.047790525e-05,-1.31537115782e-05,-1.58669598339e-05,-1.86248938556e-05,-2.14344739406e-05,-2.43022313223e-05,-2.7234102816e-05,-3.02352568601e-05,-3.33099243066e-05,-3.64612480057e-05,-3.96911643456e-05,
32.0,1.85227361326e-19,-2.60889115191e-06,-5.2252878412e-06,-7.85669038603e-06,-1.05105789994e-05,-1.31943806998e-05,-1.59154116393e-05,-1.86807914562e-05,-2.14973297834e-05,-2.43713887394e-05,-2.73087287028e-05,-3.03143474969e-05,-3.33923249414e-05,-3.65456852818e-05,-3.97762891794e-05,
33.0,1.13341776041e-19,-2.61707167373e-06,-5.2416335082e-06,-7.88116104677e-06,-1.05430920561e-05,-1.32347873074e-05,-1.59634697315e-05,-1.87361390714e-05,-2.1559462317e-05,-2.4439643501e-05,-2.73822795112e-05,-3.03922110516e-05,-3.34733794661e-05,-3.66287005869e-05,-3.98599659871e-05,
34.0,1.0889496359e-19,-2.62522601953e-06,-5.25791770949e-06,-7.90551784108e-06,-1.05754158614e-05,-1.32749033416e-05,-1.6011110457e-05,-1.87909210733e-05,-2.16208668458e-05,-2.45070036712e-05,-2.74547765542e-05,-3.04688811284e-05,-3.35531314395e-05,-3.67103439557e-05,-3.99422470496e-05,
35.0,-5.39590259249e-20,-2.63334537467e-06,-5.27412392081e-06,-7.92973863454e-06,-1.06075255505e-05,-1.33147045672e-05,-1.60583136875e-05,-1.88451246451e-05,-2.1681540419e-05,-2.45734777487e-05,-2.75262401719e-05,-3.05443890225e-05,-3.36316210099e-05,-3.6790661289e-05,-4.00231802614e-05,
36.0,6.02762333258e-20,-2.64142201594e-06,-5.29023768889e-06,-7.95380412783e-06,-1.06393995572e-05,-1.33541701508e-05,-1.61050624155e-05,-1.88987394419e-05,-2.17414815998e-05,-2.4639074579e-05,-2.75966898055e-05,-3.06187639517e-05,-3.37088852818e-05,-3.68696948089e-05,-4.01028096177e-05,
37.0,2.16751635799e-20,-2.64944919905e-06,-5.30624641562e-06,-7.97769755673e-06,-1.06710192567e-05,-1.33932822826e-05,-1.61513423953e-05,-1.89517572922e-05,-2.18006902661e-05,-2.47038032829e-05,-2.76661440674e-05,-3.06920332643e-05,-3.37849586385e-05,-3.69474834593e-05,-4.0181175641e-05,
38.0,9.88886927617e-22,-2.65742105598e-06,-5.32213916208e-06,-8.00140442047e-06,-1.07023686453e-05,-1.34320258384e-05,-1.61971418244e-05,-1.90041719365e-05,-2.1859167438e-05,-2.47676731977e-05,-2.77346208065e-05,-3.07642226251e-05,-3.38598730287e-05,-3.70240632577e-05,-4.02583157571e-05,
39.0,6.34844106872e-20,-2.6653325019e-06,-5.33790647095e-06,-8.0249122368e-06,-1.07334340512e-05,-1.34703880783e-05,-1.62424510616e-05,-1.90559787963e-05,-2.19169151279e-05,-2.48306938272e-05,-2.78021371686e-05,-3.08353561813e-05,-3.39336582195e-05,-3.70994676072e-05,-4.03342646264e-05,
40.0,-6.4425411605e-22,-2.673179151e-06,-5.35354020633e-06,-8.04821032142e-06,-1.07642038768e-05,-1.35083583767e-05,-1.62872623759e-05,-1.91071747718e-05,-2.19739362097e-05,-2.48928748011e-05,-2.78687096522e-05,-3.09054567105e-05,-3.40063420217e-05,-3.71737275711e-05,-4.04090544369e-05,
41.0,1.12693250914e-19,-2.68095724057e-06,-5.36903340944e-06,-8.07128958988e-06,-1.07946683667e-05,-1.35459279823e-05,-1.63315697242e-05,-1.91577580615e-05,-2.20302343041e-05,-2.49542258403e-05,-2.79343541598e-05,-3.09745457535e-05,-3.40779504884e-05,-3.72468721165e-05,-4.04827151626e-05,
42.0,2.56422845551e-20,-2.68866356271e-06,-5.38438016898e-06,-8.09414237997e-06,-1.08248194009e-05,-1.3583089804e-05,-1.63753685532e-05,-1.92077280046e-05,-2.20858136784e-05,-2.50147567272e-05,-2.79990860442e-05,-3.10426437324e-05,-3.41485080929e-05,-3.731892833e-05,-4.05552747928e-05,
43.0,7.5169296755e-20,-2.69629540303e-06,-5.39957550486e-06,-8.11676229258e-06,-1.08546503095e-05,-1.361983822e-05,-1.64186556244e-05,-1.92570849404e-05,-2.21406791587e-05,-2.50744772814e-05,-2.80629201508e-05,-3.11097700565e-05,-3.4218037886e-05,-3.73899216095e-05,-4.06267595357e-05,
44.0,5.73587316161e-20,-2.70385048563e-06,-5.41461526404e-06,-8.13914404941e-06,-1.08841557081e-05,-1.36561689075e-05,-1.64614288577e-05,-1.93058300845e-05,-2.2194836052e-05,-2.51333973379e-05,-2.81258708562e-05,-3.1175943216e-05,-3.42865616357e-05,-3.74598758335e-05,-4.06971939982e-05,
45.0,-2.89302337938e-20,-2.71132692395e-06,-5.42949602729e-06,-8.16128336576e-06,-1.09133313496e-05,-1.36920786916e-05,-1.65036871934e-05,-1.93539654189e-05,-2.22482900783e-05,-2.51915267296e-05,-2.81879521026e-05,-3.12411808674e-05,-3.43540999524e-05,-3.75288135128e-05,-4.07666013465e-05,
46.0,4.44967518164e-20,-2.7187231767e-06,-5.44421502596e-06,-8.18317683697e-06,-1.09421739935e-05,-1.372756541e-05,-1.65454304683e-05,-1.94014935948e-05,-2.23010473106e-05,-2.52488752713e-05,-2.82491774298e-05,-3.13054999075e-05,-3.44206723996e-05,-3.75967559244e-05,-4.08350034485e-05,
47.0,1.96877700575e-19,-2.72603800856e-06,-5.45877006754e-06,-8.20482183709e-06,-1.0970681288e-05,-1.37626277938e-05,-1.65866593071e-05,-1.94484178462e-05,-2.23531141219e-05,-2.53054527468e-05,-2.8309560003e-05,-3.13689165419e-05,-3.44862975928e-05,-3.7663723231e-05,-4.09024210002e-05,
48.0,1.36417087457e-19,-2.73327045508e-06,-5.4731594693e-06,-8.2262164285e-06,-1.09988516664e-05,-1.37972653598e-05,-1.66273750252e-05,-1.9494741914e-05,-2.24044971384e-05,-2.53612688972e-05,-2.83691126385e-05,-3.14314463442e-05,-3.45509932877e-05,-3.77297345878e-05,-4.09688736385e-05,
49.0,-3.24605152057e-21,-2.74041979132e-06,-5.48738199912e-06,-8.24735928138e-06,-1.10266842534e-05,-1.38314783162e-05,-1.6667579542e-05,-1.95404699777e-05,-2.24552031983e-05,-2.54163334111e-05,-2.84278478271e-05,-3.14931043102e-05,-3.4614776459e-05,-3.77948082368e-05,-4.1034380042e-05,
50.0,5.70626295087e-21,-2.74748550395e-06,-5.50143682264e-06,-8.26824960192e-06,-1.1054178783e-05,-1.3865267478e-05,-1.67072753045e-05,-1.9585606596e-05,-2.25052393154e-05,-2.54706559165e-05,-2.84857777549e-05,-3.15539049062e-05,-3.46776633702e-05,-3.78589615914e-05,-4.10989580196e-05,
51.0,4.93275447892e-20,-2.75446726636e-06,-5.51532345634e-06,-8.28888706846e-06,-1.10813355244e-05,-1.38986341916e-05,-1.67464652195e-05,-1.96301566529e-05,-2.25546126468e-05,-2.55242459735e-05,-2.8542914322e-05,-3.16138621114e-05,-3.47396696363e-05,-3.7922211312e-05,-4.11626245911e-05,
52.0,2.48357218353e-20,-2.76136491649e-06,-5.52904172562e-06,-8.30927177457e-06,-1.11081552166e-05,-1.39315802683e-05,-1.67851525929e-05,-1.96741253114e-05,-2.2603330465e-05,-2.55771130678e-05,-2.85992691595e-05,-3.16729894569e-05,-3.48008102799e-05,-3.79845733728e-05,-4.12253960578e-05,
53.0,7.36310396176e-20,-2.76817843709e-06,-5.54259172752e-06,-8.32940417846e-06,-1.11346390102e-05,-1.39641079252e-05,-1.68233410762e-05,-1.9717517971e-05,-2.26514001325e-05,-2.5629266606e-05,-2.8654853645e-05,-3.17313000601e-05,-3.48610997809e-05,-3.80460631221e-05,-4.12872880662e-05,
54.0,-2.13560914794e-20,-2.77490793812e-06,-5.55597379762e-06,-8.34928505794e-06,-1.11607884156e-05,-1.39962197319e-05,-1.68610346186e-05,-1.97603402312e-05,-2.26988290796e-05,-2.56807159108e-05,-2.87096789165e-05,-3.17888066552e-05,-3.49205521214e-05,-3.81066953357e-05,-4.13483156645e-05,
55.0,-1.04698756287e-20,-2.78155364117e-06,-5.56918848045e-06,-8.36891547037e-06,-1.1186605257e-05,-1.4027918564e-05,-1.68982374253e-05,-1.98025978583e-05,-2.27456247855e-05,-2.57314702172e-05,-2.87637558848e-05,-3.18455216218e-05,-3.49791808251e-05,-3.81664842649e-05,-4.14084933534e-05,
56.0,8.29184827736e-20,-2.78811586553e-06,-5.58223650333e-06,-8.38829671708e-06,-1.12120916311e-05,-1.40592075618e-05,-1.69349539197e-05,-1.9844296757e-05,-2.27917947606e-05,-2.57815386698e-05,-2.88170952451e-05,-3.19014570087e-05,-3.50369989938e-05,-3.8225443679e-05,-4.1467835131e-05,
57.0,9.10321447952e-20,-2.79459501581e-06,-5.59511875299e-06,-8.40743031171e-06,-1.12372498714e-05,-1.40900900929e-05,-1.697118871e-05,-1.98854429439e-05,-2.28373465319e-05,-2.58309303196e-05,-2.88697074872e-05,-3.19566245569e-05,-3.50940193388e-05,-3.8283586904e-05,-4.15263545338e-05,
58.0,-4.91829767693e-20,-2.80099157097e-06,-5.60783625489e-06,-8.42631795211e-06,-1.12620825153e-05,-1.41205697196e-05,-1.70069465604e-05,-1.99260425257e-05,-2.28822876293e-05,-2.58796541225e-05,-2.8921602905e-05,-3.20110357196e-05,-3.51502542097e-05,-3.83409268566e-05,-4.15840646725e-05,
59.0,-3.99142296945e-20,-2.80730607458e-06,-5.62039015473e-06,-8.44496149539e-06,-1.12865922759e-05,-1.41506501702e-05,-1.70422323643e-05,-1.99661016785e-05,-2.29266255745e-05,-2.59277189369e-05,-2.8972791605e-05,-3.206470168e-05,-3.52057156205e-05,-3.83974760748e-05,-4.16409782643e-05,
60.0,3.44107295173e-20,-2.81353912607e-06,-5.6327817022e-06,-8.46336293575e-06,-1.13107820162e-05,-1.41803353128e-05,-1.70770511217e-05,-2.00056266304e-05,-2.29703678703e-05,-2.59751335228e-05,-2.9023283514e-05,-3.21176333676e-05,-3.5260415272e-05,-3.84532467458e-05,-4.16971076623e-05,
61.0,-1.13283363864e-19,-2.81969137312e-06,-5.64501223636e-06,-8.48152438477e-06,-1.13346547268e-05,-1.42096291326e-05,-1.71114079187e-05,-2.00446236459e-05,-2.30135219919e-05,-2.60219065406e-05,-2.90730883863e-05,-3.21698414732e-05,-3.53143645732e-05,-3.850825073e-05,-4.17524648814e-05,
62.0,1.18053737843e-19,-2.82576350477e-06,-5.65708317281e-06,-8.49944805402e-06,-1.13582135059e-05,-1.42385357117e-05,-1.7145307909e-05,-2.00830990118e-05,-2.30560953793e-05,-2.60680465505e-05,-2.91222158102e-05,-3.22213364615e-05,-3.53675746593e-05,-3.8562499584e-05,-4.18070616215e-05,
63.0,1.34805383612e-19,-2.83175624535e-06,-5.66899599224e-06,-8.51713623955e-06,-1.13814615416e-05,-1.42670592115e-05,-1.71787562987e-05,-2.01210590257e-05,-2.30980954302e-05,-2.61135620117e-05,-2.9170675214e-05,-3.22721285836e-05,-3.54200564089e-05,-3.86160045797e-05,-4.18609092886e-05,
64.0,7.73389977663e-20,-2.83767034911e-06,-5.68075223028e-06,-8.53459130819e-06,-1.14044020958e-05,-1.42952038564e-05,-1.72117583316e-05,-2.01585099846e-05,-2.31395294944e-05,-2.61584612821e-05,-2.92184758714e-05,-3.23222278874e-05,-3.54718204591e-05,-3.86687767226e-05,-4.19140190137e-05,
65.0,1.5157597553e-19,-2.84350659548e-06,-5.69235346855e-06,-8.55181568537e-06,-1.1427038491e-05,-1.43229739199e-05,-1.72443192768e-05,-2.0195458176e-05,-2.31804048685e-05,-2.62027526185e-05,-2.92656269064e-05,-3.23716442279e-05,-3.55228772189e-05,-3.8720826768e-05,-4.19664016697e-05,
66.0,-9.34957237626e-20,-2.8492657848e-06,-5.70380132668e-06,-8.56881184441e-06,-1.14493740973e-05,-1.43503737126e-05,-1.72764444183e-05,-2.02319098699e-05,-2.32207287916e-05,-2.62464441763e-05,-2.93121372982e-05,-3.24203872753e-05,-3.55732368816e-05,-3.87721652351e-05,-4.20180678867e-05,
67.0,2.76630045633e-20,-2.85494873458e-06,-5.71509745527e-06,-8.58558229695e-06,-1.14714123221e-05,-1.43774075708e-05,-1.73081390446e-05,-2.0267871311e-05,-2.32605084414e-05,-2.62895440102e-05,-2.93580158855e-05,-3.24684665239e-05,-3.5622909436e-05,-3.88228024205e-05,-4.20690280658e-05,
68.0,1.72866761505e-20,-2.86055627624e-06,-5.72624352962e-06,-8.60212958457e-06,-1.14931566002e-05,-1.44040798472e-05,-1.73394084407e-05,-2.03033487129e-05,-2.32997509313e-05,-2.63320600736e-05,-2.940327137e-05,-3.25158912988e-05,-3.56719046761e-05,-3.88727484098e-05,-4.21192923914e-05,
69.0,1.05925433168e-19,-2.8660892521e-06,-5.73724124431e-06,-8.61845627136e-06,-1.15146103854e-05,-1.44303949025e-05,-1.73702578806e-05,-2.03383482526e-05,-2.33384633073e-05,-2.63740002201e-05,-2.94479123209e-05,-3.25626707631e-05,-3.57202322109e-05,-3.89220130883e-05,-4.21688708425e-05,
70.0,-1.29773985064e-20,-2.87154851287e-06,-5.74809230823e-06,-8.63456493733e-06,-1.15357771431e-05,-1.44563570974e-05,-1.74006926209e-05,-2.03728760655e-05,-2.33766525458e-05,-2.64153722033e-05,-2.94919471775e-05,-3.26088139236e-05,-3.57679014721e-05,-3.89706061509e-05,-4.22177732032e-05,
71.0,-6.33238857822e-21,-2.8769349153e-06,-5.75879844036e-06,-8.65045817264e-06,-1.15566603437e-05,-1.44819707868e-05,-1.74307178946e-05,-2.04069382418e-05,-2.3414325552e-05,-2.64561836778e-05,-2.95353842531e-05,-3.26543296368e-05,-3.58149217219e-05,-3.90185371106e-05,-4.22660090713e-05,
72.0,-7.61356635151e-20,-2.88224932023e-06,-5.76936136594e-06,-8.66613857252e-06,-1.15772634567e-05,-1.45072403136e-05,-1.74603389067e-05,-2.04405408226e-05,-2.34514891578e-05,-2.64964421995e-05,-2.95782317376e-05,-3.26992266139e-05,-3.58613020597e-05,-3.90658153068e-05,-4.23135878672e-05,
73.0,-2.63993645449e-20,-2.88749259075e-06,-5.77978281316e-06,-8.68160873275e-06,-1.15975899458e-05,-1.45321700036e-05,-1.74895608298e-05,-2.04736897967e-05,-2.3488150121e-05,-2.65361552269e-05,-2.96204977007e-05,-3.27435134254e-05,-3.59070514288e-05,-3.91124499122e-05,-4.23605188415e-05,
74.0,1.13280627737e-19,-2.89266559066e-06,-5.7900645102e-06,-8.69687124578e-06,-1.16176432644e-05,-1.45567641616e-05,-1.75183888001e-05,-2.05063910987e-05,-2.3524315124e-05,-2.65753301212e-05,-2.96621900939e-05,-3.27871985057e-05,-3.59521786216e-05,-3.91584499398e-05,-4.24068110815e-05,
75.0,9.32023941716e-20,-2.89776918311e-06,-5.8002081827e-06,-8.71192869722e-06,-1.16374268517e-05,-1.45810270672e-05,-1.75468279143e-05,-2.0538650606e-05,-2.35599907732e-05,-2.6613974148e-05,-2.97033167538e-05,-3.28302901569e-05,-3.59966922852e-05,-3.92038242488e-05,-4.24524735179e-05,
76.0,1.68490971858e-20,-2.9028042294e-06,-5.81021555146e-06,-8.72678366285e-06,-1.16569441293e-05,-1.46049629714e-05,-1.75748832269e-05,-2.05704741378e-05,-2.35951835982e-05,-2.66520944775e-05,-2.97438854041e-05,-3.2872796553e-05,-3.60406009263e-05,-3.92485815502e-05,-4.24975149308e-05,
77.0,-3.02850995112e-20,-2.90777158789e-06,-5.82008833049e-06,-8.74143870598e-06,-1.16761984982e-05,-1.46285760942e-05,-1.76025597477e-05,-2.06018674528e-05,-2.36299000517e-05,-2.66896981855e-05,-2.97839036577e-05,-3.29147257427e-05,-3.60839129153e-05,-3.92927304119e-05,-4.25419439543e-05,
78.0,-2.83910362526e-20,-2.9126721131e-06,-5.82982822525e-06,-8.75589637515e-06,-1.16951933365e-05,-1.46518706215e-05,-1.762986244e-05,-2.06328362484e-05,-2.36641465091e-05,-2.67267922548e-05,-2.98233790192e-05,-3.29560856533e-05,-3.6126636491e-05,-3.93362792631e-05,-4.25857690823e-05,
79.0,1.34244203819e-19,-2.91750665491e-06,-5.83943693121e-06,-8.77015920216e-06,-1.17139319967e-05,-1.46748507038e-05,-1.76567962186e-05,-2.06633861598e-05,-2.36979292687e-05,-2.67633835758e-05,-2.98623188867e-05,-3.29968840933e-05,-3.61687797637e-05,-3.93792363993e-05,-4.26289986722e-05,
80.0,1.80852592366e-20,-2.92227605785e-06,-5.8489161325e-06,-8.78422970027e-06,-1.17324178043e-05,-1.46975204534e-05,-1.76833659485e-05,-2.06935227588e-05,-2.37312545511e-05,-2.67994789475e-05,-2.9900730554e-05,-3.30371287555e-05,-3.62103507194e-05,-3.94216099857e-05,-4.26716409495e-05,
81.0,9.62888006617e-20,-2.92698116049e-06,-5.85826750079e-06,-8.79811036281e-06,-1.17506540558e-05,-1.47198839437e-05,-1.77095764437e-05,-2.07232515536e-05,-2.37641285002e-05,-2.68350850786e-05,-2.9938621212e-05,-3.30768272195e-05,-3.62513572227e-05,-3.94634080609e-05,-4.27137040116e-05,
82.0,-2.01424796964e-20,-2.93162279495e-06,-5.86749269433e-06,-8.81180366182e-06,-1.17686440177e-05,-1.47419452075e-05,-1.77354324665e-05,-2.07525779881e-05,-2.37965571828e-05,-2.68702085885e-05,-2.99759979511e-05,-3.31159869543e-05,-3.62918070201e-05,-3.95046385408e-05,-4.27551958313e-05,
83.0,-3.9791149257e-20,-2.93620178639e-06,-5.87659335711e-06,-8.82531204701e-06,-1.17863909247e-05,-1.47637082361e-05,-1.77609387264e-05,-2.07815074416e-05,-2.38285465893e-05,-2.69048560085e-05,-3.00128677625e-05,-3.31546153204e-05,-3.63317077425e-05,-3.95453092214e-05,-4.279612426e-05,
84.0,6.57813749375e-20,-2.94071895269e-06,-5.88557111816e-06,-8.8386379448e-06,-1.18038979793e-05,-1.47851769782e-05,-1.77860998795e-05,-2.08100452291e-05,-2.38601026338e-05,-2.69390337825e-05,-3.00492375401e-05,-3.31927195725e-05,-3.63710669085e-05,-3.9585427782e-05,-4.2836497031e-05,
85.0,1.86395180925e-20,-2.94517510408e-06,-5.89442759092e-06,-8.85178375758e-06,-1.18211683509e-05,-1.48063553396e-05,-1.78109205284e-05,-2.08381966007e-05,-2.3891231155e-05,-2.69727482682e-05,-3.00851140819e-05,-3.32303068614e-05,-3.64098919264e-05,-3.96250017878e-05,-4.28763217623e-05,
86.0,1.13620356501e-19,-2.94957104287e-06,-5.90316437277e-06,-8.86475186305e-06,-1.18382051747e-05,-1.48272471822e-05,-1.78354052215e-05,-2.08659667418e-05,-2.39219379162e-05,-2.70060057382e-05,-3.01205040916e-05,-3.32673842359e-05,-3.64481900969e-05,-3.96640386928e-05,-4.29156059593e-05,
87.0,2.17189273476e-19,-2.95390756324e-06,-5.91178304459e-06,-8.87754461366e-06,-1.18550115517e-05,-1.48478563237e-05,-1.78595584531e-05,-2.08933607737e-05,-2.39522286064e-05,-2.7038812381e-05,-3.01554141805e-05,-3.33039586448e-05,-3.64859686151e-05,-3.97025458421e-05,-4.29543570174e-05,
88.0,-1.30380509388e-20,-2.95818545103e-06,-5.92028517044e-06,-8.89016433623e-06,-1.1871590548e-05,-1.48681865376e-05,-1.78833846633e-05,-2.09203837531e-05,-2.39821088406e-05,-2.7071174302e-05,-3.01898508683e-05,-3.33400369388e-05,-3.65232345728e-05,-3.97405304741e-05,-4.29925822243e-05,
89.0,4.4538869235e-20,-2.96240548361e-06,-5.92867229724e-06,-8.90261333158e-06,-1.18879451944e-05,-1.48882415527e-05,-1.79068882376e-05,-2.09470406731e-05,-2.40115841605e-05,-2.71030975246e-05,-3.02238205849e-05,-3.33756258724e-05,-3.65599949608e-05,-3.97779997231e-05,-4.30302887625e-05,
90.0,8.12331214778e-20,-2.96656842971e-06,-5.93694595459e-06,-8.91489387428e-06,-1.19040784865e-05,-1.49080250528e-05,-1.79300735077e-05,-2.0973336463e-05,-2.40406600351e-05,-2.7134587991e-05,-3.02573296719e-05,-3.34107321051e-05,-3.65962566702e-05,-3.98149606211e-05,-4.3067483711e-05,
91.0,-1.45981725283e-20,-2.97067504937e-06,-5.9451076546e-06,-8.92700821247e-06,-1.19199933841e-05,-1.49275406772e-05,-1.7952944751e-05,-2.09992759891e-05,-2.40693418616e-05,-2.71656515638e-05,-3.02903843836e-05,-3.34453622037e-05,-3.66320264947e-05,-3.98514200997e-05,-4.31041740479e-05,
92.0,8.09507458255e-20,-2.97472609387e-06,-5.95315889175e-06,-8.93895856772e-06,-1.19356928117e-05,-1.49467920205e-05,-1.79755061911e-05,-2.10248640549e-05,-2.40976349661e-05,-2.71962940262e-05,-3.03229908885e-05,-3.34795226431e-05,-3.66673111326e-05,-3.98873849923e-05,-4.31403666519e-05,
93.0,1.68597334604e-20,-2.97872230563e-06,-5.96110114284e-06,-8.95074713498e-06,-1.19511796579e-05,-1.49657826323e-05,-1.79977619981e-05,-2.10501054017e-05,-2.41255446042e-05,-2.72265210838e-05,-3.03551552707e-05,-3.35132198087e-05,-3.67021171876e-05,-3.99228620358e-05,-4.31760683044e-05,
94.0,1.43536885289e-19,-2.98266441824e-06,-5.96893586692e-06,-8.96237608254e-06,-1.19664567759e-05,-1.49845160182e-05,-1.80197162888e-05,-2.10750047092e-05,-2.4153075962e-05,-2.72563383651e-05,-3.03868835308e-05,-3.3546459997e-05,-3.67364511715e-05,-3.99578578723e-05,-4.32112856912e-05,
95.0,-2.96658700134e-20,-2.98655315642e-06,-5.97666450531e-06,-8.97384755205e-06,-1.19815269832e-05,-1.5002995639e-05,-1.80413731274e-05,-2.10995665958e-05,-2.41802341563e-05,-2.72857514227e-05,-3.04181815874e-05,-3.35792494175e-05,-3.6770319505e-05,-3.99923790506e-05,-4.32460254042e-05,
96.0,6.27083922461e-20,-2.99038923603e-06,-5.98428848159e-06,-8.98516365859e-06,-1.19963930621e-05,-1.5021224912e-05,-1.80627365252e-05,-2.11237956196e-05,-2.42070242362e-05,-2.73147657342e-05,-3.04490552783e-05,-3.36115941942e-05,-3.68037285196e-05,-4.00264320281e-05,-4.32802939429e-05,
97.0,8.8667904863e-20,-2.99417336405e-06,-5.99180920166e-06,-8.99632649076e-06,-1.20110577596e-05,-1.50392072102e-05,-1.80838104417e-05,-2.11476962785e-05,-2.42334511833e-05,-2.73433867032e-05,-3.04795103614e-05,-3.36435003662e-05,-3.68366844589e-05,-4.00600231722e-05,-4.33140977162e-05,
98.0,1.53599920785e-19,-2.99790623866e-06,-5.99922805379e-06,-9.00733811079e-06,-1.20255237879e-05,-1.50569458637e-05,-1.81045987847e-05,-2.11712730111e-05,-2.42595199127e-05,-2.73716196604e-05,-3.05095525162e-05,-3.36749738901e-05,-3.686919348e-05,-4.00931587619e-05,-4.33474430439e-05,
99.0,1.02032024556e-21,-3.00158854925e-06,-6.00654640869e-06,-9.01820055468e-06,-1.20397938241e-05,-1.5074444159e-05,-1.81251054111e-05,-2.11945301973e-05,-2.42852352738e-05,-2.73994698644e-05,-3.05391873446e-05,-3.37060206402e-05,-3.69012616549e-05,-4.0125844989e-05,-4.33803361579e-05,
