Coordinates:
0.0,0.714285714286,1.42857142857,2.14285714286,2.85714285714,3.57142857143,4.28571428571,5.0,5.71428571429,6.42857142857,7.14285714286,7.85714285714,8.57142857143,9.28571428571,10.0,
Volumes:
0.357142857143,0.714285714286,0.714285714286,0.714285714286,0.714285714286,0.714285714286,0.714285714286,0.714285714286,0.714285714286,0.714285714286,0.714285714286,0.714285714286,0.714285714286,0.714285714286,0.357142857143,

 Time(s), Error (-) on vertices
141.58979918,0.0,303607.871311,8648.19319571,1705.88035181,457.922045579,138.173615134,44.338775419,14.7762767809,5.0516056087,1.75898396136,0.620998929718,0.221611200766,0.0797687172023,0.0289157029139,0.0105434884981,0.00386358940879,0.00142181940748,0.000525166855946,0.000194602577172,7.2315718408e-05,2.69408933235e-05,1.00593592875e-05,3.76363552447e-06,1.41073014473e-06,5.29668329333e-07,
283.179598361,1.0,0.218425864863,0.0615136392818,0.0190853929829,0.00623668360425,0.00210516784286,0.000726549532821,0.000254839541773,9.04921749011e-05,3.24456201544e-05,1.1724403606e-05,4.26400809082e-06,1.55914205552e-06,5.72720996382e-07,
424.769397541,1.0,0.152218143679,0.0332091659879,0.00843665778225,0.0023375274011,0.000685402055637,0.000209195334137,6.57922379924e-05,2.11792206939e-05,6.94603767687e-06,2.31308040537e-06,7.80140967062e-07,
566.359196721,1.0,0.119197668307,0.021591616577,0.00471017380936,0.00114606106659,0.000299944112829,8.27338667268e-05,2.37474776097e-05,7.03312354999e-06,2.13634462609e-06,6.62639019642e-07,
707.948995901,1.0,0.0986173150195,0.0153776833747,0.00295824418585,0.000645370195748,0.000153317737051,3.8756560949e-05,1.02739377291e-05,2.82806221811e-06,8.02714132541e-07,
849.538795082,1.0,0.0843572048136,0.0115874537365,0.00200052258821,0.000396859703039,8.65849975919e-05,2.02584931012e-05,5.0022918521e-06,1.28940285753e-06,3.44252925631e-07,
991.128594262,1.0,0.0738214256381,0.00907927982664,0.00142471737312,0.000259680121273,5.24873122182e-05,1.14521029511e-05,2.65130166918e-06,6.43665882621e-07,
1132.71839344,1.0,0.0656888457576,0.00732301428165,0.00105464540895,0.000178041153642,3.35672153104e-05,6.87054919603e-06,1.49914029954e-06,3.44388852577e-07,
1274.30819262,1.0,0.0592066483624,0.00604062852095,0.000804623747396,0.000126624657736,2.23920952427e-05,4.32047185835e-06,8.92315589019e-07,
1415.8979918,1.0,0.0539110010695,0.0050733382841,0.000628984471949,9.27700072644e-05,1.54578986152e-05,2.82309757568e-06,5.53897229683e-07,
1557.48779098,1.0,0.0494991424015,0.0043244852188,0.000501646055139,6.96613785521e-05,1.09792016657e-05,1.90453205014e-06,3.56119220646e-07,
1699.07759016,1.0,0.045764479179,0.0037322198082,0.000406886862428,5.34090955376e-05,7.98869428017e-06,1.32004789531e-06,2.35903660745e-07,
1840.66738934,1.0,0.0425609902457,0.00325532499959,0.000334808990351,4.16848612088e-05,5.93512350109e-06,9.36433082848e-07,
1982.25718852,1.0,0.0397824909269,0.00286538476205,0.000278954293969,3.30390580438e-05,4.4906135673e-06,6.7791384262e-07,
2123.8469877,1.0,0.0373499212169,0.00254223401483,0.00023497838345,2.6539233561e-05,3.45281873739e-06,4.9969488412e-07,
2265.43678688,1.0,0.0352032157105,0.00227121153377,0.000199878982805,2.15693074502e-05,2.69292875959e-06,3.74374173221e-07,
2407.02658606,1.0,0.0332958909186,0.00204144134247,0.000171528815722,1.77126839234e-05,2.12679454526e-06,2.84666122166e-07,
2548.61638524,1.0,0.0315913307939,0.00184472564966,0.000148385401083,1.46816702803e-05,1.69827971493e-06,2.19378945516e-07,
2690.20618443,1.0,0.0300601740255,0.00167480828031,0.000129306809687,1.2273481003e-05,1.36927097248e-06,1.71112462745e-07,
2831.79598361,1.0,0.0286784481703,0.00152686816398,0.000113432588453,1.03422049218e-05,1.11347167195e-06,1.34892298104e-07,
2973.38578279,1.0,0.0274262285833,0.0013971596012,0.000100105300786,8.78068553091e-06,9.12440978867e-07,
3114.97558197,1.0,0.0262866758142,0.00128274958553,8.88175736906e-05,7.50869791721e-06,7.53021128466e-07,
3256.56538115,1.0,0.0252453468593,0.00118132141571,7.91751524685e-05,6.46514099087e-06,6.25645741792e-07,
3398.15518033,1.0,0.0242897096782,0.0010910269432,7.08704492891e-05,5.6028589355e-06,5.23228985867e-07,
3539.74497951,1.0,0.0234087992515,0.00101037376955,6.36627687786e-05,4.88509933185e-06,4.40424367284e-07,
3681.33477869,1.0,0.0225929751833,0.000938139694774,5.73632616625e-05,4.28304657052e-06,3.73131446841e-07,
3822.92457787,1.0,0.0218337478947,0.000873308035451,5.18232626227e-05,3.7740421566e-06,3.18163015609e-07,
3964.51437705,1.0,0.0211236497462,0.000815019111663,4.69251847832e-05,3.34025398573e-06,2.73017208903e-07,
4106.10417623,1.0,0.0204561343337,0.000762534232055,4.25754064833e-05,2.96765100982e-06,2.35717589977e-07,
4247.69397541,1.0,0.0198254926131,0.000715209275713,3.86987364945e-05,2.64519503918e-06,2.04698192815e-07,
4389.28377459,1.0,0.0192267786231,0.000672475564162,3.52341340995e-05,2.36419674433e-06,1.78717662555e-07,
4530.87357377,1.0,0.0186557405555,0.000633826189698,3.21314233679e-05,2.1178009609e-06,1.56793273422e-07,
4672.46337295,1.0,0.0181087549786,0.000598806346108,2.93487874213e-05,1.90057782889e-06,1.38148712196e-07,
4814.05317213,1.0,0.0175827633476,0.000567006518034,2.68508694003e-05,1.7081997524e-06,1.22171768902e-07,
4955.64297131,1.0,0.0170752107192,0.000538057638332,2.460734094e-05,1.53718904514e-06,1.08380390894e-07,
5097.23277049,1.0,0.0165839869924,0.000511627533673,2.25918274288e-05,1.38472257014e-06,9.63948574434e-08,
5238.82256967,1.0,0.0161073711493,0.000487418156602,2.07811039576e-05,1.24848199137e-06,8.59153239185e-08,
5380.41236885,1.0,0.015643978962,0.00046516324914,1.91544954595e-05,1.12653955834e-06,7.67038416578e-08,
5522.00216803,1.0,0.015192714551,0.000444626201628,1.76934311234e-05,1.01727140001e-06,6.85706821121e-08,
5663.59196721,1.0,0.0147527260549,0.000425597966792,1.63811134101e-05,9.19292746574e-07,
5805.18176639,1.0,0.0143233656149,0.00040789497569,1.52022748286e-05,8.31408710698e-07,
5946.77156557,1.0,0.0139041532632,0.00039135696355,1.41429923595e-05,7.5257600732e-07,
6088.36136475,1.0,0.0134947455226,0.000375844872108,1.31905586562e-05,6.81876538605e-07,
6229.95116393,1.0,0.0130949075752,0.000361238695569,1.2333380433e-05,6.18494793339e-07,
6371.54096311,1.0,0.0127044892878,0.000347435395734,1.15608997918e-05,5.61701882257e-07,
6513.13076229,1.0,0.0123234047053,0.000334346904283,1.08635316201e-05,5.10842800273e-07,
6654.72056147,1.0,0.0119516147131,0.000321898238711,1.02326096179e-05,4.65325918588e-07,
6796.31036065,1.0,0.0115891125623,0.000310025758323,9.66033508741e-06,4.24615218926e-07,
6937.90015983,1.0,0.0112359119438,0.000298675572257,9.13972696434e-06,3.88224501395e-07,
7079.48995901,1.0,0.0108920373125,0.000287802107251,8.66457084643e-06,3.5571066633e-07,
7221.07975819,1.0,0.0105575161764,0.000277366833712,8.22936549622e-06,3.26670825675e-07,
7362.66955737,1.0,0.0102323730758,0.000267337147709,7.82926807973e-06,3.00737657193e-07,
7504.25935655,1.0,0.00991662500934,0.000257685397718,7.46003664449e-06,2.77576968918e-07,
7645.84915573,1.0,0.00961027808085,0.000248388046442,7.11797476449e-06,2.56884619973e-07,
7787.43895492,1.0,0.00931332516075,0.000239424954204,6.79987456727e-06,2.38384669502e-07,
7929.0287541,1.0,0.00902574438226,0.000230778773861,6.5029631738e-06,2.21827104697e-07,
8070.61855328,1.0,0.00874749831945,0.000222434440148,6.22485033636e-06,2.06986209764e-07,
8212.20835246,1.0,0.00847853369777,0.000214378744487,5.96348231538e-06,1.93659421386e-07,
8353.79815164,1.0,0.00821878153315,0.000206599982714,5.71709565982e-06,1.81664597374e-07,
8495.38795082,1.0,0.00796815758444,0.00019908766517,5.48417914966e-06,1.70839942214e-07,
8636.97775,1.0,0.00772656304404,0.000191832279739,5.26343689823e-06,1.61041533191e-07,
8778.56754918,1.0,0.00749388539238,0.000184825100352,5.05375707399e-06,1.5214252452e-07,
8920.15734836,1.0,0.00726999936067,0.000178058031584,4.85418458643e-06,1.44031342929e-07,
9061.74714754,1.0,0.00705476795233,0.00017152348487,4.66389718263e-06,1.36610221921e-07,
9203.33694672,1.0,0.00684804349036,0.000165214281917,4.48218439223e-06,1.29794259876e-07,
9344.9267459,1.0,0.00664966865828,0.000159123577108,4.30842937317e-06,1.23509555607e-07,
9486.51654508,1.0,0.00645947751915,0.000153244797444,4.14209556235e-06,1.17692455509e-07,
9628.10634426,1.0,0.00627729649087,0.000147571598485,3.9827119097e-06,1.12287447422e-07,
9769.69614344,1.0,0.00610294527586,0.00014209782766,3.8298635406e-06,1.07247593434e-07,
9911.28594262,1.0,0.00593623773123,0.000136817500257,3.68318225375e-06,1.02532175164e-07,
10052.8757418,1.0,0.00577698268481,0.000131724778764,3.542339055e-06,9.81063479983e-08,
10194.465541,1.0,0.00562498469065,0.000126813961378,3.40703825073e-06,9.39398940919e-08,
10336.0553402,1.0,0.00548004473231,0.000122079471744,3.27701170922e-06,9.00072035444e-08,
10477.6451393,1.0,0.00534196087406,0.00011751585286,3.15201474013e-06,8.62861891027e-08,
10619.2349385,1.0,0.00521052886557,0.000113117763479,3.03182332209e-06,8.27575137038e-08,
10760.8247377,1.0,0.00508554270814,0.000108879976861,2.9162291923e-06,7.94052640845e-08,
10902.4145369,1.0,0.00496679518348,0.000104797378777,2.80504002904e-06,7.62149356075e-08,
11044.0043361,1.0,0.00485407835339,0.000100864968233,2.69807542588e-06,7.3173943914e-08,
11185.5941352,1.0,0.00474718403952,9.70778585785e-05,2.59516566478e-06,7.02718436218e-08,
11327.1839344,1.0,0.0046459042768,9.3431276129e-05,2.49615141968e-06,6.74991183973e-08,
11468.7737336,1.0,0.00455003175431,8.99205639608e-05,2.40088132487e-06,6.48469137049e-08,
11610.3635328,1.0,0.00445936024714,8.65411803796e-05,2.30921159855e-06,6.23085387428e-08,
11751.953332,1.0,0.00437368502861,8.32886996789e-05,2.22100569113e-06,5.98769457074e-08,
11893.5431311,1.0,0.00429280327775,8.01588149801e-05,2.13613267467e-06,5.75461909753e-08,
12035.1329303,1.0,0.00421651447907,7.71473354094e-05,2.05446737151e-06,5.53110779279e-08,
12176.7227295,1.0,0.00414462080225,7.42501873424e-05,1.97589035398e-06,5.31663663954e-08,
12318.3125287,1.0,0.00407692748199,7.14634153156e-05,1.90028583774e-06,5.11081883793e-08,
12459.9023279,1.0,0.00401324317343,6.87831780816e-05,1.82754402688e-06,4.91319027864e-08,
12601.492127,1.0,0.00395338029428,6.62057519674e-05,1.75755812957e-06,4.7234053346e-08,
12743.0819262,1.0,0.0038971553501,6.37275262418e-05,1.69022650289e-06,4.54105859823e-08,
12884.6717254,1.0,0.00384438923536,6.13450037922e-05,1.62544960206e-06,4.36588500482e-08,
13026.2615246,1.0,0.00379490750725,5.90547985022e-05,1.56313338741e-06,4.19757413848e-08,
13167.8513238,1.0,0.0037485406357,5.68536347134e-05,1.50318611061e-06,4.03579566506e-08,
13309.4411229,1.0,0.00370512422375,5.47383445567e-05,1.44551958965e-06,3.88030625507e-08,
13451.0309221,1.0,0.0036644991964,5.27058642519e-05,1.39004922445e-06,3.73083301266e-08,
13592.6207213,1.0,0.00362651195217,5.07532369674e-05,1.33669222147e-06,3.58715717368e-08,
13734.2105205,1.0,0.0035910144966,4.8877603144e-05,1.28537084213e-06,3.44902763351e-08,
13875.8003197,1.0,0.00355786451827,4.70762059082e-05,1.23600833512e-06,3.31620597526e-08,
14017.3901188,1.0,0.00352692545964,4.53463830642e-05,1.18853106241e-06,3.18851766643e-08,
14158.979918,1.0,0.00349806653515,4.3685566744e-05,1.14286828474e-06,3.06575900053e-08,
14300.5697172,1.0,0.00347116273222,4.20912792657e-05,1.0989527196e-06,2.94772365145e-08,
14442.1595164,1.0,0.00344609477304,4.05611345161e-05,1.05671784473e-06,2.83423103909e-08,
14583.7493156,1.0,0.00342274906091,3.90928305705e-05,1.01610048854e-06,2.72509901083e-08,
14725.3391147,1.0,0.00340101759196,3.76841499564e-05,9.770396097e-07,
14866.9289139,1.0,0.00338079786564,3.63329561016e-05,9.39476728841e-07,
15008.5187131,1.0,0.00336199272039,3.5037189713e-05,9.03354970924e-07,
15150.1085123,1.0,0.00334451023771,3.37948673196e-05,8.68619875746e-07,
15291.6983115,1.0,0.00332826356074,3.26040809354e-05,8.35218517153e-07,
15433.2881107,1.0,0.00331317074525,3.14629882401e-05,8.03100721695e-07,
15574.8779098,1.0,0.00329915456871,3.03698189338e-05,7.72217609673e-07,
15716.467709,1.0,0.00328614235751,2.93228662137e-05,7.42521846687e-07,
15858.0575082,1.0,0.00327406579549,2.83204852542e-05,7.13969292463e-07,
15999.6473074,1.0,0.00326286073438,2.73610920354e-05,6.86515309707e-07,
16141.2371066,1.0,0.00325246700841,2.64431587785e-05,6.60118528145e-07,
16282.8269057,1.0,0.00324282822935,2.55652132505e-05,6.34739297966e-07,
16424.4167049,1.0,0.00323389161563,2.47258366867e-05,6.10337742858e-07,
16566.0065041,1.0,0.00322560778866,2.39236589621e-05,5.86877249316e-07,
16707.5963033,1.0,0.0032179306046,2.31573578667e-05,5.64321387296e-07,
16849.1861025,1.0,0.00321081696657,2.24256561913e-05,5.42636533958e-07,
16990.7759016,1.0,0.00320422665364,2.17273214946e-05,5.21788086953e-07,
17132.3657008,1.0,0.00319812216308,2.10611572243e-05,5.01745378599e-07,
17273.9555,1.0,0.0031924685317,2.04260128218e-05,4.824768684e-07,
17415.5452992,1.0,0.00318723320157,1.98207676709e-05,4.63952867253e-07,
17557.1350984,1.0,0.00318238585672,1.92443378694e-05,4.46145527008e-07,
17698.7248975,1.0,0.00317789829134,1.86956725221e-05,4.29026652901e-07,
17840.3146967,1.0,0.00317374427455,1.81737497116e-05,4.12570985406e-07,
17981.9044959,1.0,0.0031698994168,1.76775783709e-05,3.96752761717e-07,
18123.4942951,1.0,0.00316634105986,1.72061935713e-05,3.81546731916e-07,
18265.0840943,1.0,0.00316304815209,1.675865664e-05,3.66930658488e-07,
18406.6738934,1.0,0.00316000114785,1.63340526478e-05,3.52881446484e-07,
18548.2636926,1.0,0.00315718190942,1.59314883966e-05,3.39377727013e-07,
18689.8534918,1.0,0.00315457359465,1.55500961055e-05,3.26398663583e-07,
18831.443291,1.0,0.0031521605878,1.51890283921e-05,3.1392339165e-07,
18973.0330902,1.0,0.00314992840476,1.48474559534e-05,3.01933795309e-07,
19114.6228893,1.0,0.00314786361209,1.45245706502e-05,2.9041138141e-07,
19256.2126885,1.0,0.00314595376212,1.42195829196e-05,2.79337746598e-07,
19397.8024877,1.0,0.00314418731442,1.393172476e-05,2.68695574871e-07,
19539.3922869,1.0,0.00314255357794,1.36602417551e-05,2.58468676043e-07,
19680.9820861,1.0,0.00314104264523,1.34044017251e-05,2.48641215476e-07,
19822.5718852,1.0,0.0031396453424,1.31634887413e-05,2.39199465275e-07,
19964.1616844,1.0,0.0031383531688,1.29368089346e-05,2.30126626051e-07,
20105.7514836,1.0,0.00313715825805,1.27236827418e-05,2.21409755998e-07,
20247.3412828,1.0,0.00313605332018,1.25234514095e-05,2.13034633061e-07,
20388.931082,1.0,0.00313503161439,1.23354731396e-05,2.04990161572e-07,
20530.5208811,1.0,0.00313408689269,1.21591318605e-05,1.97261703844e-07,
20672.1106803,1.0,0.00313321337825,1.19938223082e-05,1.8983845732e-07,
20813.7004795,1.0,0.00313240572253,1.1838964592e-05,1.82708687702e-07,
20955.2902787,1.0,0.003131658974,1.16939964809e-05,1.75861323953e-07,
21096.8800779,1.0,0.00313096855459,1.15583788664e-05,1.69285504833e-07,
21238.469877,1.0,0.00313033022842,1.14315871747e-05,1.62971878593e-07,
21380.0596762,1.0,0.00312974007241,1.13131241825e-05,1.56909634584e-07,
21521.6494754,1.0,0.00312919446142,1.12025084039e-05,1.5109023473e-07,
21663.2392746,1.0,0.00312869004031,1.10992797807e-05,1.45503638041e-07,
21804.8290738,1.0,0.00312822370413,1.10030004669e-05,1.40141911151e-07,
21946.4188729,1.0,0.00312779258391,1.09132476817e-05,1.3499676791e-07,
22088.0086721,1.0,0.00312739402577,1.08296228926e-05,1.30059587569e-07,
22229.5984713,1.0,0.00312702557489,1.07517453543e-05,1.25323406333e-07,
22371.1882705,1.0,0.00312668495645,1.06792542763e-05,1.20780319511e-07,
22512.7780697,1.0,0.00312637007225,1.06118109044e-05,1.16422669838e-07,
22654.3678688,1.0,0.00312607898316,1.05490810372e-05,1.12245221894e-07,
22795.957668,1.0,0.00312580989031,1.04907654047e-05,1.08240295194e-07,
22937.5474672,1.0,0.00312556113526,1.04365714873e-05,1.0440093782e-07,
23079.1372664,1.0,0.00312533118124,1.03862252307e-05,1.00723936815e-07,
23220.7270656,1.0,0.00312511860859,1.03394704712e-05,9.72000599018e-08,
23362.3168647,1.0,0.00312492210416,1.02960637343e-05,9.38250655153e-08,
23503.9066639,1.0,0.00312474045461,1.02557782097e-05,9.05948813773e-08,
23645.4964631,1.0,0.00312457254015,1.02183975073e-05,8.75017360543e-08,
23787.0862623,1.0,0.00312441732017,1.01837248538e-05,8.45418553858e-08,
23928.6760615,1.0,0.00312427383706,1.01515672891e-05,8.1711621717e-08,
24070.2658606,1.0,0.00312414120096,1.01217548734e-05,7.90048412958e-08,
24211.8556598,1.0,0.00312401859523,1.00941177587e-05,7.64176291596e-08,
24353.445459,1.0,0.00312390526052,1.00685050597e-05,7.39459588097e-08,
24495.0352582,1.0,0.00312380049713,1.00447709551e-05,7.15855237544e-08,
24636.6250574,1.0,0.00312370365627,1.00227832889e-05,6.93309649175e-08,
24778.2148565,1.0,0.00312361413962,1.00024149819e-05,6.71812785816e-08,
24919.8046557,1.0,0.00312353139274,9.98355181437e-06,6.51310965662e-08,
25061.3944549,1.0,0.00312345490292,9.96608393128e-06,6.31756162602e-08,
25202.9842541,1.0,0.0031233842001,9.94990939083e-06,6.13137286581e-08,
25344.5740533,1.0,0.00312331884747,9.93493411919e-06,5.9541339926e-08,
25486.1638524,1.0,0.00312325843396,9.92107323698e-06,5.78523581345e-08,
25627.7536516,1.0,0.00312320258944,9.90824494807e-06,5.62495608383e-08,
25769.3434508,1.0,0.00312315096961,9.89637041198e-06,5.47233441831e-08,
25910.93325,1.0,0.00312310325451,9.88538247116e-06,5.32751479541e-08,
26052.5230492,1.0,0.00312305915032,9.87521465799e-06,5.19001453704e-08,
26194.1128484,1.0,0.00312301838091,9.86580708716e-06,5.05959936885e-08,
26335.7026475,1.0,0.00312298069442,9.85710380073e-06,4.93613767436e-08,
26477.2924467,1.0,0.00312294586,9.84905026884e-06,4.81892153593e-08,
26618.8822459,1.0,0.0031229136606,9.84160211116e-06,4.70821234892e-08,
26760.4720451,1.0,0.00312288389879,9.83471110309e-06,4.60331996481e-08,
26902.0618443,1.0,0.00312285638617,9.82833802945e-06,4.50422881652e-08,
27043.6516434,1.0,0.00312283095566,9.82244384756e-06,4.41073028999e-08,
27185.2414426,1.0,0.00312280744855,9.81699072492e-06,4.32247196803e-08,
27326.8312418,1.0,0.00312278571937,9.81194770624e-06,4.23931419406e-08,
27468.421041,1.0,0.00312276563391,9.80728691846e-06,4.16098062335e-08,
27610.0108402,1.0,0.00312274706685,9.80297317051e-06,4.08715207505e-08,
27751.6006393,1.0,0.0031227299053,9.79898540707e-06,4.01781120976e-08,
27893.1904385,1.0,0.00312271404401,9.79529745179e-06,3.95241808642e-08,
28034.7802377,1.0,0.00312269938147,9.79188769052e-06,3.8914144068e-08,
28176.3700369,1.0,0.00312268582826,9.78873536882e-06,3.83362139864e-08,
28317.9598361,1.0,0.00312267329935,9.78582033473e-06,3.77965857638e-08,
28459.5496352,1.0,0.00312266171992,9.7831240132e-06,3.72925204872e-08,
28601.1394344,1.0,0.00312265101376,9.78063270413e-06,3.68186693051e-08,
28742.7292336,1.0,0.00312264111854,9.77832876894e-06,3.63753349191e-08,
28884.3190328,1.0,0.00312263197463,9.77619813836e-06,3.5961351699e-08,
29025.908832,1.0,0.00312262351925,9.77422970115e-06,3.55730466621e-08,
29167.4986311,1.0,0.00312261570522,9.77240768073e-06,3.52112937606e-08,
29309.0884303,1.0,0.00312260848343,9.77072284557e-06,3.48747652155e-08,
29450.6782295,1.0,0.00312260180553,9.76916692199e-06,3.45591329195e-08,
29592.2680287,1.0,0.00312259563368,9.7677266982e-06,3.42668561529e-08,
29733.8578279,1.0,0.00312258993043,9.76639947559e-06,3.39902292571e-08,
29875.447627,1.0,0.00312258465697,9.76517056767e-06,3.37331725344e-08,
30017.0374262,1.0,0.00312257978265,9.76403184106e-06,3.34974485922e-08,
30158.6272254,1.0,0.00312257527516,9.76298354826e-06,3.32764876121e-08,
30300.2170246,1.0,0.00312257111118,9.76200820817e-06,3.30735669483e-08,
30441.8068238,1.0,0.00312256726266,9.76111091348e-06,3.2879405015e-08,
30583.3966229,1.0,0.00312256370409,9.76028125832e-06,3.27019677719e-08,
30724.9864221,1.0,0.0031225604134,9.75951431282e-06,3.25371957791e-08,
30866.5762213,1.0,0.00312255737745,9.75880395938e-06,3.23817217107e-08,
31008.1660205,1.0,0.00312255456509,9.75814960121e-06,3.22400787187e-08,
31149.7558197,1.0,0.00312255196732,9.75754286739e-06,3.21104386831e-08,
31291.3456188,1.0,0.00312254956637,9.75698463769e-06,3.19838195376e-08,
31432.935418,1.0,0.00312254734667,9.75646460842e-06,3.18711427228e-08,
31574.5252172,1.0,0.00312254529287,9.75598522307e-06,3.17681382771e-08,
31716.1150164,1.0,0.00312254339733,9.75554356431e-06,3.16688803373e-08,
31857.7048156,1.0,0.00312254164539,9.75513461706e-06,3.15761732019e-08,
31999.2946147,1.0,0.00312254002601,9.75475504958e-06,3.14910432185e-08,
32140.8844139,1.0,0.00312253852995,9.75440566713e-06,3.14132857601e-08,
32282.4742131,1.0,0.00312253714107,9.7540826679e-06,3.13427175235e-08,
32424.0640123,1.0,0.00312253586407,9.75378278555e-06,3.127655622e-08,
32565.6538115,1.0,0.00312253468135,9.75350708098e-06,3.12136572188e-08,
32707.2436106,1.0,0.00312253358925,9.75325092221e-06,3.1155257472e-08,
32848.8334098,1.0,0.00312253257722,9.75301606452e-06,3.11018052329e-08,
32990.423209,1.0,0.00312253164141,9.75279990883e-06,3.10523244671e-08,
33132.0130082,1.0,0.00312253077914,9.75259873898e-06,3.10056673115e-08,
33273.6028074,1.0,0.00312252998224,9.75240859595e-06,3.09660190547e-08,
33415.1926065,1.0,0.00312252924196,9.75223831003e-06,3.09272810957e-08,
33556.7824057,1.0,0.0031225285634,9.75207732831e-06,3.08894950588e-08,
33698.3722049,1.0,0.00312252793203,9.75193004165e-06,3.08573400993e-08,
33839.9620041,1.0,0.00312252734793,9.75179680458e-06,3.08255281107e-08,
33981.5518033,1.0,0.00312252681047,9.75166878881e-06,3.07959640955e-08,
34123.1416024,1.0,0.00312252631225,9.75155414548e-06,3.07710791755e-08,
34264.7314016,1.0,0.00312252585144,9.75144608228e-06,3.07469896484e-08,
34406.3212008,1.0,0.00312252542705,9.75134547215e-06,3.07243595997e-08,
34547.911,1.0,0.00312252503302,9.75125449089e-06,3.07015859619e-08,
34689.5007992,1.0,0.00312252466941,9.7511699403e-06,3.0683627856e-08,
34831.0905983,1.0,0.00312252433241,9.75109276551e-06,3.06653749967e-08,
34972.6803975,1.0,0.00312252402409,9.75101766336e-06,3.06497743078e-08,
35114.2701967,1.0,0.00312252373501,9.75095188615e-06,3.06348320732e-08,
35255.8599959,1.0,0.00312252347035,9.75089176687e-06,3.06194709512e-08,
35397.4497951,1.0,0.00312252322464,9.7508332817e-06,3.06032070499e-08,
35539.0395942,1.0,0.00312252299956,9.7507784911e-06,3.05944585223e-08,
35680.6293934,1.0,0.00312252278775,9.75073049472e-06,3.05825221573e-08,
35822.2191926,1.0,0.00312252259972,9.75068369584e-06,3.05731194087e-08,
35963.8089918,1.0,0.00312252241743,9.75064294376e-06,3.0563229696e-08,
36105.398791,1.0,0.00312252225509,9.75060315264e-06,3.05541287659e-08,
36246.9885902,1.0,0.00312252209686,9.75056942903e-06,3.05474394539e-08,
36388.5783893,1.0,0.00312252195895,9.75053476908e-06,3.05403216062e-08,
36530.1681885,1.0,0.00312252182886,9.75050327568e-06,3.05308888696e-08,
36671.7579877,1.0,0.00312252170805,9.75047690556e-06,3.0524850079e-08,
36813.3477869,1.0,0.00312252159391,9.75045239083e-06,3.05172468256e-08,
36954.9375861,1.0,0.0031225214884,9.75043023153e-06,3.05127261399e-08,
37096.5273852,1.0,0.00312252139649,9.75040043773e-06,3.0511457369e-08,
37238.1171844,1.0,0.00312252130545,9.75038416681e-06,3.05048664394e-08,
37379.7069836,1.0,0.0031225212253,9.75036523292e-06,3.04988511368e-08,
37521.2967828,1.0,0.0031225211508,9.7503471705e-06,3.0496760799e-08,
37662.886582,1.0,0.00312252107917,9.75033105869e-06,3.04917925034e-08,
37804.4763811,1.0,0.00312252101876,9.75031577762e-06,3.04846450301e-08,
37946.0661803,1.0,0.00312252095811,9.75030373113e-06,3.04817580774e-08,
38087.6559795,1.0,0.00312252090497,9.75028712946e-06,3.04821489861e-08,
38229.2457787,1.0,0.00312252084953,9.75027806166e-06,3.04750671299e-08,
38370.8355779,1.0,0.0031225208038,9.75026837452e-06,3.04775916773e-08,
38512.425377,1.0,0.00312252076329,9.75025408491e-06,3.04747527095e-08,
38654.0151762,1.0,0.00312252072282,9.75024627627e-06,3.04703606316e-08,
38795.6049754,1.0,0.00312252068191,9.75024182322e-06,3.04678696553e-08,
38937.1947746,1.0,0.00312252065001,9.75023237715e-06,3.04660861425e-08,
39078.7845738,1.0,0.00312252061888,9.75022354823e-06,3.04646536466e-08,
39220.3743729,1.0,0.00312252058926,9.75021772146e-06,3.04635725425e-08,
39361.9641721,1.0,0.0031225205617,9.7502090495e-06,3.04630265716e-08,
39503.5539713,1.0,0.0031225205322,9.75020612434e-06,3.04608538435e-08,
39645.1437705,1.0,0.00312252051124,9.75020054377e-06,3.04579839651e-08,
39786.7335697,1.0,0.0031225204911,9.75019444196e-06,3.04593994612e-08,
39928.3233688,1.0,0.00312252046771,9.75019353129e-06,3.04552938113e-08,
40069.913168,1.0,0.00312252045334,9.75018377309e-06,3.04584510411e-08,
40211.5029672,1.0,0.00312252043735,9.75018150954e-06,3.04549601341e-08,
40353.0927664,1.0,0.00312252042122,9.75017401058e-06,3.04578920002e-08,
40494.6825656,1.0,0.00312252040754,9.75017427433e-06,3.04578160691e-08,
40636.2723647,1.0,0.00312252039372,9.75017111193e-06,3.04532668545e-08,
40777.8621639,1.0,0.00312252038039,9.75016699323e-06,3.04553064195e-08,
40919.4519631,1.0,0.00312252036838,9.75016446801e-06,3.04492624552e-08,
41061.0417623,1.0,0.0031225203623,9.75016236061e-06,3.04509851268e-08,
41202.6315615,1.0,0.00312252035059,9.75016271669e-06,3.044912297e-08,
41344.2213606,1.0,0.0031225203414,9.75015795827e-06,3.04517445639e-08,
41485.8111598,1.0,0.00312252033168,9.75015745979e-06,3.04485528903e-08,
41627.400959,1.0,0.00312252032224,9.75015693028e-06,3.0449302648e-08,
41768.9907582,1.0,0.00312252031553,9.75015210347e-06,3.04478171357e-08,
41910.5805574,1.0,0.0031225203074,9.75015067571e-06,3.04523739007e-08,
42052.1703565,1.0,0.00312252030273,9.75015110651e-06,3.04458035264e-08,
42193.7601557,1.0,0.00312252030297,9.75014472636e-06,3.04499900735e-08,
42335.3499549,1.0,0.0031225202928,9.75014598599e-06,3.04478821531e-08,
42476.9397541,1.0,0.00312252028637,9.75014837042e-06,3.04489247293e-08,
42618.5295533,1.0,0.00312252028563,9.75014750498e-06,3.04452010226e-08,
42760.1193524,1.0,0.00312252028048,9.75014421052e-06,3.04457571384e-08,
42901.7091516,1.0,0.00312252027787,9.75014045087e-06,3.04473685144e-08,
43043.2989508,1.0,0.00312252027182,9.75014460593e-06,3.04447384983e-08,
43184.88875,1.0,0.00312252026601,9.75014502482e-06,3.04459898735e-08,
43326.4785492,1.0,0.00312252027066,9.75013995961e-06,3.04447366158e-08,
43468.0683483,1.0,0.00312252026476,9.75014183406e-06,3.0445725931e-08,
43609.6581475,1.0,0.00312252026086,9.75013557692e-06,3.04467930332e-08,
43751.2479467,1.0,0.00312252025782,9.75014164506e-06,3.04412180357e-08,
43892.8377459,1.0,0.00312252026163,9.75013778939e-06,3.04445501843e-08,
44034.4275451,1.0,0.00312252025354,9.75013935488e-06,3.04433624896e-08,
44176.0173442,1.0,0.00312252025174,9.7501365449e-06,3.04491233981e-08,
44317.6071434,1.0,0.00312252025385,9.75013736382e-06,3.04444251512e-08,
44459.1969426,1.0,0.00312252025104,9.75013686313e-06,3.04488735521e-08,
44600.7867418,1.0,0.00312252024689,9.75013609415e-06,3.04449511394e-08,
44742.376541,1.0,0.00312252025162,9.75013371806e-06,3.04442498082e-08,
44883.9663401,1.0,0.00312252024131,9.75013452988e-06,3.0448774595e-08,
45025.5561393,1.0,0.00312252024462,9.7501352069e-06,3.04458227196e-08,
45167.1459385,1.0,0.00312252024249,9.75013360821e-06,3.04510473052e-08,
45308.7357377,1.0,0.00312252024542,9.75013419067e-06,3.04443256233e-08,
45450.3255369,1.0,0.00312252024132,9.75013441679e-06,3.04500854718e-08,
45591.915336,1.0,0.00312252023985,9.75013299e-06,3.04456167287e-08,
45733.5051352,1.0,0.00312252023839,9.75013871483e-06,3.04475248319e-08,
45875.0949344,1.0,0.00312252024077,9.75013193815e-06,3.04464605245e-08,
46016.6847336,1.0,0.00312252024153,9.75013532416e-06,3.04465078695e-08,
46158.2745328,1.0,0.00312252023873,9.7501347302e-06,3.04438691828e-08,
46299.864332,1.0,0.00312252023465,9.75013468819e-06,3.0445027225e-08,
46441.4541311,1.0,0.00312252023753,9.75013624727e-06,3.0443066313e-08,
46583.0439303,1.0,0.00312252023449,9.75013494678e-06,3.04462564472e-08,
46724.6337295,1.0,0.00312252023579,9.75013035512e-06,3.04453594763e-08,
46866.2235287,1.0,0.00312252023146,9.7501345686e-06,3.04433597362e-08,
47007.8133279,1.0,0.00312252023177,9.75013400601e-06,3.04495554739e-08,
47149.403127,1.0,0.00312252022976,9.75013251924e-06,3.04487030251e-08,
47290.9929262,1.0,0.00312252023785,9.75012819328e-06,3.04440995364e-08,
47432.5827254,1.0,0.00312252023746,9.75013297812e-06,3.04436273968e-08,
47574.1725246,1.0,0.00312252023387,9.75013411111e-06,3.04433250667e-08,
47715.7623238,1.0,0.00312252023167,9.75013277089e-06,3.04488947639e-08,
47857.3521229,1.0,0.00312252023018,9.75014271694e-06,3.04388999399e-08,
47998.9419221,1.0,0.00312252023107,9.75013736414e-06,3.04419816398e-08,
48140.5317213,1.0,0.00312252023035,9.75013299543e-06,3.04458784667e-08,
48282.1215205,1.0,0.00312252022976,9.75013268577e-06,3.04456293228e-08,
48423.7113197,1.0,0.00312252023274,9.75013475969e-06,3.0442279431e-08,
48565.3011188,1.0,0.00312252023167,9.75013100707e-06,3.04480108966e-08,
48706.890918,1.0,0.00312252023355,9.75013299394e-06,3.04427074994e-08,
48848.4807172,1.0,0.00312252023222,9.7501312489e-06,3.04445501635e-08,
48990.0705164,1.0,0.00312252023585,9.75013258762e-06,3.0445190646e-08,
49131.6603156,1.0,0.00312252022538,9.75013558182e-06,3.04478820181e-08,
49273.2501147,1.0,0.00312252022993,9.75013700102e-06,3.04451002085e-08,
49414.8399139,1.0,0.00312252022997,9.75013107957e-06,3.04455087288e-08,
49556.4297131,1.0,0.00312252023237,9.7501306544e-06,3.04449609415e-08,
49698.0195123,1.0,0.00312252022845,9.75013523141e-06,3.04480405058e-08,
49839.6093115,1.0,0.00312252023139,9.75013216661e-06,3.04440679416e-08,
49981.1991106,1.0,0.00312252023291,9.75013212481e-06,3.0447281531e-08,
50122.7889098,1.0,0.00312252022959,9.75013163007e-06,3.04487534632e-08,
50264.378709,1.0,0.00312252022913,9.75013698464e-06,3.04466253076e-08,
50405.9685082,1.0,0.00312252023005,9.75013496836e-06,3.04413040657e-08,
50547.5583074,1.0,0.00312252023059,9.75013096218e-06,3.04476050448e-08,
50689.1481065,1.0,0.00312252022669,9.75013088673e-06,3.04468899949e-08,
50830.7379057,1.0,0.00312252023042,9.75013249874e-06,3.04438430161e-08,
50972.3277049,1.0,0.00312252022813,9.750135022e-06,3.04423046822e-08,
51113.9175041,1.0,0.0031225202297,9.75012857535e-06,3.04467787397e-08,
51255.5073033,1.0,0.00312252022655,9.75013394356e-06,3.04441333292e-08,
51397.0971024,1.0,0.00312252023234,9.75013026868e-06,3.04433243751e-08,
51538.6869016,1.0,0.00312252022945,9.75013436079e-06,3.04499803396e-08,
51680.2767008,1.0,0.00312252022976,9.75013668055e-06,3.04447770856e-08,
51821.8665,1.0,0.00312252023361,9.75013021625e-06,3.04422307809e-08,
51963.4562992,1.0,0.00312252022742,9.75013516329e-06,3.04401752769e-08,
52105.0460983,1.0,0.00312252022665,9.75013728435e-06,3.04465984852e-08,
52246.6358975,1.0,0.00312252023337,9.75012563006e-06,3.04478749066e-08,
52388.2256967,1.0,0.00312252023085,9.75013708202e-06,3.04394580171e-08,
52529.8154959,1.0,0.0031225202237,9.75013676027e-06,3.04420908556e-08,
52671.4052951,1.0,0.00312252022793,9.75013056762e-06,3.04428933988e-08,
52812.9950942,1.0,0.00312252022783,9.75013269244e-06,3.0438848462e-08,
52954.5848934,1.0,0.00312252023403,9.7501331511e-06,3.04454616633e-08,
53096.1746926,1.0,0.0031225202354,9.75013100426e-06,3.04428561457e-08,
53237.7644918,1.0,0.00312252023168,9.75013212813e-06,3.04431028196e-08,
53379.354291,1.0,0.00312252023081,9.75013735816e-06,3.04403582204e-08,
53520.9440901,1.0,0.0031225202299,9.75013307751e-06,3.04467193486e-08,
53662.5338893,1.0,0.00312252022883,9.75013029273e-06,3.04451207519e-08,
53804.1236885,1.0,0.00312252022593,9.7501370518e-06,3.04422857257e-08,
53945.7134877,1.0,0.00312252022283,9.75013103467e-06,3.04519790842e-08,
54087.3032869,1.0,0.00312252022748,9.75012947673e-06,3.04464423524e-08,
54228.893086,1.0,0.00312252023129,9.75012878976e-06,3.04497376923e-08,
54370.4828852,1.0,0.00312252023349,9.75013513459e-06,3.04400599135e-08,
54512.0726844,1.0,0.00312252022406,9.75013420318e-06,3.04425459724e-08,
54653.6624836,1.0,0.00312252024043,9.75012722813e-06,3.04427373636e-08,
54795.2522828,1.0,0.00312252023117,9.75013156533e-06,3.0442714681e-08,
54936.8420819,1.0,0.00312252022807,9.75013514021e-06,3.04468256786e-08,
55078.4318811,1.0,0.00312252023135,9.75013163367e-06,3.04425260293e-08,
55220.0216803,1.0,0.00312252022625,9.75013286253e-06,3.04446032841e-08,
55361.6114795,1.0,0.00312252023022,9.75012692013e-06,3.04459617645e-08,
55503.2012787,1.0,0.0031225202314,9.75013298016e-06,3.04429313902e-08,
55644.7910778,1.0,0.00312252023395,9.75013213865e-06,3.04434824314e-08,
55786.380877,1.0,0.00312252022632,9.75013314648e-06,3.04464651296e-08,
55927.9706762,1.0,0.00312252023293,9.75012841483e-06,3.04451847808e-08,
56069.5604754,1.0,0.00312252023383,9.7501328674e-06,3.04422874452e-08,
56211.1502746,1.0,0.00312252023457,9.75012929139e-06,3.04415148038e-08,
56352.7400738,1.0,0.00312252022887,9.75013122571e-06,3.04474320199e-08,
56494.3298729,1.0,0.00312252022657,9.75013797146e-06,3.04392931073e-08,
56635.9196721,1.0,0.00312252022889,9.75013858682e-06,3.04397880218e-08,
56777.5094713,1.0,0.00312252022805,9.75012959042e-06,3.04459306338e-08,
56919.0992705,1.0,0.00312252023203,9.75013489767e-06,3.04434706919e-08,
57060.6890697,1.0,0.003122520232,9.75013242532e-06,3.04471917672e-08,
57202.2788688,1.0,0.00312252023759,9.75013524618e-06,3.04426500459e-08,
57343.868668,1.0,0.00312252022554,9.75012625611e-06,3.04476430266e-08,
57485.4584672,1.0,0.00312252022611,9.7501301412e-06,3.04542895415e-08,
57627.0482664,1.0,0.00312252023768,9.75012663662e-06,3.04438063758e-08,
57768.6380656,1.0,0.00312252023498,9.75013025465e-06,3.04503852229e-08,
57910.2278647,1.0,0.00312252022624,9.75013850652e-06,3.04460746826e-08,
58051.8176639,1.0,0.00312252022998,9.75013117157e-06,3.04496518337e-08,
58193.4074631,1.0,0.00312252023709,9.75012332753e-06,3.04534617574e-08,
58334.9972623,1.0,0.00312252022656,9.75013293926e-06,3.04457404012e-08,
58476.5870615,1.0,0.00312252023086,9.75012933097e-06,3.04486958855e-08,
58618.1768606,1.0,0.00312252023566,9.75013174059e-06,3.04460253904e-08,
58759.7666598,1.0,0.00312252022194,9.75013870668e-06,3.04374965408e-08,
58901.356459,1.0,0.003122520231,9.75013176774e-06,3.04430177696e-08,
59042.9462582,1.0,0.003122520223,9.75013726126e-06,3.04465697699e-08,
59184.5360574,1.0,0.00312252023096,9.75013166521e-06,3.04463703978e-08,
59326.1258565,1.0,0.00312252023656,9.75013778704e-06,3.04373792395e-08,
59467.7156557,1.0,0.00312252023245,9.75012863196e-06,3.04465682853e-08,
59609.3054549,1.0,0.00312252023483,9.75013308598e-06,3.04479202823e-08,
59750.8952541,1.0,0.00312252023968,9.7501293707e-06,3.04445688751e-08,
59892.4850533,1.0,0.00312252022747,9.75013214057e-06,3.04514332077e-08,
60034.0748524,1.0,0.00312252023065,9.7501339165e-06,3.04460990854e-08,
60175.6646516,1.0,0.00312252021986,9.75014137286e-06,3.04406355252e-08,
60317.2544508,1.0,0.00312252022608,9.75013919496e-06,3.04443016688e-08,
60458.84425,1.0,0.0031225202356,9.7501194065e-06,3.04521721664e-08,
60600.4340492,1.0,0.00312252023083,9.75013678971e-06,3.04421388041e-08,
60742.0238483,1.0,0.00312252023018,9.7501444898e-06,3.04384253163e-08,
60883.6136475,1.0,0.00312252022916,9.75013160784e-06,3.04526347168e-08,
61025.2034467,1.0,0.00312252022767,9.75013663924e-06,3.04428584829e-08,
61166.7932459,1.0,0.00312252022826,9.75013152912e-06,3.04473899561e-08,
61308.3830451,1.0,0.0031225202281,9.75013307856e-06,3.04543711341e-08,
61449.9728442,1.0,0.00312252023128,9.75013165273e-06,3.04490434709e-08,
61591.5626434,1.0,0.00312252023236,9.75013400099e-06,3.04380531004e-08,
61733.1524426,1.0,0.00312252023454,9.75012954026e-06,3.04416504395e-08,
61874.7422418,1.0,0.00312252022509,9.75014545603e-06,3.04306726436e-08,
62016.332041,1.0,0.00312252023019,9.75013152755e-06,3.04477604287e-08,
62157.9218401,1.0,0.00312252023716,9.75012127409e-06,3.04474605064e-08,
62299.5116393,1.0,0.00312252023322,9.75013513477e-06,3.0435753469e-08,
62441.1014385,1.0,0.00312252022957,9.75014326242e-06,3.04422897554e-08,
62582.6912377,1.0,0.00312252022772,9.75012706341e-06,3.04535075377e-08,
62724.2810369,1.0,0.00312252023187,9.75013284293e-06,3.04527798214e-08,
62865.870836,1.0,0.00312252023149,9.75012759397e-06,3.04535234818e-08,
63007.4606352,1.0,0.00312252023155,9.75013067032e-06,3.04472068806e-08,
63149.0504344,1.0,0.00312252022254,9.75013454001e-06,3.04442175425e-08,
63290.6402336,1.0,0.00312252023191,9.7501282027e-06,3.045397725e-08,
63432.2300328,1.0,0.00312252023687,9.75012565233e-06,3.04452718077e-08,
63573.8198319,1.0,0.00312252021994,9.75014100575e-06,3.04405036168e-08,
63715.4096311,1.0,0.00312252024676,9.75012677119e-06,3.04457303395e-08,
63856.9994303,1.0,0.00312252022913,9.75013248194e-06,3.04401328161e-08,
63998.5892295,1.0,0.00312252021689,9.75013720426e-06,3.04411974972e-08,
64140.1790287,1.0,0.00312252023109,9.75013069809e-06,3.04365746146e-08,
64281.7688278,1.0,0.00312252022666,9.75013848464e-06,3.04473521106e-08,
64423.358627,1.0,0.00312252023611,9.75013576738e-06,3.04375007028e-08,
64564.9484262,1.0,0.00312252022797,9.75013591869e-06,3.04449082811e-08,
64706.5382254,1.0,0.00312252022359,9.75014484655e-06,3.04416787116e-08,
64848.1280246,1.0,0.00312252023566,9.75013127554e-06,3.04448473392e-08,
64989.7178237,1.0,0.00312252023666,9.75013114373e-06,3.04438267241e-08,
65131.3076229,1.0,0.00312252023537,9.75012612919e-06,3.04475722068e-08,
65272.8974221,1.0,0.00312252023735,9.75012396413e-06,3.04501083318e-08,
65414.4872213,1.0,0.00312252023599,9.75011799602e-06,3.04484340775e-08,
65556.0770205,1.0,0.00312252023255,9.75013537861e-06,3.04404485223e-08,
65697.6668196,1.0,0.00312252022633,9.75013337389e-06,3.04551154577e-08,
65839.2566188,1.0,0.00312252024261,9.75013182597e-06,3.04434618804e-08,
65980.846418,1.0,0.00312252022593,9.75013368775e-06,3.04441620471e-08,
66122.4362172,1.0,0.00312252022031,9.75013965039e-06,3.04459284571e-08,
66264.0260164,1.0,0.00312252022287,9.75013228846e-06,3.04505489113e-08,
66405.6158156,1.0,0.00312252021893,9.75014524207e-06,3.04373406888e-08,
66547.2056147,1.0,0.00312252022594,9.75013520932e-06,3.0443481893e-08,
66688.7954139,1.0,0.00312252023612,9.75013033873e-06,3.04473231444e-08,
66830.3852131,1.0,0.00312252023234,9.75012405883e-06,3.04463985923e-08,
66971.9750123,1.0,0.00312252023366,9.75013314134e-06,3.04358787173e-08,
67113.5648115,1.0,0.00312252022522,9.75012908574e-06,3.04452726988e-08,
67255.1546106,1.0,0.00312252023545,9.75012876761e-06,3.04368621932e-08,
67396.7444098,1.0,0.00312252022952,9.75012909392e-06,3.0453271256e-08,
67538.334209,1.0,0.00312252023372,9.75011978585e-06,3.04441084936e-08,
67679.9240082,1.0,0.00312252022173,9.75013408229e-06,3.04453370467e-08,
67821.5138074,1.0,0.00312252023198,9.75013204319e-06,3.04472799525e-08,
67963.1036065,1.0,0.00312252022812,9.75013529354e-06,3.04461837908e-08,
68104.6934057,1.0,0.00312252023118,9.75013498167e-06,3.04527024935e-08,
68246.2832049,1.0,0.00312252022709,9.75013957568e-06,3.04370435928e-08,
68387.8730041,1.0,0.00312252022899,9.75012979607e-06,3.04480198292e-08,
68529.4628033,1.0,0.00312252022504,9.75014050287e-06,3.0447565957e-08,
68671.0526024,1.0,0.00312252023401,9.750139518e-06,3.04308376014e-08,
68812.6424016,1.0,0.00312252023292,9.75011851513e-06,3.04553187973e-08,
68954.2322008,1.0,0.00312252022063,9.75013737977e-06,3.0446222488e-08,
69095.822,1.0,0.00312252023003,9.75013201864e-06,3.04435489485e-08,
69237.4117992,1.0,0.00312252023764,9.75012542899e-06,3.0451133829e-08,
69379.0015983,1.0,0.00312252023731,9.75012840789e-06,3.04379061012e-08,
69520.5913975,1.0,0.00312252023059,9.75013062891e-06,3.04463336738e-08,
69662.1811967,1.0,0.00312252021523,9.75012738204e-06,3.04495382243e-08,
69803.7709959,1.0,0.00312252021552,9.75013339205e-06,3.04569995825e-08,
69945.3607951,1.0,0.0031225202369,9.7501254525e-06,3.04412987105e-08,
70086.9505942,1.0,0.00312252022689,9.75014351465e-06,3.0436947536e-08,
70228.5403934,1.0,0.00312252021425,9.75013583995e-06,3.04450247143e-08,
70370.1301926,1.0,0.0031225202213,9.75013816484e-06,3.04441583448e-08,
70511.7199918,1.0,0.00312252024648,9.7501269824e-06,3.04432198491e-08,
70653.309791,1.0,0.00312252023634,9.75011822418e-06,3.04508975759e-08,
