Coordinates:
0.0,0.714285714286,1.42857142857,2.14285714286,2.85714285714,3.57142857143,4.28571428571,5.0,5.71428571429,6.42857142857,7.14285714286,7.85714285714,8.57142857143,9.28571428571,10.0,
Volumes:
0.357142857143,0.714285714286,0.714285714286,0.714285714286,0.714285714286,0.714285714286,0.714285714286,0.714285714286,0.714285714286,0.714285714286,0.714285714286,0.714285714286,0.714285714286,0.714285714286,0.357142857143,

 Time(s), Error (-) on vertices
1.0,0.0,76985.770494,19412.8327488,4904.758522,1240.83850337,314.208524897,79.6202822771,20.1866893521,5.12029865511,1.29921304091,0.329757667544,0.0837180819255,0.021258762288,0.0053993133485,0.00137154705423,0.000348454407523,8.85395320985e-05,2.24997502427e-05,5.71827275991e-06,
2.0,5594.41755694,1162.13873297,250.080765963,55.3245502724,12.5035839584,2.87297513262,0.668735419379,0.157274146857,0.0372986318273,0.00890684484421,0.00213926032147,0.00051633816674,0.000125152003271,3.04463217904e-05,7.43086601183e-06,
3.0,4269.51160309,426.76608395,42.6869408007,4.27252784887,0.427908500039,0.0428829441939,0.00430009061761,0.000431441365202,4.33121851962e-05,4.35035777506e-06,
4.0,3587.71850101,70.1871212255,2.24652573574,0.0900459861091,0.00412260166517,0.000206133634317,1.09725110223e-05,6.11870401178e-07,
5.0,3148.17599219,164.087190375,9.72878695047,0.610271062625,0.0397108788928,0.00265645991285,0.000181555765634,1.26101647952e-05,8.86048004284e-07,
6.0,2679.37396526,118.027271464,5.83526630022,0.304553534456,0.016496208235,0.000918729377406,5.22159156357e-05,3.00947233948e-06,
7.0,2336.12709596,79.6303602355,3.05735614253,0.124419027947,0.00527139534855,0.000229614359594,1.01790009855e-05,4.55945434541e-07,
8.0,2071.57231452,46.9086731146,1.23583116994,0.0350469431878,0.00103875065203,3.14944298474e-05,9.65105550494e-07,
9.0,1859.89006053,19.4960095391,0.273050901858,0.00431989755597,7.61254329047e-05,1.68584067472e-06,
10.0,1685.61087944,14.0094609248,0.212825127062,0.00452472146544,0.000116799314913,3.49121853032e-06,
11.0,1567.39041275,10.2372930174,0.13820483303,0.00272524359749,6.50709438163e-05,1.81213940742e-06,
12.0,1468.45088942,7.65827763614,0.0888111880972,0.00163775037775,3.62265015861e-05,9.42949801911e-07,
13.0,1384.71491566,6.42096175563,0.0586711197471,0.00098191690747,2.00640884865e-05,4.89704240759e-07,
14.0,1313.23845352,6.52986740759,0.0484860922409,0.000611357414961,1.10596670713e-05,2.53005167839e-07,
15.0,1251.81728693,7.53397547378,0.0586164319248,0.000525155202611,6.65000655793e-06,
16.0,1196.66773421,7.22534974882,0.0540021883181,0.000450967574133,5.05664756701e-06,
17.0,1148.6743178,6.94461158248,0.0500879106792,0.000394414351052,3.98206792435e-06,
18.0,1106.70388028,6.68254217744,0.0466554699689,0.000349340934959,3.22631014941e-06,
19.0,1069.8190397,6.43348158454,0.0435681059359,0.000312072351336,2.67033709193e-06,
20.0,1037.23527028,6.19395677277,0.0407386350234,0.000280346724479,2.24387163494e-06,
21.0,1008.29115236,5.96183905139,0.0381106339939,0.00025272652727,1.90631779768e-06,
22.0,982.426862433,5.73582526413,0.0356470378287,0.000228269492122,1.63193379465e-06,
23.0,959.167882097,5.51511780407,0.0333230942328,0.000206340065184,1.4037369483e-06,
24.0,938.112097318,5.2992271107,0.0311219472035,0.000186498368729,1.21115445927e-06,
25.0,918.919196286,5.08784983215,0.0290318371071,0.000168432117269,1.04682529831e-06,
26.0,901.301720182,4.88079380858,0.0270443110336,0.000151913168677,9.05114439171e-07,
27.0,885.017383449,4.6779320659,0.0251530759886,0.0001367702485,7.82416281927e-07,
28.0,869.862429124,4.47917478527,0.0233532572599,0.000122870980904,6.75386625479e-07,
29.0,855.66586611,4.28445240208,0.0216409196112,0.000110109021975,5.81924309135e-07,
