Coordinates:
0.0,0.714285714286,1.42857142857,2.14285714286,2.85714285714,3.57142857143,4.28571428571,5.0,5.71428571429,6.42857142857,7.14285714286,7.85714285714,8.57142857143,9.28571428571,10.0,
Volumes:
0.357142857143,0.714285714286,0.714285714286,0.714285714286,0.714285714286,0.714285714286,0.714285714286,0.714285714286,0.714285714286,0.714285714286,0.714285714286,0.714285714286,0.714285714286,0.714285714286,0.357142857143,

 Time(s), delta (-) on vertices
0.410726587386,1.0,
0.821453174772,1.0,
1.23217976216,1.0,
1.64290634954,1.0,
2.05363293693,1.0,
2.46435952432,1.0,
2.8750861117,1.0,
3.28581269909,1.0,
3.69653928647,1.0,
4.10726587386,1.0,
4.51799246124,1.0,
4.92871904863,1.0,
5.33944563602,1.0,
5.7501722234,1.0,
6.16089881079,1.0,
6.57162539817,1.0,
6.98235198556,1.0,
7.39307857295,1.0,
7.80380516033,1.0,
8.21453174772,1.0,
8.6252583351,1.0,
9.03598492249,1.0,
9.44671150988,1.0,
9.85743809726,1.0,
10.2681646846,1.0,
10.678891272,1.0,
11.0896178594,1.0,
11.5003444468,1.0,
11.9110710342,1.0,
12.3217976216,1.0,
12.732524209,1.0,
13.1432507963,1.0,
13.5539773837,1.0,
13.9647039711,1.0,
14.3754305585,1.0,
14.7861571459,1.0,
15.1968837333,1.0,
15.6076103207,1.0,
16.018336908,1.0,
16.4290634954,1.0,
16.8397900828,1.0,
17.2505166702,1.0,
17.6612432576,1.0,
18.071969845,1.0,
18.4826964324,1.0,
18.8934230198,1.0,
19.3041496071,1.0,
19.7148761945,1.0,
20.1256027819,1.0,
20.5363293693,1.0,
20.9470559567,1.0,
21.3577825441,1.0,
21.7685091315,1.0,
22.1792357188,1.0,
22.5899623062,1.0,
23.0006888936,1.0,
23.411415481,1.0,
23.8221420684,1.0,
24.2328686558,1.0,
24.6435952432,1.0,
25.0543218305,1.0,
25.4650484179,1.0,
25.8757750053,1.0,
26.2865015927,1.0,
26.6972281801,1.0,
27.1079547675,1.0,
27.5186813549,1.0,
27.9294079422,1.0,
28.3401345296,1.0,
28.750861117,1.0,
29.1615877044,1.0,
29.5723142918,1.0,
29.9830408792,1.0,
30.3937674666,1.0,
30.8044940539,1.0,
31.2152206413,1.0,
31.6259472287,1.0,
32.0366738161,1.0,
32.4474004035,1.0,
32.8581269909,1.0,
33.2688535783,1.0,
33.6795801656,1.0,
34.090306753,1.0,
34.5010333404,1.0,
34.9117599278,1.0,
35.3224865152,1.0,
35.7332131026,1.0,
36.14393969,1.0,
36.5546662773,1.0,
36.9653928647,1.0,
37.3761194521,1.0,
37.7868460395,1.0,
38.1975726269,1.0,
38.6082992143,1.0,
39.0190258017,1.0,
39.429752389,1.0,
39.8404789764,1.0,
40.2512055638,1.0,
40.6619321512,1.0,
41.0726587386,1.0,
41.483385326,1.0,
41.8941119134,1.0,
42.3048385007,1.0,
42.7155650881,1.0,
43.1262916755,1.0,
43.5370182629,1.0,
43.9477448503,1.0,
44.3584714377,1.0,
44.7691980251,1.0,
45.1799246124,1.0,
45.5906511998,1.0,
46.0013777872,1.0,
46.4121043746,1.0,
46.822830962,1.0,
47.2335575494,1.0,
47.6442841368,1.0,
48.0550107241,1.0,
48.4657373115,1.0,
48.8764638989,1.0,
49.2871904863,1.0,
49.6979170737,1.0,
50.1086436611,1.0,
50.5193702485,1.0,
50.9300968358,1.0,
51.3408234232,1.0,
51.7515500106,1.0,
52.162276598,1.0,
52.5730031854,1.0,
52.9837297728,1.0,
53.3944563602,1.0,
53.8051829475,1.0,
54.2159095349,1.0,
54.6266361223,1.0,
55.0373627097,1.0,
55.4480892971,1.0,
55.8588158845,1.0,
56.2695424719,1.0,
56.6802690593,1.0,
57.0909956466,1.0,
57.501722234,1.0,
57.9124488214,1.0,
58.3231754088,1.0,
58.7339019962,1.0,
59.1446285836,1.0,
59.555355171,1.0,
59.9660817583,1.0,
60.3768083457,1.0,
60.7875349331,1.0,
61.1982615205,1.0,
61.6089881079,1.0,
62.0197146953,1.0,
62.4304412827,1.0,
62.84116787,1.0,
63.2518944574,1.0,
63.6626210448,1.0,
64.0733476322,1.0,
64.4840742196,1.0,
64.894800807,1.0,
65.3055273944,1.0,
65.7162539817,1.0,
66.1269805691,1.0,
66.5377071565,1.0,
66.9484337439,1.0,
67.3591603313,1.0,
67.7698869187,1.0,
68.1806135061,1.0,
68.5913400934,1.0,
69.0020666808,1.0,
69.4127932682,1.0,
69.8235198556,1.0,
70.234246443,1.0,
70.6449730304,1.0,
71.0556996178,1.0,
71.4664262051,1.0,
71.8771527925,1.0,
72.2878793799,1.0,
72.6986059673,1.0,
73.1093325547,1.0,
73.5200591421,1.0,
73.9307857295,1.0,
74.3415123168,1.0,
74.7522389042,1.0,
75.1629654916,1.0,
75.573692079,1.0,
75.9844186664,1.0,
76.3951452538,1.0,
76.8058718412,1.0,
77.2165984285,1.0,
77.6273250159,1.0,
78.0380516033,1.0,
78.4487781907,1.0,
78.8595047781,1.0,
79.2702313655,1.0,
79.6809579529,1.0,
80.0916845402,1.0,
80.5024111276,1.0,
80.913137715,1.0,
81.3238643024,1.0,
81.7345908898,1.0,
82.1453174772,1.0,
82.5560440646,1.0,
82.9667706519,1.0,
83.3774972393,1.0,
83.7882238267,1.0,
84.1989504141,1.0,
84.6096770015,1.0,
85.0204035889,1.0,
85.4311301763,1.0,
85.8418567636,1.0,
86.252583351,1.0,
86.6633099384,1.0,
87.0740365258,1.0,
87.4847631132,1.0,
87.8954897006,1.0,
88.306216288,1.0,
88.7169428753,1.0,
89.1276694627,1.0,
89.5383960501,1.0,
89.9491226375,1.0,
90.3598492249,1.0,
90.7705758123,1.0,
91.1813023997,1.0,
91.5920289871,1.0,
92.0027555744,1.0,
92.4134821618,1.0,
92.8242087492,1.0,
93.2349353366,1.0,
93.645661924,1.0,
94.0563885114,1.0,
94.4671150988,1.0,
94.8778416861,1.0,
95.2885682735,1.0,
95.6992948609,1.0,
96.1100214483,1.0,
96.5207480357,1.0,
96.9314746231,1.0,
97.3422012105,1.0,
97.7529277978,1.0,
98.1636543852,1.0,
98.5743809726,1.0,
98.98510756,1.0,
99.3958341474,1.0,
99.8065607348,1.0,
100.217287322,1.0,
100.62801391,1.0,
101.038740497,1.0,
101.449467084,1.0,
101.860193672,1.0,
102.270920259,1.0,
102.681646846,1.0,
103.092373434,1.0,
103.503100021,1.0,
103.913826609,1.0,
104.324553196,1.0,
104.735279783,1.0,
105.146006371,1.0,
105.556732958,1.0,
105.967459546,1.0,
106.378186133,1.0,
106.78891272,1.0,
107.199639308,1.0,
107.610365895,1.0,
108.021092482,1.0,
108.43181907,1.0,
108.842545657,1.0,
109.253272245,1.0,
109.663998832,1.0,
110.074725419,1.0,
110.485452007,1.0,
110.896178594,1.0,
111.306905182,1.0,
111.717631769,1.0,
112.128358356,1.0,
112.539084944,1.0,
112.949811531,1.0,
113.360538119,1.0,
113.771264706,1.0,
114.181991293,1.0,
114.592717881,1.0,
115.003444468,1.0,
115.414171055,1.0,
115.824897643,1.0,
116.23562423,1.0,
116.646350818,1.0,
117.057077405,1.0,
117.467803992,1.0,
117.87853058,1.0,
118.289257167,1.0,
118.699983755,1.0,
119.110710342,1.0,
119.521436929,1.0,
119.932163517,1.0,
120.342890104,1.0,
120.753616691,1.0,
121.164343279,1.0,
121.575069866,1.0,
121.985796454,1.0,
122.396523041,1.0,
122.807249628,1.0,
123.217976216,1.0,
123.628702803,1.0,
124.039429391,1.0,
124.450155978,1.0,
124.860882565,1.0,
125.271609153,1.0,
125.68233574,1.0,
126.093062327,1.0,
126.503788915,1.0,
126.914515502,1.0,
127.32524209,1.0,
127.735968677,1.0,
128.146695264,1.0,
128.557421852,1.0,
128.968148439,1.0,
129.378875027,1.0,
129.789601614,1.0,
130.200328201,1.0,
130.611054789,1.0,
131.021781376,1.0,
131.432507963,1.0,
131.843234551,1.0,
132.253961138,1.0,
132.664687726,1.0,
133.075414313,1.0,
133.4861409,1.0,
133.896867488,1.0,
134.307594075,1.0,
134.718320663,1.0,
135.12904725,1.0,
135.539773837,1.0,
135.950500425,1.0,
136.361227012,1.0,
136.771953599,1.0,
137.182680187,1.0,
137.593406774,1.0,
138.004133362,1.0,
138.414859949,1.0,
138.825586536,1.0,
139.236313124,1.0,
139.647039711,1.0,
140.057766299,1.0,
140.468492886,1.0,
140.879219473,1.0,
141.289946061,1.0,
141.700672648,1.0,
142.111399236,1.0,
142.522125823,1.0,
142.93285241,1.0,
143.343578998,1.0,
143.754305585,1.0,
144.165032172,1.0,
144.57575876,1.0,
144.986485347,1.0,
145.397211935,1.0,
145.807938522,1.0,
146.218665109,1.0,
146.629391697,1.0,
147.040118284,1.0,
147.450844872,1.0,
147.861571459,1.0,
148.272298046,1.0,
148.683024634,1.0,
149.093751221,1.0,
149.504477808,1.0,
149.915204396,1.0,
150.325930983,1.0,
150.736657571,1.0,
151.147384158,1.0,
151.558110745,1.0,
151.968837333,1.0,
152.37956392,1.0,
152.790290508,1.0,
153.201017095,1.0,
153.611743682,1.0,
154.02247027,1.0,
154.433196857,1.0,
154.843923444,1.0,
155.254650032,1.0,
155.665376619,1.0,
156.076103207,1.0,
156.486829794,1.0,
156.897556381,1.0,
157.308282969,1.0,
157.719009556,1.0,
158.129736144,1.0,
158.540462731,1.0,
158.951189318,1.0,
159.361915906,1.0,
159.772642493,1.0,
160.18336908,1.0,
160.594095668,1.0,
161.004822255,1.0,
161.415548843,1.0,
161.82627543,1.0,
162.237002017,1.0,
162.647728605,1.0,
163.058455192,1.0,
163.46918178,1.0,
163.879908367,1.0,
164.290634954,1.0,
164.701361542,1.0,
165.112088129,1.0,
165.522814717,1.0,
165.933541304,1.0,
166.344267891,1.0,
166.754994479,1.0,
167.165721066,1.0,
167.576447653,1.0,
167.987174241,1.0,
168.397900828,1.0,
168.808627416,1.0,
169.219354003,1.0,
169.63008059,1.0,
170.040807178,1.0,
170.451533765,1.0,
170.862260353,1.0,
171.27298694,1.0,
171.683713527,1.0,
172.094440115,1.0,
172.505166702,1.0,
172.915893289,1.0,
173.326619877,1.0,
173.737346464,1.0,
174.148073052,1.0,
174.558799639,1.0,
174.969526226,1.0,
175.380252814,1.0,
175.790979401,1.0,
176.201705989,1.0,
176.612432576,1.0,
177.023159163,1.0,
177.433885751,1.0,
177.844612338,1.0,
178.255338925,1.0,
178.666065513,1.0,
179.0767921,1.0,
179.487518688,1.0,
179.898245275,1.0,
180.308971862,1.0,
180.71969845,1.0,
181.130425037,1.0,
181.541151625,1.0,
181.951878212,1.0,
182.362604799,1.0,
182.773331387,1.0,
183.184057974,1.0,
183.594784561,1.0,
184.005511149,1.0,
184.416237736,1.0,
184.826964324,1.0,
185.237690911,1.0,
185.648417498,1.0,
186.059144086,1.0,
186.469870673,1.0,
186.880597261,1.0,
187.291323848,1.0,
187.702050435,1.0,
188.112777023,1.0,
188.52350361,1.0,
188.934230198,1.0,
189.344956785,1.0,
189.755683372,1.0,
190.16640996,1.0,
190.577136547,1.0,
190.987863134,1.0,
191.398589722,1.0,
191.809316309,1.0,
192.220042897,1.0,
192.630769484,1.0,
193.041496071,1.0,
193.452222659,1.0,
193.862949246,1.0,
194.273675834,1.0,
194.684402421,1.0,
195.095129008,1.0,
195.505855596,1.0,
195.916582183,1.0,
196.32730877,1.0,
196.738035358,1.0,
197.148761945,1.0,
197.559488533,1.0,
197.97021512,1.0,
198.380941707,1.0,
198.791668295,1.0,
199.202394882,1.0,
199.61312147,1.0,
200.023848057,1.0,
200.434574644,1.0,
200.845301232,1.0,
201.256027819,1.0,
201.666754406,1.0,
202.077480994,1.0,
202.488207581,1.0,
202.898934169,1.0,
203.309660756,1.0,
203.720387343,1.0,
204.131113931,1.0,
204.541840518,1.0,
204.952567106,1.0,
