Coordinates:
0.0,0.714285714286,1.42857142857,2.14285714286,2.85714285714,3.57142857143,4.28571428571,5.0,5.71428571429,6.42857142857,7.14285714286,7.85714285714,8.57142857143,9.28571428571,10.0,
Volumes:
0.357142857143,0.714285714286,0.714285714286,0.714285714286,0.714285714286,0.714285714286,0.714285714286,0.714285714286,0.714285714286,0.714285714286,0.714285714286,0.714285714286,0.714285714286,0.714285714286,0.357142857143,

 Time(s), Displacement (m) on vertices
0.0,0.0,0.0,0.0,0.0,0.0,0.0,0.0,0.0,0.0,0.0,0.0,0.0,0.0,0.0,0.0,
1.0,6.05407228815e-19,-9.64748527163e-06,-1.93143807123e-05,-2.89311013886e-05,-3.86581123107e-05,-4.81502006815e-05,-5.81392672762e-05,-6.7078581094e-05,-7.82344993542e-05,-8.4710307582e-05,-0.00010106746981,-9.65617079852e-05,-0.000136104689216,-8.26457794634e-05,-0.000225545511311,
2.0,-2.28059426624e-19,-9.66405220654e-06,-1.92739780328e-05,-2.90127124502e-05,-3.85013168851e-05,-4.84445830919e-05,-5.75971152908e-05,-6.80546371646e-05,-7.65302063004e-05,-8.75557225026e-05,-9.66496410808e-05,-0.000102532555371,-0.000130585349,-7.93355835176e-05,-0.000264127300811,
3.0,3.28480035496e-19,-9.64658575382e-06,-1.93123733364e-05,-2.89470034702e-05,-3.86015611464e-05,-4.83079054303e-05,-5.77514950042e-05,-6.79551109542e-05,-7.6385750215e-05,-8.83468988004e-05,-9.45078631387e-05,-0.000106877082043,-0.000124263457322,-8.14359674389e-05,-0.000294477881981,
4.0,3.3776461075e-19,-9.64444529241e-06,-1.93203027711e-05,-2.89247580885e-05,-3.86536223924e-05,-4.82020368954e-05,-5.7940309116e-05,-6.76677518638e-05,-7.6718483011e-05,-8.82147623524e-05,-9.37928328661e-05,-0.000109632346567,-0.000118482347241,-8.61099886351e-05,-0.000320109435561,
5.0,3.74275531287e-19,-9.64971973288e-06,-1.93105887438e-05,-2.8935683115e-05,-3.8650621837e-05,-4.81763479793e-05,-5.80334091868e-05,-6.74514280812e-05,-7.71001200591e-05,-8.77497705913e-05,-9.38745908226e-05,-0.000111166630768,-0.000113562210313,-9.21495495997e-05,-0.000342660838706,
6.0,1.0976632916e-19,-9.65423588622e-06,-1.93003060446e-05,-2.89532827672e-05,-3.86266225368e-05,-4.81971720274e-05,-5.80449297031e-05,-6.73460310564e-05,-7.73898361574e-05,-8.72311795599e-05,-9.4360716915e-05,-0.000111822274973,-0.000109522173984,-9.89660072017e-05,-0.000363016795453,
7.0,2.24436421095e-19,-9.65569126748e-06,-1.92955248343e-05,-2.89650486316e-05,-3.86035306226e-05,-4.8232269852e-05,-5.80118904369e-05,-6.73281157975e-05,-7.75618757758e-05,-8.67791096921e-05,-9.50188306353e-05,-0.000111862581265,-0.000106293602117,-0.00010624111007,-0.000381710542808,
8.0,-5.26852136401e-19,-9.65482142881e-06,-1.92957942925e-05,-2.89689272882e-05,-3.85893609031e-05,-4.82638036385e-05,-5.79633762518e-05,-6.73641578623e-05,-7.76317310864e-05,-8.6435630442e-05,-9.57148657045e-05,-0.00011148061691,-0.000103787811865,-0.000113788935827,-0.000399090716022,
9.0,2.17970283833e-19,-9.65301244252e-06,-1.92987421596e-05,-2.89671297116e-05,-3.85844827933e-05,-4.82849513512e-05,-5.79167242921e-05,-6.74263148798e-05,-7.76258849299e-05,-8.62059181308e-05,-9.63738341777e-05,-0.000110816434681,-0.000101918093969,-0.000121494501893,-0.000415399447923,
10.0,2.32474125546e-19,-9.65130039863e-06,-1.9302258816e-05,-2.89625789212e-05,-3.8586360548e-05,-4.82950208939e-05,-5.78802435795e-05,-6.74952983208e-05,-7.75701548985e-05,-8.60788757962e-05,-9.69561336651e-05,-0.000109971731461,-0.000100606365054,-0.000129283655178,-0.00043081279882,
11.0,1.97957177639e-19,-9.650186864e-06,-1.93050946229e-05,-2.89575303719e-05,-3.85920151677e-05,-4.82960454355e-05,-5.78565355942e-05,-6.7559281516e-05,-7.74858518034e-05,-8.6037359344e-05,-9.74433508225e-05,-0.000109020671116,-9.97844551777e-05,-0.00013710707817,-0.000445463453959,
12.0,1.54404884652e-19,-9.64976611932e-06,-1.93067714334e-05,-2.89533081499e-05,-3.85990124756e-05,-4.82908592275e-05,-5.78450307285e-05,-6.76119612561e-05,-7.73891145598e-05,-8.60631342828e-05,-9.78297021557e-05,-0.000108017570567,-9.93935496164e-05,-0.000144931231697,-0.00045945431622,
13.0,-1.14618620101e-18,-9.64990782811e-06,-1.93073086068e-05,-2.89504714357e-05,-3.86057043415e-05,-4.82821563748e-05,-5.78436536986e-05,-6.76507763385e-05,-7.72914316686e-05,-8.6139155322e-05,-9.81168249254e-05,-0.000107002322502,-9.93830804597e-05,-0.000152732957146,-0.000472867082697,
14.0,2.05534759103e-19,-9.65040054594e-06,-1.9306970102e-05,-2.89490769035e-05,-3.86111541256e-05,-4.82721116527e-05,-5.78498229941e-05,-6.76755279873e-05,-7.72005050292e-05,-8.62504884738e-05,-9.83105778697e-05,-0.0001060042385,-9.97095462425e-05,-0.00016049612056,-0.000485767890728,
15.0,-5.61001077325e-19,-9.65103867808e-06,-1.93060904746e-05,-2.8948907685e-05,-3.8614963592e-05,-4.82622938881e-05,-5.78610031633e-05,-6.76873952643e-05,-7.71211174458e-05,-8.63845567061e-05,-9.84190660639e-05,-0.000105044798443,-0.000100335429847,-0.000168209452894,-0.000498211169657,
16.0,-5.92573434798e-19,-9.65166333097e-06,-1.93049766343e-05,-2.89496354571e-05,-3.8617096458e-05,-4.82537158709e-05,-5.78749764622e-05,-6.76882678258e-05,-7.70558833619e-05,-8.65310613237e-05,-9.8451421214e-05,-0.000104139638159,-0.00010122826225,-0.000175865118666,-0.000510242348554,
17.0,1.75084961755e-19,-9.65217322516e-06,-1.93038645199e-05,-2.89509203256e-05,-3.86177330405e-05,-4.82469365277e-05,-5.78899476634e-05,-6.76803127632e-05,-7.70058553748e-05,-8.66817614873e-05,-9.84170538444e-05,-0.000103300001655,-0.000102359833096,-0.000183457743443,-0.000521899809212,
18.0,-5.70881429744e-19,-9.65251937816e-06,-1.93029096115e-05,-2.89524641393e-05,-3.86171630065e-05,-4.82421727151e-05,-5.79045553956e-05,-6.76657060496e-05,-7.69709956992e-05,-8.6830205374e-05,-9.83252030598e-05,-0.000102533812987,-0.000103705532719,-0.000190983738967,-0.000533216326434,
19.0,-5.28099615801e-19,-9.6526929291e-06,-1.93021952505e-05,-2.89540328631e-05,-3.8615712229e-05,-4.82394009087e-05,-5.79178352995e-05,-6.76464758541e-05,-7.69505334624e-05,-8.69714593163e-05,-9.81846748561e-05,-0.000101846474711,-0.000105243805853,-0.000198440826014,-0.000544220150798,
20.0,-7.6661983315e-19,-9.65271174066e-06,-1.93017484291e-05,-2.89554605241e-05,-3.86136968374e-05,-4.82384417181e-05,-5.79291624757e-05,-6.7624420351e-05,-7.69432309531e-05,-8.71018572151e-05,-9.80037008007e-05,-0.000101241468458,-0.000106955698916,-0.0002058276924,-0.000554935837323,
21.0,-3.21239633705e-20,-9.65260848528e-06,-1.93015566874e-05,-2.89566429282e-05,-3.86113967147e-05,-4.82390253188e-05,-5.7938187843e-05,-6.76010726433e-05,-7.69475779349e-05,-8.7218777612e-05,-9.77898717211e-05,-0.000100720808998,-0.000108824482787,-0.000213143743229,-0.000565384887966,
22.0,3.75473549282e-19,-9.65242145943e-06,-1.93015833346e-05,-2.8957527107e-05,-3.86090429922e-05,-4.82408402084e-05,-5.79447776035e-05,-6.75776959066e-05,-7.69619320503e-05,-8.73204517809e-05,-9.7550119619e-05,-0.000100285391188,-0.000110835338959,-0.000220388917636,-0.000575586257945,
23.0,1.4630112701e-19,-9.6521881736e-06,-1.93017795719e-05,-2.89580995158e-05,-3.86068144876e-05,-4.82435675265e-05,-5.79489592101e-05,-6.75552960179e-05,-7.69846178759e-05,-8.74058006282e-05,-9.72907285253e-05,-9.99352559892e-05,-0.000112975096618,-0.000227563552252,-0.000585556758776,
24.0,-6.50017038064e-19,-9.65194141794e-06,-1.9302093347e-05,-2.89583749001e-05,-3.86048397387e-05,-4.82469039582e-05,-5.79508755161e-05,-6.75346438639e-05,-7.70139952575e-05,-8.74742978927e-05,-9.70173626033e-05,-9.96697957523e-05,-0.000115232011701,-0.000234668278711,-0.000595311382918,
25.0,-8.29439815611e-19,-9.65170725764e-06,-1.93024753166e-05,-2.89583866641e-05,-3.86032022258e-05,-4.82505759305e-05,-5.79507471592e-05,-6.7516302255e-05,-7.70485048968e-05,-8.75258563474e-05,-9.67351038845e-05,-9.94879133629e-05,-0.000117595580507,-0.000241703946229,-0.000604863567858,
26.0,1.9861284944e-19,-9.6515044251e-06,-1.93028824221e-05,-2.89581790274e-05,-3.86019470933e-05,-4.82543473153e-05,-5.79488425293e-05,-6.75006541089e-05,-7.70866971684e-05,-8.75607336646e-05,-9.64484945255e-05,-9.93881460122e-05,-0.000120056381665,-0.000248671562634,-0.000614225412832,
27.0,-1.74413909816e-19,-9.65134464545e-06,-1.93032796718e-05,-2.89578009687e-05,-3.86010883409e-05,-4.8258022527e-05,-5.79454544317e-05,-6.74879300225e-05,-7.71272488003e-05,-8.75794549975e-05,-9.61615805467e-05,-9.93687618048e-05,-0.000122605941721,-0.000255572249334,-0.000623407858231,
28.0,-9.75371815595e-20,-9.65123350811e-06,-1.93036406411e-05,-2.89573017753e-05,-3.86006157693e-05,-4.82614464395e-05,-5.794088241e-05,-6.74782340191e-05,-7.71689708241e-05,-8.7582749542e-05,-9.5877954969e-05,-9.94278353211e-05,-0.000125236620253,-0.000262407206717,-0.000632420835252,
29.0,1.02955647459e-19,-9.65117161041e-06,-1.93039471197e-05,-2.89567279341e-05,-3.86005013295e-05,-4.826450221e-05,-5.7935419723e-05,-6.7471566941e-05,-7.72108103196e-05,-8.75714987446e-05,-9.56007992245e-05,-9.9563306736e-05,-0.000127941511329,-0.000269177687527,-0.000641273391546,
