Coordinates:
0.0,0.714285714286,1.42857142857,2.14285714286,2.85714285714,3.57142857143,4.28571428571,5.0,5.71428571429,6.42857142857,7.14285714286,7.85714285714,8.57142857143,9.28571428571,10.0,
Volumes:
0.357142857143,0.714285714286,0.714285714286,0.714285714286,0.714285714286,0.714285714286,0.714285714286,0.714285714286,0.714285714286,0.714285714286,0.714285714286,0.714285714286,0.714285714286,0.714285714286,0.357142857143,

 Time(s), Error (-) on vertices
0.410726587386,0.0,78217.0286042,19976.800378,5102.38361983,1303.2909349,332.911946184,85.042473376,21.7249979348,5.5500885737,1.41793207708,0.362264179701,0.0925569404238,0.0236486010991,0.00604246419355,0.00154395360429,0.000394516543468,0.00010081081098,2.57606775966e-05,6.58314289637e-06,1.68208250834e-06,4.29822658963e-07,
0.821453174772,1.0,0.247077647869,0.0610935514214,0.0151175765867,0.00374360397908,0.000927714149373,0.000230064867064,5.70943625823e-05,1.41787395513e-05,3.52352938093e-06,8.7621003729e-07,
1.23217976216,1.0,0.249321301946,0.0621958238503,0.0155238664581,0.00387676754058,0.000968646153284,0.000242147753908,6.0563365293e-05,1.51547311872e-05,3.79393273707e-06,9.50229907107e-07,
1.64290634954,1.0,0.250816695188,0.0629331678899,0.0157966524742,0.00396650990934,0.000996335977643,0.000250352967132,6.2928198361e-05,1.58226615016e-05,3.9797117396e-06,1.0012851706e-06,2.51996425022e-07,
2.05363293693,1.0,0.251798703641,0.0634196217819,0.0159774509516,0.00402626284134,0.00101485667287,0.000255865958231,6.45242313009e-05,1.62754537136e-05,4.106206335e-06,1.03619950842e-06,2.61540269113e-07,
2.46435952432,1.0,0.252471792932,0.0637544822714,0.0161024354805,0.00406774239706,0.00102776646826,0.000259724384025,6.56457303799e-05,1.65948745446e-05,4.19578755828e-06,1.06101960243e-06,2.6835020309e-07,
2.8750861117,1.0,0.29007151499,0.0841798286192,0.0244399970655,0.00709867158761,0.00206266578744,0.000599583749827,0.000174354730411,5.07194454896e-05,1.47593223361e-05,4.2963934166e-06,1.25107166746e-06,3.64414693068e-07,
3.28581269909,1.0,0.271564225349,0.0737639319921,0.0200406460441,0.00544593994361,0.00148021519899,0.000402406748051,0.000109418719119,2.9757856947e-05,8.094557052e-06,2.20223558516e-06,5.99254913875e-07,
3.69653928647,1.0,0.253606415039,0.0643221951375,0.0163155278556,0.00413885612689,0.00105002044743,0.000266411348831,6.75996666545e-05,1.71542841697e-05,4.35347662433e-06,1.10492998124e-06,2.80457962693e-07,
4.10726587386,1.0,0.236261698798,0.0558208194556,0.0131888998371,0.00311623588516,0.000736311166517,0.00017398094051,4.11103434407e-05,9.71425712824e-06,2.29549883757e-06,5.42442197902e-07,
4.51799246124,1.0,0.219550837294,0.0482025702067,0.0105829146706,0.00232348778425,0.000510123690556,0.000111998084066,2.45892732735e-05,5.39859556415e-06,1.18526619313e-06,2.60226166578e-07,
4.92871904863,1.0,0.20347179254,0.0414016066255,0.00842440092351,0.00171423274201,0.000348826563342,7.09836614375e-05,1.4444962244e-05,2.93956922249e-06,5.98218929217e-07,
5.33944563602,1.0,0.188010234275,0.0353507222582,0.00664738791021,0.00125008723407,0.000235107689119,4.42212715749e-05,8.31829241846e-06,1.56486320145e-06,2.94414146729e-07,
5.7501722234,1.0,0.17314529727,0.0299848831855,0.00519370332443,0.000899781922667,0.000155913977272,2.70223361988e-05,4.68439234982e-06,8.12229575068e-07,
6.16089881079,1.0,0.158852848186,0.025242886874,0.00401270666403,0.000638110387192,0.000101512642459,1.61553571458e-05,2.57212233468e-06,4.09686903e-07,
6.57162539817,1.0,0.145107386603,0.0210680409344,0.00306066046752,0.000444912382648,6.47164822591e-05,9.41997865223e-06,1.3721258038e-06,2.00014769222e-07,
6.98235198556,1.0,0.131883171265,0.0174083252436,0.00229998061809,0.000304168323709,4.0267187961e-05,5.33657953597e-06,7.08072883966e-07,
7.39307857295,1.0,0.119154896966,0.0142162840826,0.00169848092472,0.00020322515715,2.43546775479e-05,2.9236527068e-06,3.5161112728e-07,
7.80380516033,1.0,0.106898110829,0.011448782862,0.00122866467408,0.000132149509937,1.42474745772e-05,1.54007488005e-06,1.66947179663e-07,
8.21453174772,1.0,0.0950894849532,0.00906670377836,0.000867084424148,8.31945746762e-05,8.0111478371e-06,7.74505900607e-07,
8.6252583351,1.0,0.083707026782,0.00703462140441,0.000593775520777,5.0364540722e-05,4.2953950827e-06,3.68596342369e-07,
9.03598492249,1.0,0.0727303014496,0.00532048077188,0.000391761192368,2.90608077036e-05,2.17402251759e-06,1.64218989716e-07,
9.44671150988,1.0,0.0621407674194,0.00389529014662,0.000246623616313,1.57957906403e-05,1.02538898299e-06,6.76165981639e-08,
9.85743809726,1.0,0.0519224251438,0.00273283476012,0.000146134009849,7.96210199998e-06,4.43599930177e-07,
10.2681646846,1.0,0.0420632888823,0.00180941400777,7.99344720075e-05,3.64683864095e-06,1.72974978827e-07,
10.678891272,1.0,0.0325592635596,0.001103596261,3.92640333049e-05,1.48238102472e-06,6.00499758124e-08,
11.0896178594,1.0,0.0234265881036,0.000595930681656,1.67196949149e-05,5.2667208186e-07,
11.5003444468,1.0,0.0147563798434,0.000268071837517,6.04081099099e-06,1.67793083775e-07,
11.9110710342,1.0,0.00713521715829,9.65004844475e-05,1.97482302372e-06,5.08875453601e-08,
12.3217976216,1.0,0.00580723512203,5.24444258801e-05,6.91159679954e-07,
12.732524209,1.0,0.0123670415412,0.00018196318528,2.80564161819e-06,4.377639834e-08,
13.1432507963,1.0,0.0089611370275,0.000101734378053,1.18665050875e-06,1.46471768206e-08,
13.5539773837,1.0,0.00593185268335,4.91685242637e-05,5.38506985259e-07,
13.9647039711,1.0,0.00441078173738,3.84647092623e-05,6.96861712693e-07,
14.3754305585,1.0,0.00484093032527,3.4496034959e-05,4.86990777359e-07,
14.7861571459,1.0,0.00610138586987,4.80460198146e-05,4.54452241774e-07,
15.1968837333,1.0,0.00778242536238,7.44612801926e-05,7.24572000283e-07,
15.6076103207,1.0,0.00702445158003,6.0564463726e-05,5.4391624711e-07,
16.018336908,1.0,0.00628327351013,4.80923777991e-05,4.11016038074e-07,
16.4290634954,1.0,0.00557122953548,3.72840833939e-05,3.25863057074e-07,
16.8397900828,1.0,0.00490743928304,2.85923534947e-05,2.83995196299e-07,
17.2505166702,1.0,0.0043215258044,2.28385711177e-05,2.73770548586e-07,
17.6612432576,1.0,0.0038573963974,2.09673508063e-05,2.8213678576e-07,
18.071969845,1.0,0.00403740830329,2.00480235796e-05,2.38740237136e-07,
18.4826964324,1.0,0.00430321800017,2.08918055227e-05,2.07469636972e-07,
18.8934230198,1.0,0.00463780280438,2.33928362152e-05,1.91203538549e-07,
19.3041496071,1.0,0.00502540088227,2.72374919683e-05,1.93485598952e-07,
19.7148761945,1.0,0.00484776334942,2.50144155656e-05,1.74603287647e-07,
20.1256027819,1.0,0.00466651630129,2.29170622119e-05,1.57576507853e-07,
20.5363293693,1.0,0.0044820502372,2.09603898857e-05,1.42414435314e-07,
20.9470559567,1.0,0.00429480322988,1.91607929479e-05,1.29128047553e-07,
21.3577825441,1.0,0.00410526807752,1.75359973544e-05,1.17729197787e-07,
21.7685091315,1.0,0.00391400265115,1.61045014181e-05,1.08228943597e-07,
22.1792357188,1.0,0.00372164440138,1.48842546693e-05,1.00621342064e-07,
22.5899623062,1.0,0.0035289302332,1.3890341691e-05,9.48778442855e-08,
23.0006888936,1.0,0.00333672335187,1.31317085016e-05,9.09332400154e-08,
23.411415481,1.0,0.00314604913273,1.26076862583e-05,8.8675305579e-08,
23.8221420684,1.0,0.00295814238579,1.23056719476e-05,8.79506493163e-08,
24.2328686558,1.0,0.00277450851226,1.22013510079e-05,8.85754686761e-08,
24.6435952432,1.0,0.00281723053183,1.16671037085e-05,7.98237609271e-08,
25.0543218305,1.0,0.00287157177251,1.1272823579e-05,7.21457302219e-08,
25.4650484179,1.0,0.00293637774167,1.10241384721e-05,6.55249860312e-08,
25.8757750053,1.0,0.00301050765061,1.09238173207e-05,5.99763819628e-08,
26.2865015927,1.0,0.00309286835125,1.09708279397e-05,5.55390447975e-08,
26.6972281801,1.0,0.00318243782939,1.11600794756e-05,5.22714624248e-08,
27.1079547675,1.0,0.00327827927219,1.14829619038e-05,5.02308662391e-08,
27.5186813549,1.0,0.00337954738222,1.19284470203e-05,4.94511715807e-08,
27.9294079422,1.0,0.0034854889348,1.24843973665e-05,4.99231665923e-08,
28.3401345296,1.0,0.00342176082231,1.20776511416e-05,4.76713185294e-08,
28.750861117,1.0,0.00335758271678,1.16775622374e-05,4.55786568605e-08,
29.1615877044,1.0,0.00329299967497,1.12842965634e-05,4.36335150247e-08,
29.5723142918,1.0,0.00322805337918,1.08980196723e-05,4.18253511508e-08,
29.9830408792,1.0,0.00316278232133,1.05189042152e-05,4.01460645096e-08,
30.3937674666,1.0,0.00309722197805,1.01471165626e-05,3.85874521768e-08,
30.8044940539,1.0,0.00303140499641,9.78282454197e-06,3.7141511635e-08,
31.2152206413,1.0,0.00296536137441,9.42619214406e-06,3.58020674373e-08,
31.6259472287,1.0,0.00289911864085,9.0773791552e-06,3.45613595095e-08,
32.0366738161,1.0,0.00283270203103,8.73653950303e-06,3.34148063622e-08,
32.4474004035,1.0,0.00276613465875,8.4038261585e-06,3.23549082577e-08,
32.8581269909,1.0,0.00269943767898,8.07938532072e-06,3.13773978169e-08,
33.2688535783,1.0,0.0026326304496,7.7633576788e-06,3.04748587259e-08,
33.6795801656,1.0,0.00256573068583,7.45587712878e-06,2.96421443873e-08,
34.090306753,1.0,0.00249875461032,7.15707961653e-06,2.88762715734e-08,
34.5010333404,1.0,0.0024317170906,6.86708772949e-06,2.81691190933e-08,
34.9117599278,1.0,0.00236463178053,6.58602330774e-06,2.75180976451e-08,
35.3224865152,1.0,0.00229751125345,6.31399742525e-06,2.69167009174e-08,
35.7332131026,1.0,0.00223036713085,6.0511179692e-06,2.63611601771e-08,
36.14393969,1.0,0.00216321021888,5.79748664801e-06,2.5847283945e-08,
36.5546662773,1.0,0.00209605061657,5.55319279409e-06,2.53701070925e-08,
36.9653928647,1.0,0.00202889786321,5.31831688833e-06,2.49265202056e-08,
37.3761194521,1.0,0.00196176105781,5.0929254829e-06,2.45117267971e-08,
37.7868460395,1.0,0.00189464900109,4.87707818798e-06,2.41230042467e-08,
38.1975726269,1.0,0.00182757032938,4.67080969783e-06,2.37569856743e-08,
38.6082992143,1.0,0.00176053368147,4.4741376148e-06,2.34102374134e-08,
39.0190258017,1.0,0.00169354786935,4.28706089475e-06,2.30802108085e-08,
39.429752389,1.0,0.00162662206794,4.10954717703e-06,2.27649464996e-08,
39.8404789764,1.0,0.00155976606039,3.94153964161e-06,2.24610829761e-08,
40.2512055638,1.0,0.00149299049439,3.78294138976e-06,2.21677540649e-08,
40.6619321512,1.0,0.00142630723164,3.6336195688e-06,2.1882919356e-08,
41.0726587386,1.0,0.00135972975197,3.49340178221e-06,2.16039692879e-08,
41.483385326,1.0,0.00129327368109,3.36206653962e-06,2.13310890964e-08,
41.8941119134,1.0,0.00122695747565,3.23934766744e-06,2.10625142853e-08,
42.3048385007,1.0,0.00116080330555,3.12492847679e-06,2.07975437596e-08,
42.7155650881,1.0,0.00109483825031,3.01844380516e-06,2.05340040255e-08,
43.1262916755,1.0,0.00102909591763,2.91948100258e-06,2.02728456465e-08,
43.5370182629,1.0,0.000963618694019,2.82758050601e-06,2.00128494698e-08,
43.9477448503,1.0,0.000898460915655,2.74224971272e-06,1.97533932899e-08,
44.3584714377,1.0,0.000833693437613,2.66295658441e-06,1.94951024752e-08,
44.7691980251,1.0,0.000769410373192,2.58914711726e-06,1.92370814018e-08,
45.1799246124,1.0,0.000705739226009,2.52025348963e-06,1.89785594669e-08,
45.5906511998,1.0,0.000642856531856,2.455702426e-06,1.87210502772e-08,
46.0013777872,1.0,0.00058101257956,2.39492855068e-06,1.84632789711e-08,
46.4121043746,1.0,0.000520571443772,2.33738304624e-06,1.82054061078e-08,
46.822830962,1.0,0.0004620771194,2.28254974159e-06,1.79479671056e-08,
47.2335575494,1.0,0.000406363767225,2.22994906575e-06,1.76906087665e-08,
47.6442841368,1.0,0.000354736046854,2.17915691464e-06,1.74337337313e-08,
48.0550107241,1.0,0.000309238319947,2.12981163149e-06,1.71777428281e-08,
48.4657373115,1.0,0.000272944159036,2.08162654711e-06,1.69222132182e-08,
48.8764638989,1.0,0.000249887042551,2.03439814574e-06,1.66683263838e-08,
49.2871904863,1.0,0.000243842413646,1.98802445145e-06,1.64139709785e-08,
49.6979170737,1.0,0.00025601053496,1.94251118005e-06,1.61614644126e-08,
50.1086436611,1.0,0.000284054313634,1.8979892879e-06,1.5910246964e-08,
50.5193702485,1.0,0.000323870964546,1.85472958014e-06,1.56598823093e-08,
50.9300968358,1.0,0.000371692526926,1.81315815534e-06,1.54109841574e-08,
51.3408234232,1.0,0.000424821540917,1.77387119966e-06,1.51638337734e-08,
51.7515500106,1.0,0.000481502328813,1.73765103592e-06,1.49181515002e-08,
52.162276598,1.0,0.000540617464968,1.70547397066e-06,1.46741478177e-08,
52.5730031854,1.0,0.000601448605976,1.67850584516e-06,1.44326845003e-08,
52.9837297728,1.0,0.000663523344799,1.65810029186e-06,1.41926394347e-08,
53.3944563602,1.0,0.000726522681646,1.64574645733e-06,1.39563453705e-08,
53.8051829475,1.0,0.000790225449077,1.6430305793e-06,1.37231696466e-08,
54.2159095349,1.0,0.000854474464826,1.65154270111e-06,1.34940611073e-08,
54.6266361223,1.0,0.000919155504314,1.67277721904e-06,1.32688724141e-08,
55.0373627097,1.0,0.00098418382439,1.70804118588e-06,1.30501850834e-08,
55.4480892971,1.0,0.00104949544395,1.75835284668e-06,1.28379834876e-08,
55.8588158845,1.0,0.00111504123681,1.82440809218e-06,1.26365566809e-08,
56.2695424719,1.0,0.0011807829491,1.90654806276e-06,1.24446788931e-08,
56.6802690593,1.0,0.00124669040275,2.00480290468e-06,1.22672971842e-08,
57.0909956466,1.0,0.00131273950264,2.11894965903e-06,1.21057275516e-08,
57.501722234,1.0,0.00137891080984,2.24857836906e-06,1.19666882538e-08,
57.9124488214,1.0,0.00144518850103,2.39316749871e-06,1.18512315558e-08,
58.3231754088,1.0,0.00151155957005,2.55214168913e-06,1.17666259686e-08,
58.7339019962,1.0,0.00157801325687,2.72492557304e-06,1.17160376632e-08,
59.1446285836,1.0,0.0016445405853,2.91094996741e-06,1.17069425622e-08,
59.555355171,1.0,0.00171113402591,3.10970099263e-06,1.17452984442e-08,
59.9660817583,1.0,0.00167743728722,2.9869943165e-06,1.11702697725e-08,
60.3768083457,1.0,0.00164375855378,2.86712961288e-06,1.06216211945e-08,
60.7875349331,1.0,0.00161009690788,2.75007248121e-06,1.00938368428e-08,
61.1982615205,1.0,0.00157645149216,2.63578230898e-06,9.59483938345e-09,
61.6089881079,1.0,0.00154282150854,2.52423626157e-06,9.11791194088e-09,
62.0197146953,1.0,0.00150920621789,2.41540070458e-06,8.66218535888e-09,
62.4304412827,1.0,0.00147560492386,2.30924937522e-06,8.22862458253e-09,
62.84116787,1.0,0.00144201698682,2.20575672698e-06,7.81537848086e-09,
63.2518944574,1.0,0.00140844180932,2.10489872121e-06,7.42191786298e-09,
63.6626210448,1.0,0.0013748788292,2.00665476666e-06,7.04690515007e-09,
64.0733476322,1.0,0.00134132753402,1.9110023475e-06,6.68952642088e-09,
64.4840742196,1.0,0.0013077874342,1.81792341692e-06,6.35006883639e-09,
64.894800807,1.0,0.00127425808794,1.72739911014e-06,6.02884069027e-09,
65.3055273944,1.0,0.00124073906965,1.63941719945e-06,5.71991501181e-09,
65.7162539817,1.0,0.00120722999615,1.55395889017e-06,5.43050001424e-09,
66.1269805691,1.0,0.00117373050992,1.47101072842e-06,5.15255135705e-09,
66.5377071565,1.0,0.00114024027126,1.39056259116e-06,4.88970710201e-09,
66.9484337439,1.0,0.00110675897667,1.31260007126e-06,4.6404169087e-09,
67.3591603313,1.0,0.00107328632811,1.23712038563e-06,4.40208019956e-09,
67.7698869187,1.0,0.00103982207052,1.16410548518e-06,4.17790140907e-09,
68.1806135061,1.0,0.0010063659523,1.09355368223e-06,3.96471091032e-09,
68.5913400934,1.0,0.00097291774853,1.02545930882e-06,3.76360658393e-09,
69.0020666808,1.0,0.000939477251008,9.59817708669e-07,
69.4127932682,1.0,0.000956093556937,9.83931099968e-07,
69.8235198556,1.0,0.000947688269483,9.63797463488e-07,
70.234246443,1.0,0.000939287131304,9.44063422594e-07,
70.6449730304,1.0,0.000930889874611,9.24708456468e-07,
71.0556996178,1.0,0.000922496249318,9.05720343519e-07,
71.4664262051,1.0,0.000914106023167,8.8708882399e-07,
71.8771527925,1.0,0.000905718976474,8.68800345014e-07,
72.2878793799,1.0,0.000897334911218,8.5083980195e-07,
72.6986059673,1.0,0.0008889536423,8.33196668555e-07,
73.1093325547,1.0,0.00088057499806,8.15854948354e-07,
73.5200591421,1.0,0.000872198812161,7.98814532989e-07,
73.9307857295,1.0,0.000863824930975,7.82058457209e-07,
74.3415123168,1.0,0.000855453222891,7.65578052389e-07,
74.7522389042,1.0,0.000847083552129,7.49370921726e-07,
75.1629654916,1.0,0.000838715791777,7.33426657951e-07,
75.573692079,1.0,0.000830349841763,7.17728334387e-07,
75.9844186664,1.0,0.000821985586291,7.0228117772e-07,
76.3951452538,1.0,0.000813622930777,6.87076242408e-07,
76.8058718412,1.0,0.000805261785179,6.72103191402e-07,
77.2165984285,1.0,0.000796902063597,6.57358156031e-07,
77.6273250159,1.0,0.000788543681264,6.42838651325e-07,
78.0380516033,1.0,0.000780186576109,6.2853292873e-07,
78.4487781907,1.0,0.000771830675334,6.14442531501e-07,
78.8595047781,1.0,0.000763475907826,6.00561433332e-07,
79.2702313655,1.0,0.000755122222085,5.86882143907e-07,
79.6809579529,1.0,0.000746769562992,5.73406365682e-07,
80.0916845402,1.0,0.000738417874535,5.60123254746e-07,
80.5024111276,1.0,0.000730067108996,5.47032505416e-07,
80.913137715,1.0,0.000721717222538,5.34138117033e-07,
81.3238643024,1.0,0.00071336818352,5.21420212899e-07,
81.7345908898,1.0,0.000705019938742,5.08891929328e-07,
82.1453174772,1.0,0.000696672456265,4.96545569282e-07,
82.5560440646,1.0,0.000688325705249,4.84374247638e-07,
82.9667706519,1.0,0.000679979653322,4.72385277888e-07,
83.3774972393,1.0,0.000671634271843,4.60563941022e-07,
83.7882238267,1.0,0.000663289535673,4.48915654926e-07,
84.1989504141,1.0,0.000654945412186,4.3744084512e-07,
84.6096770015,1.0,0.000646601881661,4.26129121899e-07,
85.0204035889,1.0,0.000638258921386,4.14990080916e-07,
85.4311301763,1.0,0.000629916514779,4.04008210571e-07,
85.8418567636,1.0,0.000621574646029,3.93189683254e-07,
86.252583351,1.0,0.000613233282037,3.82535424259e-07,
86.6633099384,1.0,0.000604892421509,3.72043147488e-07,
87.0740365258,1.0,0.000596552041671,3.61708303103e-07,
87.4847631132,1.0,0.000588212131611,3.51533551504e-07,
87.8954897006,1.0,0.000579872677507,3.41508572099e-07,
88.306216288,1.0,0.000571533660348,3.31646949883e-07,
88.7169428753,1.0,0.000563195076036,3.2193774467e-07,
89.1276694627,1.0,0.000554856914235,3.12377720676e-07,
89.5383960501,1.0,0.000546519155744,3.02975190357e-07,
89.9491226375,1.0,0.000538181802344,2.93724631733e-07,
90.3598492249,1.0,0.000529844841052,2.84621473774e-07,
90.7705758123,1.0,0.000521508255416,2.75675525917e-07,
91.1813023997,1.0,0.000513172049488,2.66873385649e-07,
91.5920289871,1.0,0.000504836214939,2.5822367973e-07,
92.0027555744,1.0,0.000496500738973,2.49721265426e-07,
92.4134821618,1.0,0.000488165620443,2.41366625968e-07,
92.8242087492,1.0,0.000479830846315,2.33165668108e-07,
93.2349353366,1.0,0.000471496418143,2.25103381509e-07,
93.645661924,1.0,0.000463162328947,2.17196551387e-07,
94.0563885114,1.0,0.000454828574526,2.09431728325e-07,
94.4671150988,1.0,0.000446495150558,2.01811160986e-07,
94.8778416861,1.0,0.000438162055582,1.9433669749e-07,
95.2885682735,1.0,0.000429829279573,1.87004259219e-07,
95.6992948609,1.0,0.000421496820866,1.79818917934e-07,
96.1100214483,1.0,0.000413164678323,1.72777591433e-07,
96.5207480357,1.0,0.00040483285122,1.65878574066e-07,
96.9314746231,1.0,0.000396501325885,1.59128582474e-07,
97.3422012105,1.0,0.000388170113908,1.52519769258e-07,
97.7529277978,1.0,0.000379839203319,1.46055070826e-07,
98.1636543852,1.0,0.000371508596684,1.39730966595e-07,
98.5743809726,1.0,0.000363178285203,1.33549649061e-07,
98.98510756,1.0,0.000354848269935,1.27515895785e-07,
99.3958341474,1.0,0.000346518555434,1.21620578887e-07,
99.8065607348,1.0,0.000338189128495,1.15870140113e-07,
100.217287322,1.0,0.000329859999887,1.10259496052e-07,
100.62801391,1.0,0.000321531157464,1.04789942282e-07,
101.038740497,1.0,0.000313202602834,9.94638645502e-08,
101.449467084,1.0,0.000304874335943,9.42810737929e-08,
101.860193672,1.0,0.000296546361156,8.92417437001e-08,
102.270920259,1.0,0.000288218667915,8.43428491687e-08,
102.681646846,1.0,0.000279891258961,7.95778838775e-08,
103.092373434,1.0,0.000271564133932,7.49614406399e-08,
103.503100021,1.0,0.000263237290745,7.04863385399e-08,
103.913826609,1.0,0.000254910726757,6.61521181895e-08,
104.324553196,1.0,0.000246584444025,6.19606978314e-08,
104.735279783,1.0,0.000238258438434,5.79110430149e-08,
105.146006371,1.0,0.00022993271953,5.39990375805e-08,
105.556732958,1.0,0.000221607275123,5.0228232768e-08,
105.967459546,1.0,0.00021328210558,4.66049052798e-08,
106.378186133,1.0,0.000204957222474,4.3120050705e-08,
106.78891272,1.0,0.000196632607289,3.97772635055e-08,
107.199639308,1.0,0.00018830827104,3.65767904994e-08,
107.610365895,1.0,0.000179984211691,3.3521497971e-08,
108.021092482,1.0,0.000171660430028,3.06086325178e-08,
108.43181907,1.0,0.000163336925518,2.78401624843e-08,
108.842545657,1.0,0.000155013693892,2.52158209854e-08,
109.253272245,1.0,0.000146690737757,2.27343314659e-08,
109.663998832,1.0,0.000138368061822,2.04029965139e-08,
110.074725419,1.0,0.000130045663091,1.8213821356e-08,
110.485452007,1.0,0.000121723538653,1.61797931484e-08,
110.896178594,1.0,0.00011340169787,1.42901675963e-08,
111.306905182,1.0,0.000105080130327,1.25677583476e-08,
111.717631769,1.0,9.67588567409e-05,1.09864679061e-08,
112.128358356,1.0,8.84378561536e-05,9.5747682301e-09,
112.539084944,1.0,8.01171528141e-05,8.32782675339e-09,
112.949811531,1.0,7.1796735373e-05,7.25027818244e-09,
113.360538119,1.0,6.34766313404e-05,6.34321040228e-09,
113.771264706,1.0,5.51568534814e-05,5.59979897187e-09,
114.181991293,1.0,4.68374225668e-05,5.01965334486e-09,
114.592717881,1.0,3.85183951769e-05,4.5837930911e-09,
115.003444468,1.0,3.01998823067e-05,4.26290256851e-09,
115.414171055,1.0,2.18821498422e-05,4.02713344998e-09,
115.824897643,1.0,1.35661632999e-05,3.84586438458e-09,
116.23562423,1.0,5.25894081473e-06,3.68905312856e-09,
116.646350818,1.0,3.10833227323e-06,3.54145466214e-09,
117.057077405,1.0,1.14036546505e-05,3.40348621643e-09,
117.467803992,1.0,1.97176988047e-05,3.28864835042e-09,
117.87853058,1.0,2.80335810667e-05,3.23362746316e-09,
118.289257167,1.0,3.63498586633e-05,3.29164767395e-09,
118.699983755,1.0,3.21914658152e-05,3.08196148232e-09,
119.110710342,1.0,2.80330421159e-05,2.90361108921e-09,
119.521436929,1.0,2.38746136731e-05,2.75044305865e-09,
119.932163517,1.0,1.9716210828e-05,2.62080152415e-09,
120.342890104,1.0,1.55579138366e-05,2.50871608958e-09,
120.753616691,1.0,1.13998866764e-05,2.40803059339e-09,
121.164343279,1.0,7.24273383389e-06,2.31683952394e-09,
121.575069866,1.0,3.09024826772e-06,2.23010318834e-09,
121.985796454,1.0,1.1118447678e-06,2.14915770004e-09,
122.396523041,1.0,5.2458246643e-06,2.06907499303e-09,
122.807249628,1.0,9.40204910944e-06,1.9954112231e-09,
123.217976216,1.0,1.35601509339e-05,1.92626513365e-09,
123.628702803,1.0,1.77188476361e-05,1.87474165028e-09,
124.039429391,1.0,2.18778353615e-05,1.84309463693e-09,
124.450155978,1.0,2.6037014326e-05,1.84346420602e-09,
124.860882565,1.0,2.39573051662e-05,1.74346431158e-09,
125.271609153,1.0,2.18776146315e-05,1.65542576901e-09,
125.68233574,1.0,1.97979511999e-05,1.57443339807e-09,
126.093062327,1.0,1.77183151015e-05,1.50122595267e-09,
126.503788915,1.0,1.56387157837e-05,1.42997580957e-09,
126.914515502,1.0,1.35591474674e-05,1.36979173094e-09,
127.32524209,1.0,1.14796242219e-05,1.31251117288e-09,
127.735968677,1.0,9.40017524199e-06,1.25744300187e-09,
128.146695264,1.0,7.32082504088e-06,1.2065247312e-09,
128.557421852,1.0,5.24169166985e-06,1.16161622211e-09,
128.968148439,1.0,3.1631494559e-06,1.11686794164e-09,
129.378875027,1.0,1.08856969619e-06,1.07351429373e-09,
129.789601614,1.0,1.00667064121e-06,1.0328958875e-09,
130.200328201,1.0,3.08067032388e-06,9.9374202575e-10,
130.611054789,1.0,5.15909165312e-06,9.55978901266e-10,
131.021781376,1.0,7.23811124191e-06,9.18911748205e-10,
131.432507963,1.0,9.31730990692e-06,8.87903506523e-10,
131.843234551,1.0,1.1396593676e-05,8.60186746626e-10,
132.253961138,1.0,1.34759027358e-05,8.37207520994e-10,
132.664687726,1.0,1.55552332765e-05,8.2528119769e-10,
133.075414313,1.0,1.76345551859e-05,8.15780644703e-10,
133.4861409,1.0,1.97138796946e-05,8.25012583909e-10,
133.896867488,1.0,1.86741964571e-05,7.82687193502e-10,
134.307594075,1.0,1.7634505676e-05,7.43021913575e-10,
134.718320663,1.0,1.65948157306e-05,7.06296857997e-10,
135.12904725,1.0,1.55551207171e-05,6.66971370092e-10,
135.539773837,1.0,1.45154200299e-05,6.34047789918e-10,
135.950500425,1.0,1.34757301101e-05,6.09130315752e-10,
136.361227012,1.0,1.243602102e-05,5.78241641397e-10,
136.771953599,1.0,1.13963114146e-05,5.48883478128e-10,
137.182680187,1.0,1.03565994443e-05,5.25762499427e-10,
137.593406774,1.0,9.31688977655e-06,5.03390834869e-10,
138.004133362,1.0,8.27716878711e-06,4.82030959387e-10,
138.414859949,1.0,7.23745682659e-06,4.61158022224e-10,
138.825586536,1.0,6.19774911722e-06,4.42723460616e-10,
139.236313124,1.0,5.15803321677e-06,4.23979620218e-10,
139.647039711,1.0,4.11834228035e-06,4.07563978224e-10,
140.057766299,1.0,3.07867227052e-06,3.93065207615e-10,
140.468492886,1.0,2.03907422652e-06,3.7802275014e-10,
140.879219473,1.0,9.99790000265e-07,
141.289946061,1.0,1.51927339511e-06,3.51108881594e-10,
141.700672648,1.0,2.03896905289e-06,3.39381039571e-10,
142.111399236,1.0,2.55873198005e-06,3.24007486884e-10,
142.522125823,1.0,3.07853465759e-06,3.12925472749e-10,
142.93285241,1.0,3.59836417297e-06,3.02597102442e-10,
143.343578998,1.0,4.11820172751e-06,2.88637546265e-10,
143.754305585,1.0,4.63803274902e-06,2.79430332952e-10,
144.165032172,1.0,5.15788432773e-06,2.67822271357e-10,
144.57575876,1.0,5.67773783242e-06,2.60166115958e-10,
144.986485347,1.0,6.19759044064e-06,2.49847092993e-10,
145.397211935,1.0,6.7174371003e-06,2.4220141163e-10,
145.807938522,1.0,7.23730047413e-06,2.34410879396e-10,
146.218665109,1.0,7.75715148034e-06,2.27487570284e-10,
146.629391697,1.0,8.27701329623e-06,2.21548197743e-10,
147.040118284,1.0,8.79687149289e-06,2.17535398006e-10,
147.450844872,1.0,9.3167228224e-06,2.14286690292e-10,
147.861571459,1.0,9.83657709698e-06,2.13931180382e-10,
148.272298046,1.0,1.03564371351e-05,2.09306864085e-10,
148.683024634,1.0,1.08762899417e-05,2.1386228849e-10,
149.093751221,1.0,1.06163643019e-05,2.10313835267e-10,
149.504477808,1.0,1.03564254308e-05,1.96345757795e-10,
149.915204396,1.0,1.00965019073e-05,1.89280246367e-10,
150.325930983,1.0,9.83656987773e-06,1.8212148096e-10,
150.736657571,1.0,9.57664151989e-06,1.67315371171e-10,
151.147384158,1.0,9.31670755939e-06,1.65119857895e-10,
151.558110745,1.0,9.05677582213e-06,1.57435002785e-10,
151.968837333,1.0,8.79684706701e-06,1.50615898179e-10,
152.37956392,1.0,8.53691660451e-06,1.43520382158e-10,
152.790290508,1.0,8.27698596594e-06,1.35330905768e-10,
153.201017095,1.0,8.01705523983e-06,1.31946218979e-10,
153.611743682,1.0,7.75712400895e-06,1.27020460043e-10,
154.02247027,1.0,7.49718282345e-06,1.18442132788e-10,
154.433196857,1.0,7.23725412062e-06,1.14707847465e-10,
154.843923444,1.0,6.97731632061e-06,1.06431281209e-10,
155.254650032,1.0,6.71738619532e-06,1.05941242168e-10,
155.665376619,1.0,6.45745652118e-06,9.80750100735e-11,
156.076103207,1.0,6.19752374945e-06,9.19689785796e-11,
156.486829794,1.0,5.93759441233e-06,9.01649317974e-11,
156.897556381,1.0,5.67765094482e-06,8.4039291303e-11,
157.308282969,1.0,5.4177226441e-06,8.39361253395e-11,
157.719009556,1.0,5.15779279175e-06,7.8801997564e-11,
158.129736144,1.0,4.89784937902e-06,7.65838164935e-11,
158.540462731,1.0,4.6379219038e-06,7.54124940992e-11,
158.951189318,1.0,4.37798733265e-06,6.83996102796e-11,
159.361915906,1.0,4.11804393032e-06,6.26388552161e-11,
159.772642493,1.0,3.858111074e-06,6.3914333846e-11,
160.18336908,1.0,3.98808632699e-06,6.0302889574e-11,
160.594095668,1.0,4.11804954302e-06,6.00549328006e-11,
161.004822255,1.0,4.24801156003e-06,5.96275935396e-11,
161.415548843,1.0,4.37797916661e-06,5.32151504311e-11,
161.82627543,1.0,4.50795624935e-06,5.98350412389e-11,
162.237002017,1.0,4.44296878538e-06,5.4827176769e-11,
162.647728605,1.0,4.37798113938e-06,5.28223263946e-11,
163.058455192,1.0,4.31299270419e-06,4.62298561663e-11,
163.46918178,1.0,4.24801413368e-06,4.78030489431e-11,
163.879908367,1.0,4.28051163641e-06,4.8349677956e-11,
164.290634954,1.0,4.26425745748e-06,4.29731047354e-11,
164.701361542,1.0,4.24802086662e-06,4.2371408491e-11,
165.112088129,1.0,4.23176446947e-06,3.90140943032e-11,
165.522814717,1.0,4.2155196956e-06,4.205400139e-11,
165.933541304,1.0,4.22363645126e-06,3.83794400467e-11,
166.344267891,1.0,4.2317594736e-06,3.40977520775e-11,
166.754994479,1.0,4.23988660239e-06,3.42436792818e-11,
167.165721066,1.0,4.2358334284e-06,3.47924369485e-11,
167.576447653,1.0,4.23785933392e-06,3.5469086632e-11,
167.987174241,1.0,4.23683733972e-06,3.08059518989e-11,
168.397900828,1.0,4.23583092865e-06,3.6276187275e-11,
168.808627416,1.0,4.23633344173e-06,3.18059434603e-11,
169.219354003,1.0,4.23685013443e-06,2.85567281299e-11,
169.63008059,1.0,4.2373512392e-06,2.51665071159e-11,
170.040807178,1.0,4.2378485047e-06,2.75175100913e-11,
170.451533765,1.0,4.23760684528e-06,3.56610652925e-11,
170.862260353,1.0,4.2377371065e-06,3.31998670612e-11,
171.27298694,1.0,4.23784736641e-06,2.29585211865e-11,
171.683713527,1.0,4.23798232583e-06,2.616208638e-11,
172.094440115,1.0,4.23792243748e-06,2.64899840883e-11,
172.505166702,1.0,4.23794660453e-06,1.93553807367e-11,
172.915893289,1.0,4.23798366152e-06,2.39930008336e-11,
173.326619877,1.0,4.23796605495e-06,2.35511254215e-11,
173.737346464,1.0,4.23794804204e-06,1.73575005457e-11,
174.148073052,1.0,4.2379360903e-06,2.54678198385e-11,
174.558799639,1.0,4.23794779902e-06,3.13219127495e-11,
174.969526226,1.0,4.23793989049e-06,2.49063191668e-11,
175.380252814,1.0,4.23793503393e-06,1.54701529359e-11,
175.790979401,1.0,4.23793534524e-06,3.03705046921e-11,
176.201705989,1.0,4.23793066451e-06,2.43238644689e-11,
176.612432576,1.0,4.23792822309e-06,2.54338652216e-11,
177.023159163,1.0,4.23793816409e-06,2.33452729769e-11,
177.433885751,1.0,4.23792865703e-06,1.96057786757e-11,
177.844612338,1.0,4.23793431292e-06,2.70210727629e-11,
178.255338925,1.0,4.23794431161e-06,2.56854554733e-11,
178.666065513,1.0,4.23793041135e-06,1.14921802826e-11,
179.0767921,1.0,4.23793664375e-06,2.47160649401e-11,
179.487518688,1.0,4.23794018179e-06,2.75768939301e-11,
179.898245275,1.0,4.23792605625e-06,1.85111044542e-11,
180.308971862,1.0,4.2379380201e-06,2.20534596275e-11,
180.71969845,1.0,4.23792870939e-06,1.98553075847e-11,
181.130425037,1.0,4.23793887186e-06,2.03281079905e-11,
181.541151625,1.0,4.23793317785e-06,1.66304733453e-11,
181.951878212,1.0,4.23793324555e-06,1.61486671937e-11,
182.362604799,1.0,4.23794362803e-06,2.55664144748e-11,
182.773331387,1.0,4.23794172798e-06,2.06580181907e-11,
183.184057974,1.0,4.23792150669e-06,7.51607467434e-12,
183.594784561,1.0,4.23792817175e-06,1.9828637015e-11,
184.005511149,1.0,4.23793063015e-06,1.50737372039e-11,
184.416237736,1.0,4.23792986439e-06,1.42816272875e-11,
184.826964324,1.0,4.23794888669e-06,3.24337088941e-11,
185.237690911,1.0,4.2379360201e-06,2.10175598076e-11,
185.648417498,1.0,4.23793006622e-06,1.58317303397e-11,
186.059144086,1.0,4.23792910231e-06,1.94610891807e-12,
186.469870673,1.0,4.23792617421e-06,1.59347276749e-11,
186.880597261,1.0,4.23793888927e-06,2.02069424057e-11,
187.291323848,1.0,4.23793495905e-06,1.60384979654e-11,
187.702050435,1.0,4.23793782036e-06,2.77977122847e-11,
188.112777023,1.0,4.23793112942e-06,2.96659375571e-11,
188.52350361,1.0,4.23794183117e-06,1.75761265537e-11,
188.934230198,1.0,4.23792716378e-06,1.49099882914e-11,
189.344956785,1.0,4.23793815022e-06,2.3970638934e-11,
189.755683372,1.0,4.23792478612e-06,1.53392277159e-11,
190.16640996,1.0,4.23793003433e-06,1.42493704442e-11,
190.577136547,1.0,4.23794537422e-06,2.67028109834e-11,
190.987863134,1.0,4.23792850185e-06,1.44019578742e-11,
191.398589722,1.0,4.23793863933e-06,1.78797889326e-11,
191.809316309,1.0,4.23794414935e-06,2.41972234094e-11,
192.220042897,1.0,4.23792739401e-06,1.17734557738e-11,
192.630769484,1.0,4.23793908507e-06,1.62735125587e-11,
193.041496071,1.0,4.237940416e-06,1.00849691711e-11,
193.452222659,1.0,4.23792443966e-06,8.06447325575e-12,
193.862949246,1.0,4.2379282582e-06,1.01326917959e-11,
194.273675834,1.0,4.23792173487e-06,1.44608854976e-11,
194.684402421,1.0,4.2379320434e-06,2.09626527645e-11,
195.095129008,1.0,4.23793410373e-06,1.6705502453e-11,
195.505855596,1.0,4.23793610656e-06,2.04842131371e-11,
195.916582183,1.0,4.23794386918e-06,2.53131323624e-11,
196.32730877,1.0,4.23793815595e-06,1.76427674418e-11,
196.738035358,1.0,4.23793639358e-06,1.78010574696e-11,
197.148761945,1.0,4.23793132496e-06,1.72519503812e-11,
197.559488533,1.0,4.23793368618e-06,2.64754853626e-11,
197.97021512,1.0,4.2379361413e-06,5.66084873726e-12,
198.380941707,1.0,4.23792150809e-06,1.00218228807e-11,
198.791668295,1.0,4.23793333251e-06,1.29882169234e-11,
199.202394882,1.0,4.23794638958e-06,3.44591700167e-11,
199.61312147,1.0,4.23793619211e-06,1.25432280475e-11,
200.023848057,1.0,4.23793703104e-06,1.41803507525e-11,
200.434574644,1.0,4.23794702978e-06,3.23713821005e-11,
200.845301232,1.0,4.23794436411e-06,2.88895368629e-11,
201.256027819,1.0,4.23793060021e-06,1.27879189448e-11,
201.666754406,1.0,4.23792937918e-06,2.80054402724e-11,
202.077480994,1.0,4.23792501597e-06,2.33580437882e-11,
202.488207581,1.0,4.23793349133e-06,1.05710598663e-11,
202.898934169,1.0,4.23794260238e-06,1.23233149957e-11,
203.309660756,1.0,4.23793113774e-06,1.70634179473e-11,
203.720387343,1.0,4.23793376887e-06,1.53329311721e-11,
204.131113931,1.0,4.2379381217e-06,2.43935671849e-11,
204.541840518,1.0,4.23793154579e-06,1.1059354264e-11,
204.952567106,1.0,4.23792597183e-06,2.61878915819e-11,
