Coordinates:
0.0,0.714285714286,1.42857142857,2.14285714286,2.85714285714,3.57142857143,4.28571428571,5.0,5.71428571429,6.42857142857,7.14285714286,7.85714285714,8.57142857143,9.28571428571,10.0,
Volumes:
0.357142857143,0.714285714286,0.714285714286,0.714285714286,0.714285714286,0.714285714286,0.714285714286,0.714285714286,0.714285714286,0.714285714286,0.714285714286,0.714285714286,0.714285714286,0.714285714286,0.357142857143,

 Time(s), Displacement (m) on vertices
0.0,0.0,0.0,0.0,0.0,0.0,0.0,0.0,0.0,0.0,0.0,0.0,0.0,0.0,0.0,0.0,
1.0,-2.17818827814e-20,-2.4538481661e-06,-4.90769965607e-06,-7.36156102189e-06,-9.8154484068e-06,-1.22694032234e-05,-1.47235323728e-05,-1.71781120657e-05,-1.96338560737e-05,-2.20926089332e-05,-2.45591373313e-05,-2.70457594397e-05,-2.9584308134e-05,-3.22570465969e-05,-3.5276561064e-05,
2.0,-6.64224424534e-20,-2.45386991813e-06,-4.90776076019e-06,-7.36171034745e-06,-9.8158033814e-06,-1.22702370768e-05,-1.47254700379e-05,-1.71825575389e-05,-1.96438918889e-05,-2.21147906126e-05,-2.46067608526e-05,-2.71437651816e-05,-2.97728058123e-05,-3.25767841574e-05,-3.56702812822e-05,
3.0,-2.48013636918e-20,-2.45394476977e-06,-4.90796096689e-06,-7.36216804332e-06,-9.81681093797e-06,-1.22724117212e-05,-1.47300760715e-05,-1.71921013955e-05,-1.96631383205e-05,-2.21522877378e-05,-2.46765774138e-05,-2.72659439928e-05,-2.9968393801e-05,-3.28501990771e-05,-3.59800035653e-05,
4.0,-8.43071332192e-20,-2.45413052116e-06,-4.90843711463e-06,-7.36319457333e-06,-9.81892258328e-06,-1.22766433683e-05,-1.47383488667e-05,-1.72078246179e-05,-1.96920246579e-05,-2.22031815297e-05,-2.47616371044e-05,-2.73987594122e-05,-3.01580201732e-05,-3.30905789723e-05,-3.62415688602e-05,
5.0,-1.35422305703e-19,-2.45450395461e-06,-4.90935991678e-06,-7.36508477982e-06,-9.82258659285e-06,-1.22835261266e-05,-1.4750908722e-05,-1.72300185852e-05,-1.97297909881e-05,-2.22646086029e-05,-2.48562182025e-05,-2.75349183961e-05,-3.03384557549e-05,-3.33067321163e-05,-3.64717019621e-05,
6.0,5.81082506577e-20,-2.45515155325e-06,-4.91091072209e-06,-7.36812337697e-06,-9.82817943485e-06,-1.22934589406e-05,-1.47679947644e-05,-1.72584139293e-05,-1.97751586154e-05,-2.2333840835e-05,-2.49563202487e-05,-2.76707418537e-05,-3.05095112953e-05,-3.3504428438e-05,-3.66794308051e-05,
7.0,3.96049121395e-20,-2.45615865156e-06,-4.9132585762e-06,-7.37255065811e-06,-9.83597021286e-06,-1.23066396495e-05,-1.47895493012e-05,-1.72924302795e-05,-1.98267527872e-05,-2.24086424611e-05,-2.50593139089e-05,-2.78044419611e-05,-3.06718853249e-05,-3.36875654447e-05,-3.6870197026e-05,
8.0,3.39035533371e-20,-2.45760013428e-06,-4.91654319832e-06,-7.37854345045e-06,-9.84611379532e-06,-1.23230962815e-05,-1.4815319764e-05,-1.73313613921e-05,-1.98833077971e-05,-2.24872982514e-05,-2.51635116514e-05,-2.79351987352e-05,-3.08264657275e-05,-3.38588796184e-05,-3.70475583747e-05,
9.0,-1.83568678948e-20,-2.45953430072e-06,-4.92086568832e-06,-7.38620982746e-06,-9.85866203458e-06,-1.23427307732e-05,-1.4844945029e-05,-1.737448814e-05,-1.99437404099e-05,-2.25685314174e-05,-2.52678400343e-05,-2.80626876027e-05,-3.09741070317e-05,-3.4020363671e-05,-3.72139856371e-05,
10.0,5.14829279087e-20,-2.46200012438e-06,-4.9262861631e-06,-7.39559341754e-06,-9.87358331043e-06,-1.2365360864e-05,-1.48780172775e-05,-1.74211375478e-05,-2.00071576856e-05,-2.26514035341e-05,-2.53716197202e-05,-2.81868380182e-05,-3.11155681314e-05,-3.41735155348e-05,-3.73712752473e-05,
11.0,9.35345563008e-20,-2.46501729893e-06,-4.93282636577e-06,-7.40668302467e-06,-9.89078380239e-06,-1.23907542676e-05,-1.49141217118e-05,-1.74707079271e-05,-2.00728375402e-05,-2.27352274866e-05,-2.54744241818e-05,-2.83077083843e-05,-3.1251504226e-05,-3.43194919758e-05,-3.7520780887e-05,
12.0,1.00447038617e-19,-2.46858815692e-06,-4.94047516929e-06,-7.41942425868e-06,-9.91012691726e-06,-1.24186540302e-05,-1.49528597283e-05,-1.75226750172e-05,-2.01402012249e-05,-2.28194998316e-05,-2.55759899949e-05,-2.84254201097e-05,-3.13824759716e-05,-3.44592068469e-05,-3.76635521458e-05,
13.0,1.96923915403e-19,-2.47270058903e-06,-4.94919528593e-06,-7.43373105183e-06,-9.93144940127e-06,-1.2448796131e-05,-1.49938609654e-05,-1.75765885756e-05,-2.02087861904e-05,-2.29038507023e-05,-2.56761597245e-05,-2.85401223549e-05,-3.15089627798e-05,-3.45933961198e-05,-3.78004219727e-05,
14.0,-2.15712010758e-20,-2.47733129061e-06,-4.95893002526e-06,-7.44949591393e-06,-9.95457387997e-06,-1.24809210258e-05,-1.50367883946e-05,-1.76320648588e-05,-2.02782224678e-05,-2.29880074576e-05,-2.5774845228e-05,-2.86519730671e-05,-3.16313757888e-05,-3.47226622812e-05,-3.79320642309e-05,
15.0,6.90646010898e-20,-2.4824488912e-06,-4.96960942367e-06,-7.46659845239e-06,-9.97931815715e-06,-1.25147807762e-05,-1.50813393228e-05,-1.76887779013e-05,-2.03482132688e-05,-2.30717684965e-05,-2.5872003805e-05,-2.8761128849e-05,-3.17500691679e-05,-3.4847505486e-05,-3.80590329446e-05,
16.0,5.41217887485e-20,-2.48801671949e-06,-4.98115542792e-06,-7.48491209237e-06,-1.00055018213e-05,-1.25501431058e-05,-1.51272441538e-05,-1.77464510238e-05,-2.0418519519e-05,-2.31549844028e-05,-2.59676225186e-05,-2.88677397015e-05,-3.18653495498e-05,-3.4968345956e-05,-3.81817898748e-05,
17.0,2.95700740369e-20,-2.49399509868e-06,-4.99348605084e-06,-7.50430914832e-06,-1.00329507317e-05,-1.25867933895e-05,-1.51742640398e-05,-1.78048491858e-05,-2.04889477184e-05,-2.32375443243e-05,-2.60617077814e-05,-2.89719464906e-05,-3.19774837645e-05,-3.50855404365e-05,-3.83007243995e-05,
18.0,-1.71277298673e-20,-2.50034315933e-06,-5.00651855483e-06,-7.52466449083e-06,-1.00614998956e-05,-1.26245352935e-05,-1.5222188085e-05,-1.78637723791e-05,-2.05593404825e-05,-2.33193660855e-05,-2.61542783806e-05,-2.90738799437e-05,-3.20867051467e-05,-3.51993945234e-05,-3.84161681695e-05,
19.0,5.91490560849e-20,-2.50702020834e-06,-5.02017178541e-06,-7.54585807331e-06,-1.00909951573e-05,-1.26631905622e-05,-1.5270830475e-05,-1.79230500468e-05,-2.06295691929e-05,-2.34003889699e-05,-2.62453607816e-05,-2.91736605e-05,-3.21932186832e-05,-3.53101720582e-05,-3.85284061288e-05,
20.0,9.63308520063e-20,-2.51398671659e-06,-5.03436780079e-06,-7.56777656632e-06,-1.01212940336e-05,-1.27025982882e-05,-1.53200277245e-05,-1.79825364296e-05,-2.0699528283e-05,-2.34805684183e-05,-2.63349859568e-05,-2.9271398629e-05,-3.22972052297e-05,-3.5418102403e-05,-3.86376849468e-05,
21.0,4.51446728118e-21,-2.52120499454e-06,-5.0490329408e-06,-7.59031431408e-06,-1.01522659482e-05,-1.27426138882e-05,-1.53696361372e-05,-1.80421067073e-05,-2.07691307833e-05,-2.35598721124e-05,-2.64231872478e-05,-2.93671953931e-05,-3.23988249844e-05,-3.55233861555e-05,-3.87442195751e-05,
22.0,1.07927306605e-19,-2.52863962166e-06,-5.06409846391e-06,-7.6133737902e-06,-1.01837920563e-05,-1.27831079319e-05,-1.5419529511e-05,-1.81016538062e-05,-2.08383048346e-05,-2.36382770646e-05,-2.65099989333e-05,-2.94611431224e-05,-3.24982203688e-05,-3.56261996983e-05,-3.88481984178e-05,
23.0,1.51271749457e-20,-2.53625768794e-06,-5.07950086105e-06,-7.63686569347e-06,-1.02157648005e-05,-1.28239649174e-05,-1.54695970903e-05,-1.81610857555e-05,-2.09069909439e-05,-2.37157674424e-05,-2.65954552814e-05,-2.95533261282e-05,-3.25955184314e-05,-3.57266988647e-05,-3.89497874646e-05,
24.0,7.48828930377e-20,-2.54402889589e-06,-5.09518193458e-06,-7.66070879326e-06,-1.02480872987e-05,-1.28650820545e-05,-1.5519741753e-05,-1.82203234913e-05,-2.09751398117e-05,-2.37923329328e-05,-2.66795899367e-05,-2.96438214101e-05,-3.26908328686e-05,-3.58250219252e-05,-3.90491336322e-05,
25.0,-3.72315003821e-20,-2.55192556241e-06,-5.11108871207e-06,-7.68482960769e-06,-1.0280672638e-05,-1.29063680904e-05,-1.55698784109e-05,-1.82792990267e-05,-2.10427106001e-05,-2.38679675066e-05,-2.67624355376e-05,-2.97326993335e-05,-3.27842657333e-05,-3.59212920471e-05,-3.91463674983e-05,
26.0,-8.0536637958e-20,-2.55992255093e-06,-5.12717324857e-06,-7.70916197651e-06,-1.03134431245e-05,-1.29477422012e-05,-1.56199326015e-05,-1.83379539172e-05,-2.11096695426e-05,-2.39426684784e-05,-2.68440234932e-05,-2.98200242654e-05,-3.28759088898e-05,-3.60156193373e-05,-3.92416055589e-05,
27.0,6.66921098802e-20,-2.56799715752e-06,-5.14339235774e-06,-7.73364657416e-06,-1.03463295267e-05,-1.29891329581e-05,-1.56698392483e-05,-1.83962379701e-05,-2.11759888187e-05,-2.40164357872e-05,-2.69243838687e-05,-2.99058551607e-05,-3.29658452583e-05,-3.61081025553e-05,-3.93349521106e-05,
28.0,-3.33780228475e-20,-2.5761289684e-06,-5.15970730158e-06,-7.7582303956e-06,-1.03792703332e-05,-1.30304773746e-05,-1.57195415708e-05,-1.84541081504e-05,-2.12416456373e-05,-2.40892714438e-05,-2.70035453451e-05,-2.9990246101e-05,-3.3054149886e-05,-3.619883056e-05,-3.94265008326e-05,
29.0,-2.66508724655e-21,-2.58429970182e-06,-5.17608346063e-06,-7.7828662377e-06,-1.04122110431e-05,-1.3071720034e-05,-1.57689901233e-05,-1.85115276506e-05,-2.13066214832e-05,-2.41611791018e-05,-2.70815352274e-05,-3.00732467835e-05,-3.31408908727e-05,-3.62878835401e-05,-3.95163361264e-05,
30.0,1.22417225581e-19,-2.59249304358e-06,-5.19248999958e-06,-7.80751219178e-06,-1.04451034959e-05,-1.31128122958e-05,-1.58181419488e-05,-1.85684650944e-05,-2.13709014934e-05,-2.42321637237e-05,-2.71583794851e-05,-3.01549029639e-05,-3.32261301743e-05,-3.6375334067e-05,-3.96045342589e-05,
31.0,6.62455159179e-20,-2.60069448266e-06,-5.20889953905e-06,-7.83213115755e-06,-1.04779052483e-05,-1.31537115761e-05,-1.58669598314e-05,-1.86248938528e-05,-2.14344739374e-05,-2.43022313189e-05,-2.72341028124e-05,-3.02352568563e-05,-3.33099243026e-05,-3.64612480016e-05,-3.96911643415e-05,
32.0,4.25222034031e-20,-2.60889115145e-06,-5.22528784028e-06,-7.85669038467e-06,-1.05105789977e-05,-1.31943806976e-05,-1.59154116367e-05,-1.86807914533e-05,-2.14973297802e-05,-2.43713887359e-05,-2.7308728699e-05,-3.0314347493e-05,-3.33923249373e-05,-3.65456852777e-05,-3.97762891753e-05,
33.0,4.99111792425e-21,-2.61707167326e-06,-5.24163350727e-06,-7.88116104538e-06,-1.05430920543e-05,-1.32347873052e-05,-1.59634697289e-05,-1.87361390685e-05,-2.15594623137e-05,-2.44396434974e-05,-2.73822795074e-05,-3.03922110476e-05,-3.3473379462e-05,-3.66287005827e-05,-3.98599659829e-05,
34.0,8.6272932929e-20,-2.62522601905e-06,-5.25791770853e-06,-7.90551783966e-06,-1.05754158595e-05,-1.32749033394e-05,-1.60111104543e-05,-1.87909210702e-05,-2.16208668424e-05,-2.45070036676e-05,-2.74547765503e-05,-3.04688811244e-05,-3.35531314353e-05,-3.67103439514e-05,-3.99422470453e-05,
35.0,1.17515383068e-21,-2.63334537418e-06,-5.27412391984e-06,-7.9297386331e-06,-1.06075255486e-05,-1.33147045649e-05,-1.60583136848e-05,-1.8845124642e-05,-2.16815404156e-05,-2.4573477745e-05,-2.75262401679e-05,-3.05443890184e-05,-3.36316210056e-05,-3.67906612846e-05,-4.00231802571e-05,
36.0,1.39274463993e-19,-2.64142201544e-06,-5.2902376879e-06,-7.95380412637e-06,-1.06393995552e-05,-1.33541701485e-05,-1.61050624127e-05,-1.88987394387e-05,-2.17414815964e-05,-2.46390745752e-05,-2.75966898015e-05,-3.06187639475e-05,-3.37088852774e-05,-3.68696948045e-05,-4.01028096133e-05,
37.0,9.7854660498e-20,-2.64944919854e-06,-5.30624641462e-06,-7.97769755524e-06,-1.06710192548e-05,-1.33932822802e-05,-1.61513423924e-05,-1.8951757289e-05,-2.18006902626e-05,-2.47038032791e-05,-2.76661440634e-05,-3.069203326e-05,-3.37849586341e-05,-3.69474834548e-05,-4.01811756365e-05,
38.0,1.7122914738e-19,-2.65742105546e-06,-5.32213916107e-06,-8.00140441897e-06,-1.07023686433e-05,-1.3432025836e-05,-1.61971418215e-05,-1.90041719332e-05,-2.18591674344e-05,-2.47676731938e-05,-2.77346208024e-05,-3.07642226208e-05,-3.38598730242e-05,-3.70240632531e-05,-4.02583157525e-05,
39.0,-1.92198162654e-20,-2.66533250138e-06,-5.33790646992e-06,-8.02491223527e-06,-1.07334340492e-05,-1.34703880758e-05,-1.62424510587e-05,-1.90559787931e-05,-2.19169151242e-05,-2.48306938232e-05,-2.78021371644e-05,-3.08353561769e-05,-3.3933658215e-05,-3.70994676026e-05,-4.03342646218e-05,
40.0,1.16073195628e-20,-2.67317915047e-06,-5.35354020529e-06,-8.04821031987e-06,-1.07642038748e-05,-1.35083583742e-05,-1.6287262373e-05,-1.91071747684e-05,-2.1973936206e-05,-2.48928747971e-05,-2.7868709648e-05,-3.0905456706e-05,-3.40063420171e-05,-3.71737275664e-05,-4.04090544322e-05,
41.0,1.85302571198e-19,-2.68095724004e-06,-5.36903340838e-06,-8.07128958831e-06,-1.07946683647e-05,-1.35459279797e-05,-1.63315697212e-05,-1.91577580581e-05,-2.20302343003e-05,-2.49542258362e-05,-2.79343541555e-05,-3.0974545749e-05,-3.40779504837e-05,-3.72468721117e-05,-4.04827151579e-05,
42.0,8.68571822043e-20,-2.68866356217e-06,-5.38438016791e-06,-8.09414237838e-06,-1.08248193988e-05,-1.35830898015e-05,-1.63753685502e-05,-1.92077280012e-05,-2.20858136747e-05,-2.50147567231e-05,-2.79990860398e-05,-3.10426437279e-05,-3.41485080882e-05,-3.73189283252e-05,-4.0555274788e-05,
43.0,3.0608752822e-21,-2.69629540248e-06,-5.39957550378e-06,-8.11676229098e-06,-1.08546503074e-05,-1.36198382174e-05,-1.64186556213e-05,-1.9257084937e-05,-2.21406791549e-05,-2.50744772772e-05,-2.80629201464e-05,-3.11097700519e-05,-3.42180378812e-05,-3.73899216046e-05,-4.06267595308e-05,
44.0,-1.32822259695e-19,-2.70385048508e-06,-5.41461526294e-06,-8.13914404779e-06,-1.0884155706e-05,-1.36561689049e-05,-1.64614288547e-05,-1.9305830081e-05,-2.21948360481e-05,-2.51333973337e-05,-2.81258708517e-05,-3.11759432114e-05,-3.42865616309e-05,-3.74598758286e-05,-4.06971939932e-05,
45.0,5.41564406233e-20,-2.71132692339e-06,-5.42949602619e-06,-8.16128336412e-06,-1.09133313475e-05,-1.36920786889e-05,-1.65036871903e-05,-1.93539654154e-05,-2.22482900744e-05,-2.51915267254e-05,-2.81879520982e-05,-3.12411808627e-05,-3.43540999476e-05,-3.75288135079e-05,-4.07666013415e-05,
46.0,1.98311092062e-20,-2.71872317614e-06,-5.44421502484e-06,-8.18317683531e-06,-1.09421739913e-05,-1.37275654074e-05,-1.65454304651e-05,-1.94014935912e-05,-2.23010473067e-05,-2.52488752671e-05,-2.82491774253e-05,-3.13054999028e-05,-3.44206723947e-05,-3.75967559194e-05,-4.08350034434e-05,
47.0,-6.45806164144e-20,-2.726038008e-06,-5.45877006641e-06,-8.20482183542e-06,-1.09706812858e-05,-1.37626277911e-05,-1.6586659304e-05,-1.94484178427e-05,-2.2353114118e-05,-2.53054527425e-05,-2.83095599984e-05,-3.13689165371e-05,-3.44862975878e-05,-3.7663723226e-05,-4.09024209951e-05,
48.0,4.97918979418e-20,-2.73327045451e-06,-5.47315946817e-06,-8.22621642682e-06,-1.09988516642e-05,-1.37972653571e-05,-1.6627375022e-05,-1.94947419104e-05,-2.24044971345e-05,-2.53612688928e-05,-2.83691126339e-05,-3.14314463393e-05,-3.45509932827e-05,-3.77297345828e-05,-4.09688736334e-05,
49.0,-5.01063480927e-21,-2.74041979074e-06,-5.48738199797e-06,-8.24735927968e-06,-1.10266842512e-05,-1.38314783135e-05,-1.66675795387e-05,-1.95404699741e-05,-2.24552031943e-05,-2.54163334067e-05,-2.84278478225e-05,-3.14931043054e-05,-3.4614776454e-05,-3.77948082317e-05,-4.10343800368e-05,
