Coordinates:
0.0,0.714285714286,1.42857142857,2.14285714286,2.85714285714,3.57142857143,4.28571428571,5.0,5.71428571429,6.42857142857,7.14285714286,7.85714285714,8.57142857143,9.28571428571,10.0,
Volumes:
0.357142857143,0.714285714286,0.714285714286,0.714285714286,0.714285714286,0.714285714286,0.714285714286,0.714285714286,0.714285714286,0.714285714286,0.714285714286,0.714285714286,0.714285714286,0.714285714286,0.357142857143,

 Time(s), Error (-) on vertices
63.0976656677,0.0,236675.092582,53867.4037031,12425.8440212,2947.60670356,740.164297312,205.29664562,64.7500817776,22.8732332922,8.68982390829,3.43703164926,1.39072610988,0.570869033663,0.236724444625,0.0989314757955,0.0416059097206,0.0175891075951,0.00746888636984,0.0031836298676,0.00136153651373,0.000583984351978,0.00025112719716,0.000108239581514,4.67493848183e-05,2.02290561181e-05,8.7682034769e-06,3.80641053999e-06,1.65476677852e-06,7.20296468968e-07,
126.195331335,1.0,0.33862936823,0.120779176513,0.0449179425507,0.0172500939082,0.00678724411938,0.0027201154913,0.00110572194242,0.000454524837538,0.000188524939705,7.87721452683e-05,3.31157233029e-05,1.39939528965e-05,5.93972309504e-06,2.53076456665e-06,1.08189758693e-06,4.63869722012e-07,
189.292997003,1.0,0.298108386377,0.092884203202,0.0302032624926,0.0102096245728,0.0035691451793,0.00128352982727,0.000472554562451,0.00017740164142,6.76885035886e-05,2.61820347062e-05,1.02454805744e-05,4.04938498682e-06,1.61435056192e-06,6.48467870617e-07,
252.390662671,1.0,0.162025506677,0.0324476829808,0.00753219575471,0.00192978471122,0.000529555722296,0.000152815412796,4.58290662816e-05,1.41689329389e-05,4.49019938727e-06,1.45240584558e-06,4.77976478906e-07,
315.488328339,1.0,0.0657589097558,0.00830522658784,0.00143925351961,0.000291963813073,6.50197698156e-05,1.54529505045e-05,3.85763300222e-06,1.00107198443e-06,2.68084474123e-07,
378.585994006,1.0,0.15046293935,0.028017521744,0.00561866612096,0.00117390140165,0.000252083148678,5.52908765674e-05,1.23430289784e-05,2.79658180673e-06,6.41376654204e-07,
441.683659674,1.0,0.0993506191118,0.0125273382343,0.00171114457147,0.000244623491558,3.62202663492e-05,5.5357990516e-06,8.73274047629e-07,
504.781325342,1.0,0.0513305094576,0.00391513187764,0.000404592146553,5.64665169953e-05,9.58318567385e-06,1.82000217551e-06,3.71623684617e-07,
567.87899101,1.0,0.0520320380497,0.0051893770041,0.000680957081473,0.000105824068281,1.85031832756e-05,3.53223041816e-06,7.22103246992e-07,
630.976656677,1.0,0.0353140836016,0.00256429429684,0.000287826563679,4.01491798472e-05,6.39940406767e-06,1.12060016746e-06,2.1130398452e-07,
694.074322345,1.0,0.0532567863788,0.00365034320385,0.000281211979644,2.4886874e-05,2.67255305133e-06,3.6461743838e-07,
757.171988013,1.0,0.0861325280954,0.00868867953038,0.00093330616817,0.00010473524191,1.21531763706e-05,1.44387624852e-06,1.74260103212e-07,
820.269653681,1.0,0.0718834877801,0.00612532774388,0.000559391178765,5.3745977289e-05,5.35055620423e-06,5.45695086084e-07,
883.367319348,1.0,0.0573691904012,0.0039886238722,0.000301654056018,2.42826343213e-05,2.04755136661e-06,1.83001767028e-07,
946.464985016,1.0,0.04303244915,0.00234025643618,0.000144791208022,1.0002419066e-05,8.33111603112e-07,
1009.56265068,1.0,0.0299693271674,0.00128704438091,7.64435483343e-05,6.38925613114e-06,7.13581831386e-07,
1072.66031635,1.0,0.0216893231016,0.00102843864413,7.72190438959e-05,7.69936074398e-06,8.86071601433e-07,
1135.75798202,1.0,0.024485388673,0.000955390646657,5.51950864363e-05,4.75791594198e-06,5.09321033775e-07,
1198.85564769,1.0,0.0308452396865,0.00127171825104,6.23203391172e-05,3.73613963931e-06,3.0872536895e-07,
1261.95331335,1.0,0.0389971705145,0.00188753806456,0.000101721184895,5.74615385202e-06,3.45260630537e-07,
1325.05097902,1.0,0.0356255055637,0.00160202518429,8.02043217149e-05,4.23602736797e-06,2.46298036966e-07,
1388.14864469,1.0,0.0322363790981,0.00134138921958,6.19287518884e-05,3.08062483684e-06,1.80960023021e-07,
1451.24631036,1.0,0.0288646896962,0.00110730243464,4.68362744747e-05,2.24384207496e-06,1.42157675569e-07,
1514.34397603,1.0,0.0255567703045,0.000901467512687,3.49426764455e-05,1.68954406515e-06,1.21697967891e-07,
1577.44164169,1.0,0.0223793023869,0.000725980620431,2.63871468946e-05,1.37414447158e-06,1.11665001049e-07,
1640.53930736,1.0,0.0194342827384,0.000583899079539,2.13512161473e-05,1.2390864816e-06,1.06724865374e-07,
1703.63697303,1.0,0.016881611043,0.000479833821123,1.9602696125e-05,1.2221672269e-06,1.04576461765e-07,
1766.7346387,1.0,0.0149609677615,0.000419398118837,2.01336061545e-05,1.27960983459e-06,1.04915688053e-07,
1829.83230436,1.0,0.0158044095659,0.000411667328319,1.67501243082e-05,9.83153626307e-07,
1892.92997003,1.0,0.0171399288267,0.000438534007082,1.48915232813e-05,7.64432772739e-07,
1956.0276357,1.0,0.0188504747087,0.000496126595009,1.48977405441e-05,6.25920949513e-07,
2019.12530137,1.0,0.0208338232686,0.000578643185663,1.68678793379e-05,5.85924981906e-07,
2082.22296704,1.0,0.0230114714869,0.000681289526295,2.05594926952e-05,6.59670540407e-07,
2145.3206327,1.0,0.0223484197071,0.000637401496788,1.85474038079e-05,5.77477987493e-07,
2208.41829837,1.0,0.0216701247385,0.000593812592633,1.66544958053e-05,5.05362976892e-07,
2271.51596404,1.0,0.0209765661574,0.000550692559421,1.48837191781e-05,4.42745969776e-07,
2334.61362971,1.0,0.0202678948642,0.000508217233489,1.32375098401e-05,3.89040387387e-07,
2397.71129537,1.0,0.0195444610103,0.000466568797928,1.17176830822e-05,3.43621238622e-07,
2460.80896104,1.0,0.018806841768,0.000425937010147,1.03253692984e-05,3.05795607544e-07,
2523.90662671,1.0,0.0180558709888,0.000386521704409,9.06098208135e-06,2.74780972774e-07,
2587.00429238,1.0,0.0172926734037,0.000348537070485,7.92421517195e-06,2.49701874e-07,
2650.10195805,1.0,0.0165187067643,0.000312218417427,6.91405917402e-06,2.29614138688e-07,
2713.19962371,1.0,0.0157358162939,0.0002778324033,6.02883039683e-06,2.13552505988e-07,
2776.29728938,1.0,0.0149463071346,0.000245691817522,5.26619963515e-06,2.00597250187e-07,
2839.39495505,1.0,0.0141530422426,0.000216175504719,4.62320341981e-06,1.89934096695e-07,
2902.49262072,1.0,0.0133595754382,0.000189751407622,4.09620997835e-06,1.80897448471e-07,
2965.59028638,1.0,0.0125703320425,0.000166992902816,3.68082780863e-06,1.72986361643e-07,
3028.68795205,1.0,0.0117908522341,0.000148561353234,3.37177075659e-06,1.65863065441e-07,
3091.78561772,1.0,0.0110281134735,0.00013510535841,3.16275270793e-06,1.59337228678e-07,
3154.88328339,1.0,0.0102909444348,0.000127038015952,3.0465403605e-06,1.53347572364e-07,
3217.98094906,1.0,0.00959052582553,0.000124264175212,3.0152418701e-06,1.47944266464e-07,
3281.07861472,1.0,0.00894092784965,0.000126077362968,3.06076873322e-06,1.43273834247e-07,
3344.17628039,1.0,0.00835953646388,0.000131363402238,3.17527800876e-06,1.39566510216e-07,
3407.27394606,1.0,0.00786705276207,0.000138950480578,3.35142673548e-06,1.37118856161e-07,
3470.37161173,1.0,0.00748655013373,0.000147859969695,3.58241436966e-06,1.36270832401e-07,
3533.46927739,1.0,0.00724103643607,0.000157390131312,3.86191149489e-06,1.37368732205e-07,
3596.56694306,1.0,0.00700611501749,0.000144140801011,3.43137601095e-06,1.190278912e-07,
3659.66460873,1.0,0.00685710552167,0.000131930558523,3.04357816217e-06,1.03006756285e-07,
3722.7622744,1.0,0.00679646705167,0.000120790896773,2.69477694456e-06,8.90264699504e-08,
3785.85994006,1.0,0.00682355412289,0.000110796135772,2.38172444792e-06,7.68409183658e-08,
3848.95760573,1.0,0.00693455967081,0.000102072953192,2.10175592841e-06,6.62332502776e-08,
3912.0552714,1.0,0.00712302261527,9.480606185e-05,1.85296038349e-06,5.70128823186e-08,
3975.15293707,1.0,0.00738071856416,8.9232560309e-05,1.63446569323e-06,4.90140039871e-08,
4038.25060274,1.0,0.00769864554531,8.56149799138e-05,1.44685810054e-06,4.20951284046e-08,
4101.3482684,1.0,0.00806786145646,8.41879907938e-05,1.29269806557e-06,3.61407276929e-08,
4164.44593407,1.0,0.00848005620492,8.50917727698e-05,1.17689098386e-06,3.10666123683e-08,
4227.54359974,1.0,0.00892785764672,8.83258680545e-05,1.10629986905e-06,2.68299634627e-08,
4290.64126541,1.0,0.00940493269619,9.37531981067e-05,1.08782494521e-06,2.34435030856e-08,
4353.73893107,1.0,0.00990595827374,0.000101149266936,1.12526949392e-06,2.09903579702e-08,
4416.83659674,1.0,0.0104265239467,0.000110263227325,1.21739042659e-06,1.96189211331e-08,
4479.93426241,1.0,0.0109630081856,0.000120862356331,1.359066495e-06,1.94888542407e-08,
4543.03192808,1.0,0.0115124527605,0.000132752795379,1.54415414576e-06,2.06752467661e-08,
4606.12959375,1.0,0.0112279317443,0.000126418428097,1.43779868569e-06,1.8850094566e-08,
4669.22725941,1.0,0.0109417774561,0.00012024775082,1.33803354615e-06,1.72083077734e-08,
4732.32492508,1.0,0.0106541448981,0.000114244364385,1.24481501714e-06,1.57429760148e-08,
4795.42259075,1.0,0.0103651780176,0.000108411736343,1.15810135994e-06,1.44500691507e-08,
4858.52025642,1.0,0.0100750105281,0.000102753232715,1.07785110225e-06,1.33238036595e-08,
4921.61792208,1.0,0.0097837667106,9.72721510249e-05,1.00402096888e-06,1.23594093636e-08,
4984.71558775,1.0,0.00949156220857,9.19717467072e-05,9.36557913587e-07,
5047.81325342,1.0,0.00962376586135,9.41482236934e-05,9.57187922405e-07,
5110.91091909,1.0,0.00954394132145,9.26060429982e-05,9.3447622855e-07,
5174.00858476,1.0,0.00946424360422,9.10772767369e-05,9.12201023499e-07,
5237.10625042,1.0,0.00938467800331,8.95620711453e-05,8.90343279007e-07,
5300.20391609,1.0,0.00930524849623,8.80605516187e-05,8.68886789487e-07,
5363.30158176,1.0,0.00922595789747,8.65728225906e-05,8.47818173923e-07,
5426.39924743,1.0,0.00914680798962,8.50989721249e-05,8.27127643675e-07,
5489.49691309,1.0,0.0090677996555,8.36390706313e-05,8.06805130247e-07,
5552.59457876,1.0,0.00898893297939,8.21931714501e-05,7.86843371996e-07,
5615.69224443,1.0,0.00891020735987,8.07613152428e-05,7.67236649496e-07,
5678.7899101,1.0,0.00883162159747,7.93435240265e-05,7.4797723962e-07,
5741.88757576,1.0,0.00875317398084,7.79398122365e-05,7.29060540024e-07,
5804.98524143,1.0,0.00867486236296,7.65501812385e-05,7.10481843796e-07,
5868.0829071,1.0,0.00859668422809,7.51746233511e-05,6.9223866536e-07,
5931.18057277,1.0,0.00851863675248,7.38131195175e-05,6.74325214421e-07,
5994.27823844,1.0,0.00844071686416,7.24656458037e-05,6.56738233033e-07,
6057.3759041,1.0,0.00836292128207,7.11321678234e-05,6.39474185178e-07,
6120.47356977,1.0,0.0082852465698,6.98126487408e-05,6.22530381268e-07,
6183.57123544,1.0,0.00820768916649,6.85070439345e-05,6.05902210357e-07,
6246.66890111,1.0,0.00813024542227,6.72153056752e-05,5.89588041941e-07,
6309.76656677,1.0,0.00805291163257,6.59373835547e-05,5.73584669439e-07,
6372.86423244,1.0,0.00797568405594,6.46732186079e-05,5.57887430638e-07,
6435.96189811,1.0,0.00789855894613,6.34227571475e-05,5.42495418923e-07,
6499.05956378,1.0,0.00782153256318,6.21859374169e-05,5.27402423695e-07,
6562.15722945,1.0,0.00774460119607,6.09626978893e-05,5.12608421388e-07,
6625.25489511,1.0,0.00766776117203,5.97529764335e-05,4.98108297235e-07,
6688.35256078,1.0,0.00759100888025,5.85567118833e-05,4.83900646415e-07,
6751.45022645,1.0,0.0075143407669,5.7373839105e-05,4.69981531977e-07,
6814.54789212,1.0,0.0074377533532,5.6204294916e-05,4.56347765588e-07,
6877.64555778,1.0,0.00736124324172,5.5048014447e-05,4.42996552647e-07,
6940.74322345,1.0,0.00728480712028,5.39049343931e-05,4.29923561967e-07,
7003.84088912,1.0,0.00720844176869,5.27749946575e-05,4.17128530054e-07,
7066.93855479,1.0,0.00713214405969,5.16581313973e-05,4.04605181773e-07,
7130.03622046,1.0,0.00705591096003,5.0554281742e-05,3.92351314592e-07,
7193.13388612,1.0,0.00697973954183,4.9463389243e-05,3.80365352356e-07,
7256.23155179,1.0,0.00690362696871,4.83853930823e-05,3.68642113451e-07,
7319.32921746,1.0,0.00682757050909,4.73202353674e-05,3.57179827195e-07,
7382.42688313,1.0,0.00675156753052,4.62678592957e-05,3.45974981324e-07,
7445.52454879,1.0,0.0066756154977,4.522821325e-05,3.35024945373e-07,
7508.62221446,1.0,0.00659971197129,4.42012379966e-05,3.24324870412e-07,
7571.71988013,1.0,0.00652385461437,4.31868841332e-05,3.1387345752e-07,
7634.8175458,1.0,0.00644804117765,4.21851004918e-05,3.03667020323e-07,
7697.91521147,1.0,0.00637226951093,4.11958381211e-05,2.93703369659e-07,
7761.01287713,1.0,0.0062965375517,4.02190487985e-05,2.83978154408e-07,
7824.1105428,1.0,0.0062208433256,3.92546863893e-05,2.74488556943e-07,
7887.20820847,1.0,0.00614518494215,3.83027026296e-05,2.65230293449e-07,
7950.30587414,1.0,0.00606956060221,3.73630607094e-05,2.5620395048e-07,
8013.4035398,1.0,0.00599396857812,3.6435713412e-05,2.47404364859e-07,
8076.50120547,1.0,0.00591840722584,3.55206207622e-05,2.38827964661e-07,
8139.59887114,1.0,0.00584287497793,3.46177450511e-05,2.30471496474e-07,
8202.69653681,1.0,0.00576737033496,3.37270467389e-05,2.22332091605e-07,
8265.79420247,1.0,0.00569189187119,3.28484912997e-05,2.14408911131e-07,
8328.89186814,1.0,0.00561643822987,3.19820423039e-05,2.06695664446e-07,
8391.98953381,1.0,0.00554100811556,3.11276669334e-05,1.99193660231e-07,
8455.08719948,1.0,0.00546560030109,3.02853320305e-05,1.91894679301e-07,
8518.18486515,1.0,0.0053902136097,2.9455006829e-05,1.84800489882e-07,
8581.28253081,1.0,0.00531484693339,2.86366621948e-05,1.77905970993e-07,
8644.38019648,1.0,0.00523949921092,2.78302659534e-05,1.71207159595e-07,
8707.47786215,1.0,0.00516416943907,2.70357951118e-05,1.64703203442e-07,
8770.57552782,1.0,0.00508885666093,2.6253221564e-05,1.58390345115e-07,
8833.67319348,1.0,0.00501355996989,2.54825181273e-05,1.52266054745e-07,
8896.77085915,1.0,0.00493827850759,2.47236651384e-05,1.46327531386e-07,
8959.86852482,1.0,0.00486301145308,2.39766332389e-05,1.40570028731e-07,
9022.96619049,1.0,0.00478775803392,2.32414061915e-05,1.34994503901e-07,
9086.06385616,1.0,0.00471251751725,2.25179588638e-05,1.29594692819e-07,
9149.16152182,1.0,0.00463728920322,2.18062732994e-05,1.24368815958e-07,
9212.25918749,1.0,0.00456207242977,2.11063272452e-05,1.19313976001e-07,
9275.35685316,1.0,0.00448686657623,2.0418106217e-05,1.14428434402e-07,
9338.45451883,1.0,0.00441167104602,1.97415899519e-05,1.0970712579e-07,
9401.55218449,1.0,0.00433648527721,1.90767626395e-05,1.05149917815e-07,
9464.64985016,1.0,0.00426130874089,1.84236093309e-05,1.00751536727e-07,
9527.74751583,1.0,0.00418614093123,1.77821133687e-05,9.65102589354e-08,
9590.8451815,1.0,0.00411098137425,1.71522638834e-05,9.24224302648e-08,
9653.94284717,1.0,0.00403582961522,1.65340464201e-05,8.84888594819e-08,
9717.04051283,1.0,0.00396068523148,1.59274470932e-05,8.47015650378e-08,
9780.1381785,1.0,0.00388554781725,1.5332453362e-05,8.1058761919e-08,
9843.23584417,1.0,0.00381041699081,1.4749057847e-05,7.75603066663e-08,
9906.33350984,1.0,0.00373529239397,1.41772499663e-05,7.42018463341e-08,
9969.4311755,1.0,0.00366017368156,1.36170140217e-05,7.09782196817e-08,
10032.5288412,1.0,0.00358506053596,1.30683495848e-05,6.78897692757e-08,
10095.6265068,1.0,0.00350995265292,1.25312469856e-05,6.49319154061e-08,
10158.7241725,1.0,0.00343484974087,1.20056985344e-05,6.21023991755e-08,
10221.8218382,1.0,0.00335975153361,1.149169791e-05,5.93967450313e-08,
10284.9195038,1.0,0.00328465777194,1.09892383568e-05,5.68138932111e-08,
10348.0171695,1.0,0.0032095682185,1.04983189906e-05,5.43477298536e-08,
10411.1148352,1.0,0.00313448264334,1.0018933155e-05,5.19971211295e-08,
10474.2125008,1.0,0.00305940083112,9.551080533e-06,4.97583158623e-08,
10537.3101665,1.0,0.00298432258394,9.09475962151e-06,4.76282411852e-08,
10600.4078322,1.0,0.00290924771087,8.6499701371e-06,4.56024017802e-08,
10663.5054978,1.0,0.00283417603637,8.21671456667e-06,4.36780696993e-08,
10726.6031635,1.0,0.00275910738631,7.79499103111e-06,4.18522348587e-08,
10789.7008292,1.0,0.00268404161261,7.3848088804e-06,4.01197946536e-08,
10852.7984949,1.0,0.00260897856558,6.98616986046e-06,3.8478089854e-08,
10915.8961605,1.0,0.00253391810928,6.59908241575e-06,3.69227590307e-08,
10978.9938262,1.0,0.00245886011742,6.22355787803e-06,3.54505501667e-08,
11042.0914919,1.0,0.00238380447285,5.85960745881e-06,3.40577035462e-08,
11105.1891575,1.0,0.00230875106811,5.50724405692e-06,3.27395937385e-08,
11168.2868232,1.0,0.0022336998008,5.16648658337e-06,3.14926242762e-08,
11231.3844889,1.0,0.00215865058669,4.83735774776e-06,3.03132820898e-08,
11294.4821545,1.0,0.00208360334098,4.51987987097e-06,2.9197759883e-08,
11357.5798202,1.0,0.00200855799498,4.21408714628e-06,2.81415979072e-08,
11420.6774859,1.0,0.00193351448482,3.92001234056e-06,2.71413892257e-08,
11483.7751515,1.0,0.00185847276437,3.63770131148e-06,2.61938338189e-08,
11546.8728172,1.0,0.00178343278938,3.36720473858e-06,2.52943715459e-08,
11609.9704829,1.0,0.00170839453575,3.10858048973e-06,2.44408731204e-08,
11673.0681485,1.0,0.00163335798972,2.86190281466e-06,2.36286667013e-08,
11736.1658142,1.0,0.00155832315181,2.62725506532e-06,2.28559282044e-08,
11799.2634799,1.0,0.00148329004773,2.4047359967e-06,2.21186409465e-08,
11862.3611455,1.0,0.00140825871975,2.19446768516e-06,2.14147765392e-08,
11925.4588112,1.0,0.00133322924079,1.99658404139e-06,2.07417847033e-08,
11988.5564769,1.0,0.00125820171725,1.81124802748e-06,2.00958590105e-08,
12051.6541425,1.0,0.00118317629623,1.63864118805e-06,1.94765228104e-08,
12114.7518082,1.0,0.00110815319254,1.47897190534e-06,1.88806602977e-08,
12177.8494739,1.0,0.00103313268867,1.33246168793e-06,1.83073159518e-08,
12240.9471395,1.0,0.000958115179539,1.19933209322e-06,1.77541970451e-08,
12304.0448052,1.0,0.00088310121249,1.07978673936e-06,1.72198287364e-08,
12367.1424709,1.0,0.000808091554328,9.73951758726e-07,
12430.2401365,1.0,0.000733087304128,8.81826488498e-07,
12493.3378022,1.0,0.000658090077958,8.03180383088e-07,
12556.4354679,1.0,0.000583102353077,7.37458089094e-07,
12619.5331335,1.0,0.000508128071986,6.83699208497e-07,
12682.6307992,1.0,0.000433173959398,6.40517918461e-07,
12745.7284649,1.0,0.000358252356919,6.06155291789e-07,
12808.8261306,1.0,0.000283388710195,5.78636826003e-07,
12871.9237962,1.0,0.000208644970475,5.5598024954e-07,
12935.0214619,1.0,0.000134220989364,5.36407777678e-07,
12998.1191276,1.0,6.12915926311e-05,5.18525009503e-07,
13061.2167932,1.0,2.75089335019e-05,5.0147790057e-07,
13124.3144589,1.0,9.49494365578e-05,4.85067613271e-07,
13187.4121246,1.0,0.000168915677865,4.69883589254e-07,
13250.5097902,1.0,0.000243532281586,4.57419035933e-07,
13313.6074559,1.0,0.000318342113197,4.50149461829e-07,
13376.7051216,1.0,0.000393234800879,4.5141742684e-07,
13439.8027872,1.0,0.000355731548039,4.2581963599e-07,
13502.9004529,1.0,0.00031823302062,4.02719425746e-07,
13565.9981186,1.0,0.00028074083669,3.81885527676e-07,
13629.0957842,1.0,0.000243257646541,3.63068269257e-07,
13692.1934499,1.0,0.000205788038583,3.46000531145e-07,
13755.2911156,1.0,0.000168340726162,3.3041245869e-07,
13818.3887812,1.0,0.000130934416608,3.1604061335e-07,
13881.4864469,1.0,9.36177125234e-05,3.02642314479e-07,
13944.5841126,1.0,5.65673810294e-05,2.90011408616e-07,
14007.6817782,1.0,2.122521363e-05,2.77988667083e-07,
14070.7794439,1.0,2.27181953842e-05,2.66477318579e-07,
14133.8771096,1.0,5.82804649296e-05,2.55462280664e-07,
14196.9747752,1.0,9.53515959727e-05,2.45025846919e-07,
14260.0724409,1.0,0.000132672508771,2.35370461841e-07,
14323.1701066,1.0,0.000170078666902,2.26836105194e-07,
14386.2677722,1.0,0.000207523843576,2.19915733622e-07,
14449.3654379,1.0,0.000244990037943,2.15252833195e-07,
14512.4631036,1.0,0.000282468803179,2.13605135295e-07,
14575.5607692,1.0,0.00031995564457,2.15754724951e-07,
14638.6584349,1.0,0.000301198869324,2.04139411477e-07,
14701.7561006,1.0,0.000282442497537,1.93315499702e-07,
14764.8537663,1.0,0.000263686568254,1.83256512256e-07,
14827.9514319,1.0,0.000244931131273,1.73933720605e-07,
14891.0490976,1.0,0.000226176267473,1.65315966795e-07,
14954.1467633,1.0,0.000207422071234,1.57361605299e-07,
15017.2444289,1.0,0.000188668704464,1.50031624301e-07,
15080.3420946,1.0,0.0001699163822,1.43275568556e-07,
15143.4397603,1.0,0.000151165445231,1.37045028669e-07,
15206.5374259,1.0,0.000132416420099,1.31286080418e-07,
15269.6350916,1.0,0.000113670200129,1.25943197951e-07,
15332.7327573,1.0,9.49283779763e-05,1.20962745415e-07,
15395.8304229,1.0,7.61941191774e-05,1.16292134695e-07,
15458.9280886,1.0,5.74747339859e-05,1.11882348897e-07,
15522.0257543,1.0,3.87916254348e-05,1.07690528897e-07,
15585.1234199,1.0,2.02452665012e-05,1.03681178082e-07,
15648.2210856,1.0,4.31025630989e-06,9.98293096253e-08,
15711.3187513,1.0,1.81907927699e-05,9.61222507299e-08,
15774.4164169,1.0,3.66993692803e-05,9.25608276242e-08,
15837.5140826,1.0,5.53749791795e-05,8.91652943337e-08,
15900.6117483,1.0,7.40913826168e-05,8.59773821129e-08,
15963.7094139,1.0,9.28238764148e-05,8.3061483119e-08,
16026.8070796,1.0,0.000111564332431,8.05110533824e-08,
16089.9047453,1.0,0.000130309299309,7.8448425874e-08,
16153.0024109,1.0,0.000149057062723,7.70166228298e-08,
16216.1000766,1.0,0.000167806670945,7.63804084297e-08,
16279.1977423,1.0,0.000186557560269,7.67127091293e-08,
16342.2954079,1.0,0.000177179335882,7.27936903214e-08,
16405.3930736,1.0,0.000167801183504,6.90959840117e-08,
16468.4907393,1.0,0.000158423114105,6.56100467239e-08,
16531.5884049,1.0,0.000149045118391,6.233358661e-08,
16594.6860706,1.0,0.000139667213963,5.92554820667e-08,
16657.7837363,1.0,0.000130289398627,5.63722296573e-08,
16720.881402,1.0,0.000120911690284,5.36733803271e-08,
16783.9790676,1.0,0.000111534098394,5.1151853824e-08,
16847.0767333,1.0,0.000102156645622,4.87963114901e-08,
16910.174399,1.0,9.27793593031e-05,4.6598359413e-08,
16973.2720646,1.0,8.34022914242e-05,4.45438623392e-08,
17036.3697303,1.0,7.40255085692e-05,4.26220787016e-08,
17099.467396,1.0,6.46491128294e-05,4.08234463636e-08,
17162.5650616,1.0,5.5273300369e-05,3.91347348908e-08,
17225.6627273,1.0,4.58984112827e-05,3.75401085997e-08,
17288.760393,1.0,3.652512487e-05,3.60331218717e-08,
17351.8580586,1.0,2.7155085055e-05,3.46035670613e-08,
17414.9557243,1.0,1.77934002081e-05,3.32382165902e-08,
17478.05339,1.0,8.46772765694e-06,3.19317453172e-08,
17541.1510556,1.0,1.64009666696e-06,3.06769433873e-08,
17604.2487213,1.0,1.04674011657e-05,2.94708063832e-08,
17667.346387,1.0,1.98073541804e-05,2.83170596142e-08,
17730.4440526,1.0,2.91716227998e-05,2.72143650597e-08,
17793.5417183,1.0,3.8542478269e-05,2.61760660557e-08,
17856.639384,1.0,4.79160444922e-05,2.52122963471e-08,
17919.7370496,1.0,5.72909892696e-05,2.43419807295e-08,
17982.8347153,1.0,6.66667227139e-05,2.35956206163e-08,
18045.932381,1.0,7.60429541736e-05,2.3001035259e-08,
18109.0300466,1.0,8.54195097455e-05,2.25992028121e-08,
18172.1277123,1.0,9.47962984466e-05,2.24282237461e-08,
18235.225378,1.0,0.000104173249786,2.25259648262e-08,
18298.3230436,1.0,9.94843552474e-05,2.14120793942e-08,
18361.4207093,1.0,9.4795469681e-05,2.03522061865e-08,
18424.518375,1.0,9.01065894315e-05,1.93495764432e-08,
18487.6160406,1.0,8.54177257508e-05,1.84006241479e-08,
18550.7137063,1.0,8.07288732704e-05,1.75063475749e-08,
18613.811372,1.0,7.60400273099e-05,1.6662009412e-08,
18676.9090377,1.0,7.13511871778e-05,1.5867903833e-08,
18740.0067033,1.0,6.66623688832e-05,1.51223490649e-08,
18803.104369,1.0,6.19735576113e-05,1.44201636634e-08,
18866.2020347,1.0,5.72847702906e-05,1.37691698612e-08,
18929.2997003,1.0,5.25959942684e-05,1.3154081852e-08,
18992.397366,1.0,4.79072396185e-05,1.25793586848e-08,
19055.4950317,1.0,4.32185192107e-05,1.20419581325e-08,
19118.5926973,1.0,3.85298308311e-05,1.1536684562e-08,
19181.690363,1.0,3.38411885108e-05,1.10633168253e-08,
19244.7880287,1.0,2.91526273723e-05,1.06176931549e-08,
19307.8856943,1.0,2.44641770382e-05,1.0196667845e-08,
19370.98336,1.0,1.97759178248e-05,9.79808278692e-09,
19434.0810257,1.0,1.50880272339e-05,9.41815048325e-09,
19497.1786913,1.0,1.04009942107e-05,9.0562675047e-09,
19560.276357,1.0,5.71694726534e-06,8.7093497994e-09,
19623.3740227,1.0,1.07551607836e-06,8.37853142925e-09,
19686.4716883,1.0,3.68786702661e-06,8.05832087397e-09,
19749.569354,1.0,8.36746121238e-06,7.74982560831e-09,
19812.6670197,1.0,1.30536929339e-05,7.4546463755e-09,
19875.7646853,1.0,1.77412924635e-05,7.17532423241e-09,
19938.862351,1.0,2.24294107532e-05,6.91212568042e-09,
20001.9600167,1.0,2.71177690356e-05,6.6713435447e-09,
20065.0576823,1.0,3.18062732617e-05,6.4572944192e-09,
20128.155348,1.0,3.64948571879e-05,6.27622086932e-09,
20191.2530137,1.0,4.11834979749e-05,6.13817810526e-09,
20254.3506793,1.0,4.58721743977e-05,6.05175308317e-09,
20317.448345,1.0,5.05608770557e-05,6.026053628e-09,
20380.5460107,1.0,5.52495993756e-05,6.07408734291e-09,
20443.6436763,1.0,5.29051791526e-05,5.77140971063e-09,
20506.741342,1.0,5.05607707452e-05,5.48096827466e-09,
20569.8390077,1.0,4.82163528333e-05,5.2108232515e-09,
20632.9366734,1.0,4.58719407647e-05,4.95163761691e-09,
20696.034339,1.0,4.35275267535e-05,4.70862373321e-09,
20759.1320047,1.0,4.11831204677e-05,4.47429598579e-09,
20822.2296704,1.0,3.8838711012e-05,4.25719155892e-09,
20885.327336,1.0,3.64942982959e-05,4.05092705511e-09,
20948.4250017,1.0,3.41499001983e-05,3.85730805566e-09,
21011.5226674,1.0,3.18054966777e-05,3.67671240042e-09,
21074.620333,1.0,2.94610946245e-05,3.50627032088e-09,
21137.7179987,1.0,2.71166993692e-05,3.34918742364e-09,
21200.8156644,1.0,2.4772295091e-05,3.2019149456e-09,
21263.91333,1.0,2.24279100934e-05,3.05892767696e-09,
21327.0109957,1.0,2.00835117888e-05,2.93020367187e-09,
21390.1086614,1.0,1.77391320864e-05,2.80673888482e-09,
21453.206327,1.0,1.53947593826e-05,2.69240352993e-09,
21516.3039927,1.0,1.30503927587e-05,2.58324377459e-09,
21579.4016584,1.0,1.07060482004e-05,2.47937677143e-09,
21642.499324,1.0,8.36174329504e-06,2.38173249691e-09,
21705.5969897,1.0,6.01751324857e-06,2.28759821649e-09,
21768.6946554,1.0,3.67350354597e-06,2.20135631127e-09,
21831.792321,1.0,1.33091223733e-06,2.11587437499e-09,
21894.8899867,1.0,1.0200264673e-06,2.03207018151e-09,
21957.9876524,1.0,3.36184791357e-06,1.95541458423e-09,
22021.085318,1.0,5.70579375506e-06,1.88031741479e-09,
22084.1829837,1.0,8.0500042509e-06,1.80691375543e-09,
22147.2806494,1.0,1.03943024573e-05,1.73918885657e-09,
22210.378315,1.0,1.27386386579e-05,1.67618139192e-09,
22273.4759807,1.0,1.50829951331e-05,1.61916053216e-09,
22336.5736464,1.0,1.7427371456e-05,1.57144831164e-09,
22399.671312,1.0,1.97717480806e-05,1.53413550497e-09,
22462.7689777,1.0,2.21161191917e-05,1.50350726895e-09,
22525.8666434,1.0,2.44605061496e-05,1.49263719266e-09,
22588.9643091,1.0,2.6804904228e-05,1.5034860439e-09,
22652.0619747,1.0,2.56326958623e-05,1.42747474265e-09,
22715.1596404,1.0,2.4460493074e-05,1.3540540376e-09,
22778.2573061,1.0,2.32882916012e-05,1.28848594691e-09,
22841.3549717,1.0,2.21160931654e-05,1.22898721817e-09,
22904.4526374,1.0,2.09438882523e-05,1.16727805401e-09,
22967.5503031,1.0,1.97716980287e-05,1.11440121852e-09,
23030.6479687,1.0,1.85994903307e-05,1.05656268901e-09,
23093.7456344,1.0,1.74272933232e-05,1.0090661618e-09,
23156.8433001,1.0,1.62550906951e-05,9.59686621548e-10,
23219.9409657,1.0,1.50828949083e-05,9.17680209952e-10,
23283.0386314,1.0,1.39106947963e-05,8.76076907689e-10,
23346.1362971,1.0,1.27384962758e-05,8.37726334391e-10,
23409.2339627,1.0,1.15662973298e-05,8.02272744082e-10,
23472.3316284,1.0,1.03941060192e-05,7.69515067835e-10,
23535.4292941,1.0,9.22190368579e-06,7.3288214497e-10,
23598.5269597,1.0,8.04970448872e-06,7.06320087328e-10,
23661.6246254,1.0,6.87751013557e-06,6.77308594696e-10,
23724.7222911,1.0,5.70531475041e-06,6.51211992959e-10,
23787.8199567,1.0,4.53312592942e-06,6.25504076553e-10,
23850.9176224,1.0,3.36094730145e-06,5.99668947211e-10,
23914.0152881,1.0,2.18878723503e-06,5.76019419654e-10,
23977.1129537,1.0,1.01671710961e-06,5.56181105515e-10,
24040.2106194,1.0,1.57347930792e-07,5.34473020327e-10,
24103.3082851,1.0,1.3281297026e-06,5.09536975631e-10,
24166.4059507,1.0,2.50023168695e-06,4.95615890151e-10,
24229.5036164,1.0,3.67240463485e-06,4.74286907647e-10,
24292.6012821,1.0,4.84458993397e-06,4.56733505433e-10,
24355.6989477,1.0,6.01677679233e-06,4.39260088431e-10,
24418.7966134,1.0,7.1889716175e-06,4.24613417047e-10,
24481.8942791,1.0,8.36116464967e-06,4.08995551624e-10,
24544.9919448,1.0,9.53336732839e-06,3.99731180588e-10,
24608.0896104,1.0,1.07055591592e-05,3.91620054049e-10,
24671.1872761,1.0,1.18777512911e-05,3.90605988787e-10,
24734.2849418,1.0,1.30499570039e-05,3.8363784117e-10,
24797.3826074,1.0,1.42221465529e-05,3.86112035362e-10,
24860.4802731,1.0,1.36360556219e-05,3.6789624478e-10,
24923.5779388,1.0,1.30499508927e-05,3.52631749412e-10,
24986.6756044,1.0,1.24638472425e-05,3.36765156764e-10,
25049.7732701,1.0,1.18777506831e-05,3.17205106946e-10,
25112.8709358,1.0,1.12916534636e-05,3.02130567102e-10,
25175.9686014,1.0,1.07055490251e-05,2.87229281685e-10,
25239.0662671,1.0,1.01194531598e-05,2.72328254885e-10,
25302.1639328,1.0,9.53334654538e-06,2.62680459041e-10,
25365.2615984,1.0,8.94725331108e-06,2.46866045291e-10,
25428.3592641,1.0,8.36115171769e-06,2.31914109602e-10,
25491.4569298,1.0,7.7750559969e-06,2.21182004681e-10,
25554.5545954,1.0,7.18895041865e-06,2.15509496247e-10,
25617.6522611,1.0,6.60285295563e-06,2.05193650276e-10,
25680.7499268,1.0,6.01675396086e-06,1.91590343414e-10,
25743.8475924,1.0,5.43066191141e-06,1.87086821326e-10,
25806.9452581,1.0,4.84455146186e-06,1.76893091786e-10,
25870.0429238,1.0,4.25844845614e-06,1.72726958561e-10,
25933.1405894,1.0,3.67235557098e-06,1.6450668634e-10,
25996.2382551,1.0,3.08625491882e-06,1.57926348594e-10,
26059.3359208,1.0,2.50015694357e-06,1.52995279598e-10,
26122.4335864,1.0,1.91406309511e-06,1.45987590205e-10,
26185.5312521,1.0,1.32796117426e-06,1.41156456343e-10,
26248.6289178,1.0,7.41871061788e-07,1.35368364762e-10,
26311.7265834,1.0,1.55836514482e-07,1.31370208394e-10,
26374.8242491,1.0,4.30387935309e-07,1.25269717917e-10,
26437.9219148,1.0,1.01646672874e-06,1.20074050029e-10,
26501.0195805,1.0,1.60256344368e-06,1.16165282333e-10,
26564.1172461,1.0,2.18866297675e-06,1.12814122047e-10,
26627.2149118,1.0,2.77475795102e-06,1.07177356338e-10,
26690.3125775,1.0,3.36085840166e-06,1.02043568881e-10,
26753.4102431,1.0,3.94695813954e-06,1.01240328411e-10,
26816.5079088,1.0,4.53306155401e-06,9.82763240259e-11,
26879.6055745,1.0,5.11915607124e-06,9.3593436717e-11,
26942.7032401,1.0,5.70525085271e-06,9.19298548783e-11,
27005.8009058,1.0,6.29135384252e-06,9.10808699279e-11,
27068.8985715,1.0,6.87745060947e-06,9.20260177912e-11,
27131.9962371,1.0,6.58441534089e-06,9.26260674812e-11,
27195.0939028,1.0,6.73092237269e-06,8.58217012578e-11,
27258.1915685,1.0,6.87744366045e-06,8.671944347e-11,
27321.2892341,1.0,6.80419347023e-06,8.62997382067e-11,
27384.3868998,1.0,6.73093299949e-06,8.26434263998e-11,
27447.4845655,1.0,6.65766973494e-06,7.96670333356e-11,
27510.5822311,1.0,6.58439493322e-06,7.25612056125e-11,
27573.6798968,1.0,6.51113408737e-06,7.24368730506e-11,
27636.7775625,1.0,6.43786836866e-06,6.56251602217e-11,
27699.8752281,1.0,6.3646252881e-06,7.6905325733e-11,
27762.9728938,1.0,6.40124206081e-06,6.29969279666e-11,
27826.0705595,1.0,6.43788744183e-06,7.24893315225e-11,
27889.1682251,1.0,6.41956146742e-06,6.73276910008e-11,
27952.2658908,1.0,6.40124372863e-06,6.55178644266e-11,
28015.3635565,1.0,6.38292692292e-06,5.94915088416e-11,
28078.4612221,1.0,6.36460773927e-06,6.05989390761e-11,
28141.5588878,1.0,6.37377208369e-06,5.9144455844e-11,
28204.6565535,1.0,6.38292731152e-06,5.28614862924e-11,
28267.7542192,1.0,6.39207758025e-06,5.3358311012e-11,
28330.8518848,1.0,6.38749776861e-06,4.53937428069e-11,
28393.9495505,1.0,6.38293030884e-06,6.06348309572e-11,
28457.0472162,1.0,6.38522581919e-06,6.39446849907e-11,
28520.1448818,1.0,6.38407273507e-06,4.85602401105e-11,
28583.2425475,1.0,6.38293668979e-06,5.31020800493e-11,
28646.3402132,1.0,6.38349385154e-06,5.21795796537e-11,
28709.4378788,1.0,6.38407165337e-06,4.96341830178e-11,
28772.5355445,1.0,6.38464384923e-06,5.25094539025e-11,
28835.6332102,1.0,6.38435337307e-06,4.3296327859e-11,
28898.7308758,1.0,6.38407064565e-06,4.96554907765e-11,
28961.8285415,1.0,6.38420892003e-06,4.48406874219e-11,
29024.9262072,1.0,6.38435939265e-06,5.12192529305e-11,
29088.0238728,1.0,6.38429388736e-06,4.92725941303e-11,
29151.1215385,1.0,6.38421582594e-06,5.08868654839e-11,
29214.2192042,1.0,6.38425995325e-06,3.71548339964e-11,
29277.3168698,1.0,6.38429116344e-06,4.83370339135e-11,
29340.4145355,1.0,6.38426614853e-06,4.25145852488e-11,
29403.5122012,1.0,6.38424914543e-06,4.13353449777e-11,
29466.6098668,1.0,6.38422717735e-06,4.40545369825e-11,
29529.7075325,1.0,6.38424752003e-06,3.87781800559e-11,
29592.8051982,1.0,6.38424094507e-06,4.34007868743e-11,
29655.9028638,1.0,6.38424489012e-06,4.61611113129e-11,
29719.0005295,1.0,6.38424130945e-06,3.51777823086e-11,
29782.0981952,1.0,6.38425391087e-06,4.98495039174e-11,
29845.1958608,1.0,6.38424981327e-06,4.54967692581e-11,
29908.2935265,1.0,6.38424555598e-06,3.13412990513e-11,
29971.3911922,1.0,6.38423907204e-06,3.72878832355e-11,
30034.4888578,1.0,6.38425607217e-06,4.26674316968e-11,
30097.5865235,1.0,6.38425126478e-06,5.37857469491e-11,
30160.6841892,1.0,6.38425328065e-06,4.5263050321e-11,
30223.7818549,1.0,6.3842368859e-06,2.93589560954e-11,
30286.8795205,1.0,6.38425610767e-06,4.68489445645e-11,
30349.9771862,1.0,6.3842509981e-06,5.57803709867e-11,
30413.0748519,1.0,6.38424782888e-06,4.68011768848e-11,
30476.1725175,1.0,6.38425282764e-06,4.55955144944e-11,
30539.2701832,1.0,6.38425312181e-06,4.38659966664e-11,
30602.3678489,1.0,6.38424904578e-06,3.4527746529e-11,
30665.4655145,1.0,6.38425711414e-06,4.81021910807e-11,
30728.5631802,1.0,6.38425627264e-06,5.34938589258e-11,
30791.6608459,1.0,6.38424665579e-06,4.32599071467e-11,
30854.7585115,1.0,6.38424752567e-06,4.92666635264e-11,
30917.8561772,1.0,6.38424137017e-06,4.40086751446e-11,
30980.9538429,1.0,6.38425644991e-06,4.57127286294e-11,
31044.0515085,1.0,6.38425200996e-06,3.46645455525e-11,
31107.1491742,1.0,6.38424549905e-06,3.88208776875e-11,
31170.2468399,1.0,6.38424986306e-06,4.26529245146e-11,
31233.3445055,1.0,6.38425254258e-06,4.80452702719e-11,
31296.4421712,1.0,6.38424556994e-06,4.31008562097e-11,
31359.5398369,1.0,6.38424037141e-06,3.67001920407e-11,
31422.6375025,1.0,6.38424107865e-06,2.94579309553e-11,
31485.7351682,1.0,6.38424978687e-06,4.26020094564e-11,
31548.8328339,1.0,6.38425682518e-06,3.60570865577e-11,
