Coordinates:
0.0,0.714285714286,1.42857142857,2.14285714286,2.85714285714,3.57142857143,4.28571428571,5.0,5.71428571429,6.42857142857,7.14285714286,7.85714285714,8.57142857143,9.28571428571,10.0,
Volumes:
0.357142857143,0.714285714286,0.714285714286,0.714285714286,0.714285714286,0.714285714286,0.714285714286,0.714285714286,0.714285714286,0.714285714286,0.714285714286,0.714285714286,0.714285714286,0.714285714286,0.357142857143,

 Time(s), Displacement (m) on vertices
0.0,0.0,0.0,0.0,0.0,0.0,0.0,0.0,0.0,0.0,0.0,0.0,0.0,0.0,0.0,0.0,
1.0,1.87754112903e-19,-3.38421742355e-06,-6.76843783355e-06,-1.01526676555e-05,-1.35369241534e-05,-1.69212553102e-05,-2.03057950828e-05,-2.36909176619e-05,-2.70776683743e-05,-3.0468967439e-05,-3.38729727731e-05,-3.73124743179e-05,-4.08511380111e-05,-4.46668208964e-05,-4.92563840802e-05,
2.0,2.10334664427e-19,-3.38423565286e-06,-6.76849200203e-06,-1.01528097971e-05,-1.35372886344e-05,-1.69221797977e-05,-2.03081148988e-05,-2.36966636757e-05,-2.70916680535e-05,-3.0502343355e-05,-3.39501943823e-05,-3.74834545886e-05,-4.12037861863e-05,-4.53027728536e-05,-5.00574389297e-05,
3.0,3.29729656899e-20,-3.38430417956e-06,-6.7686852216e-06,-1.01532826809e-05,-1.35384087419e-05,-1.69247838303e-05,-2.03140542092e-05,-2.37099051582e-05,-2.7120364999e-05,-3.05623187875e-05,-3.40696553926e-05,-3.77060982056e-05,-4.15803979335e-05,-4.58508806204e-05,-5.06875933531e-05,
4.0,2.47769352513e-19,-3.38448797451e-06,-6.76917998619e-06,-1.01544203114e-05,-1.35409183249e-05,-1.69301825492e-05,-2.03253769251e-05,-2.37329582399e-05,-2.71656394581e-05,-3.06473372593e-05,-3.42204623588e-05,-3.79544619685e-05,-4.19509061866e-05,-4.63347685946e-05,-5.12197685878e-05,
5.0,6.31828219494e-20,-3.38488365204e-06,-6.77020273928e-06,-1.0156645274e-05,-1.35455254047e-05,-1.69394368532e-05,-2.03434177689e-05,-2.37669467946e-05,-2.72271293787e-05,-3.07532659009e-05,-3.43923291768e-05,-3.82133718099e-05,-4.23065679426e-05,-4.67709538396e-05,-5.16879925575e-05,
6.0,1.55865554007e-19,-3.38561259287e-06,-6.7720214722e-06,-1.0160413447e-05,-1.35529032397e-05,-1.69533906685e-05,-2.03689493092e-05,-2.38119726891e-05,-2.73032153275e-05,-3.08755423604e-05,-3.45774919924e-05,-3.84746415631e-05,-4.26457004932e-05,-4.71705223392e-05,-5.21106333281e-05,
7.0,2.33830451421e-19,-3.38680856322e-06,-6.77491548086e-06,-1.01661585851e-05,-1.3563611646e-05,-1.69726038637e-05,-2.0402228332e-05,-2.38674550405e-05,-2.73917965934e-05,-3.10101128868e-05,-3.47705553136e-05,-3.87339860098e-05,-4.2968935033e-05,-4.75410656923e-05,-5.24987623892e-05,
8.0,3.01524950016e-19,-3.38860383087e-06,-6.77914641006e-06,-1.01742504993e-05,-1.35780577788e-05,-1.69973576223e-05,-2.04431191532e-05,-2.39324422989e-05,-2.74907464874e-05,-3.11536886489e-05,-3.49678884649e-05,-3.89892220372e-05,-4.3277579693e-05,-4.78879603377e-05,-5.28596183639e-05,
9.0,-3.04091834856e-20,-3.39111710578e-06,-6.78493635339e-06,-1.01849712224e-05,-1.35964895428e-05,-1.70276985121e-05,-2.04912256446e-05,-2.40058352455e-05,-2.75981282379e-05,-3.13037127359e-05,-3.51670759905e-05,-3.92392977905e-05,-4.35730464908e-05,-4.82151446353e-05,-5.31982284482e-05,
10.0,2.04093126636e-19,-3.39444512084e-06,-6.79245498694e-06,-1.01985073152e-05,-1.36190097604e-05,-1.70634951083e-05,-2.0546001074e-05,-2.40865242048e-05,-2.77122705041e-05,-3.14582362651e-05,-3.5366516207e-05,-3.94837748329e-05,-4.38566576365e-05,-4.85255918354e-05,-5.35182479451e-05,
11.0,1.25836056013e-19,-3.39865824287e-06,-6.80181503868e-06,-1.02149538406e-05,-1.36456004311e-05,-1.71044921219e-05,-2.06068281609e-05,-2.41734632888e-05,-2.78317721192e-05,-3.16157857679e-05,-3.55651489275e-05,-3.97225489912e-05,-4.41295907197e-05,-4.88216056084e-05,-5.38224315279e-05,
12.0,1.05279711196e-19,-3.40379957531e-06,-6.81307409428e-06,-1.02343253128e-05,-1.36761496908e-05,-1.71503555256e-05,-2.06730723958e-05,-2.42657042639e-05,-2.79554763164e-05,-3.1775249356e-05,-3.57622754233e-05,-3.99556971758e-05,-4.43928745502e-05,-4.91050107568e-05,-5.41129154176e-05,
13.0,2.70838773761e-20,-3.40988660693e-06,-6.82624046949e-06,-1.02565698382e-05,-1.37104772162e-05,-1.72007072199e-05,-2.07441149094e-05,-2.43624068135e-05,-2.80824351854e-05,-3.19357869333e-05,-3.59574399177e-05,-4.01833917975e-05,-4.46474022424e-05,-4.93772802793e-05,-5.43913953736e-05,
14.0,2.04111278956e-19,-3.41691442257e-06,-6.84128117557e-06,-1.02815838454e-05,-1.37483561007e-05,-1.72551501886e-05,-2.08193710505e-05,-2.44628361416e-05,-2.82118740206e-05,-3.20967620031e-05,-3.61503511897e-05,-4.04058522509e-05,-4.48939487457e-05,-4.96396225562e-05,-5.46592438586e-05,
15.0,2.63197107074e-19,-3.42485965121e-06,-6.85813051145e-06,-1.03092258439e-05,-1.37895306236e-05,-1.73132859329e-05,-2.08982995717e-05,-2.45663545204e-05,-2.83431594741e-05,-3.22576907365e-05,-3.63408302253e-05,-4.06233171716e-05,-4.5133188052e-05,-4.9893042774e-05,-5.49175899447e-05,
16.0,9.87079222769e-20,-3.43368455157e-06,-6.87669832425e-06,-1.03393284257e-05,-1.38337300842e-05,-1.73747260364e-05,-2.09804059476e-05,-2.46724105357e-05,-2.84757726476e-05,-3.2418204168e-05,-3.65287748801e-05,-4.0836028579e-05,-4.53657084865e-05,-5.01383872304e-05,-5.51673754664e-05,
17.0,1.54456980539e-19,-3.44334085125e-06,-6.89687739526e-06,-1.03717082344e-05,-1.38806792018e-05,-1.74390994493e-05,-2.10652422087e-05,-2.47805280346e-05,-2.8609287016e-05,-3.25780201442e-05,-3.67141357629e-05,-4.10442229318e-05,-4.55920257421e-05,-5.03763759624e-05,-5.54093954983e-05,
18.0,1.2500483171e-19,-3.45377312982e-06,-6.91854970943e-06,-1.04061739307e-05,-1.39301056838e-05,-1.75060567475e-05,-2.11524048353e-05,-2.48902957608e-05,-2.87433506116e-05,-3.27369224575e-05,-3.68968996124e-05,-4.12481262617e-05,-4.58125937918e-05,-5.06076272284e-05,-5.56443281892e-05,
19.0,4.8347792718e-20,-3.46492165958e-06,-6.94159156202e-06,-1.04425323436e-05,-1.39817455393e-05,-1.75752723012e-05,-2.12415316776e-05,-2.50013580923e-05,-2.88776717673e-05,-3.2894745261e-05,-3.70770777391e-05,-4.14479517325e-05,-4.60278139588e-05,-5.08326761876e-05,-5.58727571811e-05,
20.0,1.63814844209e-19,-3.47672469881e-06,-6.96587757122e-06,-1.04805930636e-05,-1.40353466456e-05,-1.76464450321e-05,-2.1332298486e-05,-2.51134069885e-05,-2.90120077555e-05,-3.30513613688e-05,-3.72546979342e-05,-4.16438986449e-05,-4.62380424462e-05,-5.10519893671e-05,-5.60951887466e-05,
21.0,1.69532125744e-19,-3.48912027816e-06,-6.99128372423e-06,-1.05201717485e-05,-1.40906709893e-05,-1.77192982396e-05,-2.14244153909e-05,-2.52261751006e-05,-2.91461557435e-05,-3.32066734299e-05,-3.7429798779e-05,-4.18361522998e-05,-4.64435965989e-05,-5.1265976023e-05,-5.63120650922e-05,
22.0,2.02318698975e-19,-3.50204754389e-06,-7.01768960561e-06,-1.05610923938e-05,-1.41474959191e-05,-1.77935788317e-05,-2.15176235188e-05,-2.53394299321e-05,-2.92799455863e-05,-3.33606072348e-05,-3.7602425632e-05,-4.20248843599e-05,-4.66447601328e-05,-5.14749971736e-05,-5.65237748308e-05,
23.0,1.9556807484e-19,-3.51544772891e-06,-7.04497995612e-06,-1.06031887924e-05,-1.42056146759e-05,-1.78690561931e-05,-2.16116918383e-05,-2.54529689118e-05,-2.94132340703e-05,-3.35131066143e-05,-3.77726278018e-05,-4.22102534927e-05,-4.68417875215e-05,-5.16793728668e-05,-5.67306613288e-05,
24.0,3.13578050898e-20,-3.52926482086e-06,-7.07304569792e-06,-1.06463053701e-05,-1.42648364044e-05,-1.79455208475e-05,-2.17064142742e-05,-2.55666152439e-05,-2.95459003003e-05,-3.36641295323e-05,-3.79404565612e-05,-4.23924061584e-05,-4.70349076974e-05,-5.18793880895e-05,-5.69330294387e-05,
25.0,2.02646784337e-19,-3.54344599008e-06,-7.1017845448e-06,-1.06902975542e-05,-1.43249858029e-05,-1.80227830246e-05,-2.18016070977e-05,-2.56802144109e-05,-2.96778419879e-05,-3.38136450812e-05,-3.8105963766e-05,-4.25714774603e-05,-4.72243271919e-05,-5.2075297622e-05,-5.71311509882e-05,
26.0,2.61047639739e-19,-3.55794183137e-06,-7.13110129574e-06,-1.07350317968e-05,-1.43859025276e-05,-1.81006711992e-05,-2.18971065812e-05,-2.57936312199e-05,-2.98089724484e-05,-3.39616311569e-05,-3.82692009034e-05,-4.27475920045e-05,-4.74102328139e-05,-5.22673300596e-05,-5.73252692978e-05,
27.0,1.90530797445e-19,-3.57270646508e-06,-7.16090789379e-06,-1.07803853526e-05,-1.44474404404e-05,-1.81790306526e-05,-2.19927668994e-05,-2.59067473009e-05,-2.99392181611e-05,-3.41080726547e-05,-3.8430218453e-05,-4.29208647421e-05,-4.75927939478e-05,-5.24556911782e-05,-5.75156029363e-05,
28.0,1.96459972797e-19,-3.58769753414e-06,-7.19112331457e-06,-1.08262458864e-05,-1.45094667647e-05,-1.82577220858e-05,-2.20884582559e-05,-2.60194589797e-05,-3.0068516774e-05,-3.42529600626e-05,-3.85890654723e-05,-4.30914017724e-05,-4.77721645364e-05,-5.26405667687e-05,-5.77023488672e-05,
29.0,2.4928131562e-19,-3.60287612647e-06,-7.22167333549e-06,-1.08725109691e-05,-1.45718611954e-05,-1.83366203006e-05,-2.21840652111e-05,-2.61316754615e-05,-3.01968154629e-05,-3.43962883577e-05,-3.87457893421e-05,-4.32593011004e-05,-4.79484847988e-05,-5.28221250455e-05,-5.78856851074e-05,
30.0,1.83567849587e-19,-3.6182066456e-06,-7.252490225e-06,-1.09190875053e-05,-1.46345149982e-05,-1.84156129622e-05,-2.22794851906e-05,-2.62433172729e-05,-3.03240695731e-05,-3.45380561382e-05,-3.89004356272e-05,-4.34246533424e-05,-4.81218827273e-05,-5.30005187046e-05,-5.80657729886e-05,
31.0,2.55558538967e-19,-3.63365664736e-06,-7.28351238197e-06,-1.09658911257e-05,-1.46973301208e-05,-1.84945994444e-05,-2.23746271541e-05,-2.63543149203e-05,-3.04502414888e-05,-3.4678264936e-05,-3.90530480179e-05,-4.35875423785e-05,-4.82924753951e-05,-5.31758866946e-05,-5.82427590955e-05,
32.0,3.15631658206e-20,-3.64919665601e-06,-7.31468394756e-06,-1.1012845568e-05,-1.47602183337e-05,-1.85734897609e-05,-2.24694104065e-05,-2.6464607728e-05,-3.05752996849e-05,-3.48169186705e-05,-3.92036683291e-05,-4.3748045954e-05,-4.84603701063e-05,-5.3348355749e-05,-5.84167769349e-05,
33.0,1.0576726399e-20,-3.66479996974e-06,-7.34595440623e-06,-1.10598820638e-05,-1.48231004092e-05,-1.86522035799e-05,-2.25637635351e-05,-2.6574142829e-05,-3.06992179278e-05,-3.49540232114e-05,-3.93523365372e-05,-4.390623623e-05,-4.86256654073e-05,-5.35180417184e-05,-5.8587948383e-05,
34.0,2.15889507088e-19,-3.68044246307e-06,-7.37727818775e-06,-1.11069387422e-05,-1.4885905347e-05,-1.8730669319e-05,-2.26576234586e-05,-2.6682874284e-05,-3.08219745969e-05,-3.50895860276e-05,-3.94990908436e-05,-4.4062180287e-05,-4.87884519817e-05,-5.36850507347e-05,-5.87563849458e-05,
35.0,2.72200633007e-19,-3.69610239142e-06,-7.40861427904e-06,-1.11539600597e-05,-1.49485696489e-05,-1.88088233178e-05,-2.27509345767e-05,-2.67907623107e-05,-3.09435521068e-05,-3.52236159037e-05,-3.9643967755e-05,-4.42159405849e-05,-4.8948813444e-05,-5.38494802334e-05,-5.89221888625e-05,
36.0,1.61963721841e-19,-3.71176020117e-06,-7.43992585073e-06,-1.12008962598e-05,-1.50110366438e-05,-1.88866090807e-05,-2.28436480059e-05,-2.6897772605e-05,-3.10639364092e-05,-3.53561227084e-05,-3.97870021713e-05,-4.43675753805e-05,-4.9106827043e-05,-5.40114198518e-05,-5.9085454073e-05,
37.0,1.06625754267e-19,-3.7273983482e-06,-7.47117990295e-06,-1.12477028659e-05,-1.50732558634e-05,-1.89639765882e-05,-2.2935720896e-05,-2.70038757432e-05,-3.11831165656e-05,-3.54871172056e-05,-3.99282274798e-05,-4.45171391076e-05,-4.92625642898e-05,-5.41709522248e-05,-5.92462670722e-05,
38.0,1.39479400269e-19,-3.74300112603e-06,-7.50234693205e-06,-1.12943402093e-05,-1.51351824667e-05,-1.90408816694e-05,-2.30271158158e-05,-2.71090466541e-05,-3.1301084375e-05,-3.56166108987e-05,-4.00676756488e-05,-4.46646827228e-05,-4.9416091517e-05,-5.43281536882e-05,-5.94047076658e-05,
39.0,1.66453811305e-19,-3.75855450467e-06,-7.5334006195e-06,-1.13407729909e-05,-1.51967767118e-05,-1.91172854323e-05,-2.31178002011e-05,-2.72132641496e-05,-3.14178340506e-05,-3.57446159021e-05,-4.02053773217e-05,-4.48102540181e-05,-4.95674703797e-05,-5.4483094905e-05,-5.95608496389e-05,
40.0,2.95845727234e-19,-3.77404598045e-06,-7.56431754306e-06,-1.13869698774e-05,-1.52580034717e-05,-1.91931537468e-05,-2.32077458594e-05,-2.73165105089e-05,-3.15333619375e-05,-3.58711448333e-05,-4.03413619061e-05,-4.49538979052e-05,-4.97167583024e-05,-5.46358414222e-05,-5.97147613528e-05,
41.0,2.61098373219e-19,-3.7894644368e-06,-7.59507690999e-06,-1.14329031302e-05,-1.5318831793e-05,-1.92684567757e-05,-2.32969285242e-05,-2.7418771108e-05,-3.16476662639e-05,-3.59962107233e-05,-4.04756576602e-05,-4.50956566733e-05,-4.98640088809e-05,-5.47864541678e-05,-5.98665062744e-05,
42.0,-8.13008476156e-20,-3.80480001593e-06,-7.62566031153e-06,-1.14785482642e-05,-1.53792344922e-05,-1.93431685501e-05,-2.33853274541e-05,-2.75200340889e-05,-3.1760746923e-05,-3.61198269404e-05,-4.06082917737e-05,-4.52355702214e-05,-5.00092722417e-05,-5.4934989895e-05,-6.00161434505e-05,
43.0,2.92551709131e-19,-3.82004400078e-06,-7.65605149777e-06,-1.15238837377e-05,-1.54391877898e-05,-1.94172665846e-05,-2.3472925072e-05,-2.76202900649e-05,-3.18726052799e-05,-3.62420071256e-05,-4.07392904438e-05,-4.53736762703e-05,-5.0152595366e-05,-5.50815015795e-05,-6.0163727931e-05,
44.0,7.59632609004e-20,-3.83518870692e-06,-7.68623617163e-06,-1.15688906678e-05,-1.54986709766e-05,-1.94907315295e-05,-2.35597066408e-05,-2.77195318564e-05,-3.19832440008e-05,-3.63627651381e-05,-4.08686789462e-05,-4.5510010553e-05,-5.02940223799e-05,-5.52260387762e-05,-6.03093111482e-05,
45.0,2.5359749385e-20,-3.85022738361e-06,-7.71620180075e-06,-1.16135525719e-05,-1.55576661111e-05,-1.95635468561e-05,-2.36456599707e-05,-2.78177542548e-05,-3.20926669012e-05,-3.64821150082e-05,-4.09964817003e-05,-4.56446069879e-05,-5.04335948155e-05,-5.53686479379e-05,-6.04529412563e-05,
46.0,1.95410054182e-19,-3.86515412378e-06,-7.74593744644e-06,-1.16578551334e-05,-1.56161577456e-05,-1.96356985725e-05,-2.37307751569e-05,-2.79149538112e-05,-3.22008788119e-05,-3.6600070897e-05,-4.11227223311e-05,-4.5777497836e-05,-5.05713518475e-05,-5.55093727043e-05,-6.05946634378e-05,
47.0,3.26307480376e-19,-3.87996378182e-06,-7.77543360763e-06,-1.17017859875e-05,-1.56741326769e-05,-1.97071749661e-05,-2.38150443418e-05,-2.80111286462e-05,-3.23078854585e-05,-3.67166470614e-05,-4.1247423724e-05,-4.59087138418e-05,-5.0707330504e-05,-5.56482541584e-05,-6.07345201765e-05,
48.0,2.54991834651e-19,-3.89465189892e-06,-7.80468207939e-06,-1.1745334528e-05,-1.57315797218e-05,-1.97779663719e-05,-2.3898461502e-05,-2.81062782797e-05,-3.24136933543e-05,-3.68318578238e-05,-4.13706080762e-05,-4.60382843617e-05,-5.08415658582e-05,-5.57853310593e-05,-6.08725515046e-05,
49.0,8.6113652431e-20,-3.90921463532e-06,-7.83367582443e-06,-1.17884917314e-05,-1.57884895131e-05,-1.98480649624e-05,-2.39810222555e-05,-2.82004034777e-05,-3.2518309705e-05,-3.69457175459e-05,-4.14922969444e-05,-4.61662374801e-05,-5.09740912005e-05,-5.59206400515e-05,-6.10087952243e-05,
50.0,3.04125503491e-19,-3.92364870879e-06,-7.86240885672e-06,-1.18312499986e-05,-1.58448543153e-05,-1.99174645585e-05,-2.40627236894e-05,-2.82935061156e-05,-3.26217423233e-05,-3.70582406062e-05,-4.16125112877e-05,-4.62926001146e-05,-5.11049381937e-05,-5.6054215853e-05,-6.11432871077e-05,
51.0,-9.38225819381e-21,-3.9379513389e-06,-7.89087613593e-06,-1.18736030103e-05,-1.59006678581e-05,-1.99861604588e-05,-2.41435642029e-05,-2.8385589054e-05,-3.27239995527e-05,-3.71694413793e-05,-4.17312715066e-05,-4.64173981105e-05,-5.12341370139e-05,-5.61860914251e-05,-6.1276061077e-05,
52.0,1.87535175707e-19,-3.95212019651e-06,-7.91907347196e-06,-1.19155455973e-05,-1.59559251863e-05,-2.00541492852e-05,-2.42235433673e-05,-2.84766560284e-05,-3.28250901987e-05,-3.72793342191e-05,-4.18485974797e-05,-4.65406563274e-05,-5.13617164766e-05,-5.63162981257e-05,-6.14071493666e-05,
53.0,7.29249425852e-20,-3.96615335815e-06,-7.94699743856e-06,-1.1957073623e-05,-1.60106225233e-05,-2.01214288437e-05,-2.43026617992e-05,-2.85667115492e-05,-3.29250234682e-05,-3.73879334434e-05,-4.19645085965e-05,-4.66623987167e-05,-5.1487704151e-05,-5.64448658473e-05,-6.15365826697e-05,
54.0,-6.71594166705e-20,-3.98004926461e-06,-7.97464529521e-06,-1.19981838766e-05,-1.60647571486e-05,-2.01879979991e-05,-2.43809210461e-05,-2.86557608119e-05,-3.30238089141e-05,-3.74952533202e-05,-4.2079023787e-05,-4.67826483923e-05,-5.1612126464e-05,-5.65718231417e-05,-6.16643902702e-05,
55.0,1.61372500954e-19,-3.99380668368e-06,-8.00201491653e-06,-1.20388739774e-05,-1.6118327287e-05,-2.02538565619e-05,-2.44583234843e-05,-2.87438096167e-05,-3.31214563866e-05,-3.76013080567e-05,-4.21921615498e-05,-4.69014276945e-05,-5.17350087928e-05,-5.66971973327e-05,-6.1790600162e-05,
56.0,-8.60675579456e-22,-4.00742467631e-06,-8.02910472847e-06,-1.20791422883e-05,-1.61713320086e-05,-2.03190051859e-05,-2.45348722257e-05,-2.88308642959e-05,-3.32179759891e-05,-3.77061117881e-05,-4.23039399766e-05,-4.70187582478e-05,-5.18563755501e-05,-5.68210146178e-05,-6.19152391569e-05,
57.0,5.86473324044e-20,-4.02090256615e-06,-8.05591365075e-06,-1.21189878368e-05,-1.62237711388e-05,-2.03834452766e-05,-2.46105710345e-05,-2.89169316485e-05,-3.33133780385e-05,-3.78096785697e-05,-4.24143767756e-05,-4.71346610132e-05,-5.19762502597e-05,-5.69433001599e-05,-6.20383329817e-05,
58.0,3.04884877515e-19,-4.03423991204e-06,-8.08244104482e-06,-1.21584102452e-05,-1.62756451763e-05,-2.04471789078e-05,-2.46854242526e-05,-2.9002018882e-05,-3.34076730303e-05,-3.79120223683e-05,-4.25234892919e-05,-4.7249156336e-05,-5.20946556261e-05,-5.70640781707e-05,-6.21599063663e-05,
59.0,1.21391751851e-19,-4.04743648309e-06,-8.10868666696e-06,-1.2197409666e-05,-1.63269552203e-05,-2.05102087473e-05,-2.47594367313e-05,-2.90861335594e-05,-3.35008716063e-05,-3.80131570556e-05,-4.2631294527e-05,-4.73622639887e-05,-5.22116135971e-05,-5.71833719858e-05,-6.22799831232e-05,
60.0,2.30955161153e-19,-4.06049223629e-06,-8.13465062593e-06,-1.22359867252e-05,-1.63777029041e-05,-2.05725379893e-05,-2.4832613771e-05,-2.91692835516e-05,-3.35929845269e-05,-3.81130964026e-05,-4.27378091557e-05,-4.74740032102e-05,-5.23271454199e-05,-5.73012041325e-05,-6.23985862193e-05,
61.0,3.02677749714e-19,-4.0734072963e-06,-8.16033334472e-06,-1.22741424698e-05,-1.64278903354e-05,-2.06341702935e-05,-2.49049610661e-05,-2.92514769953e-05,-3.36840226454e-05,-3.82118540739e-05,-4.28430495429e-05,-4.75843927414e-05,-5.2441271693e-05,-5.74175963916e-05,-6.25157378411e-05,
62.0,2.12932974998e-19,-4.0861819371e-06,-8.18573552618e-06,-1.23118783215e-05,-1.64775200427e-05,-2.06951097312e-05,-2.49764846557e-05,-2.93327222546e-05,-3.37739968851e-05,-3.83094436239e-05,-4.29470317573e-05,-4.76934508571e-05,-5.25540124121e-05,-5.75325698528e-05,-6.26314594536e-05,
63.0,1.53874355638e-19,-4.09881656564e-06,-8.21085812188e-06,-1.23491960343e-05,-1.65265949266e-05,-2.07553607349e-05,-2.50471908794e-05,-2.94130278864e-05,-3.38629182193e-05,-3.84058784923e-05,-4.30497715854e-05,-4.78011953956e-05,-5.26653870127e-05,-5.76461449655e-05,-6.27457718537e-05,
64.0,4.99929457603e-21,-4.11131170692e-06,-8.23570230417e-06,-1.23860976564e-05,-1.65751182164e-05,-2.08149280553e-05,-2.51170863373e-05,-2.94924026097e-05,-3.39507976529e-05,-3.85011720016e-05,-4.31512845434e-05,-4.79076437853e-05,-5.2775414408e-05,-5.77583415842e-05,-6.28586952185e-05,
65.0,1.52946219135e-19,-4.12366799064e-06,-8.26026944091e-06,-1.24225854964e-05,-1.66230934307e-05,-2.08738167203e-05,-2.51861778542e-05,-2.95708552779e-05,-3.40376462064e-05,-3.85953373538e-05,-4.32515858887e-05,-4.80128130686e-05,-5.28841130237e-05,-5.78691790102e-05,-6.29702491489e-05,
66.0,4.33120467503e-20,-4.13588613915e-06,-8.28456107274e-06,-1.24586620922e-05,-1.66705243418e-05,-2.09320319997e-05,-2.52544724471e-05,-2.96483948542e-05,-3.41234749011e-05,-3.86883876284e-05,-4.33506906302e-05,-4.81167199243e-05,-5.29915008294e-05,-5.79786760291e-05,-6.30804527096e-05,
67.0,2.98793560142e-19,-4.14796695659e-06,-8.30857889261e-06,-1.24943301831e-05,-1.67174149444e-05,-2.0989579373e-05,-2.53219772967e-05,-2.97250303887e-05,-3.42082947465e-05,-3.87803357802e-05,-4.34486135376e-05,-4.82193806875e-05,-5.30975953673e-05,-5.80868509448e-05,-6.31893244649e-05,
68.0,1.88099790674e-19,-4.15991131911e-06,-8.33232472734e-06,-1.25295926853e-05,-1.67637694264e-05,-2.10464644997e-05,-2.53886997209e-05,-2.98007709993e-05,-3.42921167287e-05,-3.88711946383e-05,-4.35453691504e-05,-4.83208113678e-05,-5.32024137778e-05,-5.81937216106e-05,-6.32968825117e-05,
69.0,1.1363121367e-19,-4.17172016604e-06,-8.35580052101e-06,-1.25644526689e-05,-1.68095921433e-05,-2.11026931941e-05,-2.54546471517e-05,-2.98756258529e-05,-3.43749518001e-05,-3.89609769042e-05,-4.36409717861e-05,-4.84210276662e-05,-5.33059728239e-05,-5.82993054573e-05,-6.34031445088e-05,
70.0,9.06827880303e-20,-4.18339449199e-06,-8.37900832e-06,-1.25989133377e-05,-1.6854887595e-05,-2.1158271401e-05,-2.55198271141e-05,-2.99496041504e-05,-3.44568108707e-05,-3.90496951513e-05,-4.37354355471e-05,-4.85200449903e-05,-5.34082889119e-05,-5.84036195189e-05,-6.3508127704e-05,
71.0,7.55987991683e-20,-4.19493533971e-06,-8.40195025958e-06,-1.26329780115e-05,-1.68996604049e-05,-2.12132051755e-05,-2.55842472075e-05,-3.00227151113e-05,-3.45377047993e-05,-3.91373618242e-05,-4.38287743284e-05,-4.86178784681e-05,-5.35093781114e-05,-5.85066804557e-05,-6.3611848959e-05,
72.0,1.44180396858e-19,-4.20634379366e-06,-8.42462855177e-06,-1.26666501091e-05,-1.69439153014e-05,-2.12675006631e-05,-2.56479150884e-05,-3.00949679621e-05,-3.46176443875e-05,-3.9223989238e-05,-4.39210018232e-05,-4.87145429607e-05,-5.36092561732e-05,-5.86085045753e-05,-6.37143247712e-05,
73.0,3.18919937662e-19,-4.21762097425e-06,-8.4470454745e-06,-1.26999331341e-05,-1.69876571008e-05,-2.13211640837e-05,-2.5710838456e-05,-3.01663719239e-05,-3.46966403723e-05,-3.93095895782e-05,-4.40121315297e-05,-4.88100530744e-05,-5.37079385455e-05,-5.87091078524e-05,-6.38155712943e-05,
74.0,1.95952624269e-19,-4.22876803263e-06,-8.46920336185e-06,-1.27328306613e-05,-1.70308906922e-05,-2.13742017157e-05,-2.57730250381e-05,-3.0236936203e-05,-3.47747034216e-05,-3.93941749007e-05,-4.41021767556e-05,-4.89044231708e-05,-5.38054403885e-05,-5.88085059458e-05,-6.39156043568e-05,
75.0,7.30958358652e-20,-4.23978614606e-06,-8.4911045952e-06,-1.2765346325e-05,-1.70736210242e-05,-2.14266198825e-05,-2.58344825792e-05,-3.03066699813e-05,-3.48518441285e-05,-3.94777571316e-05,-4.41911506244e-05,-4.89976673772e-05,-5.39017765886e-05,-5.89067142151e-05,-6.40144394788e-05,
76.0,3.37358668497e-19,-4.25067651369e-06,-8.51275159542e-06,-1.27974838084e-05,-1.71158530923e-05,-2.14784249407e-05,-2.58952188299e-05,-3.03755824086e-05,-3.49280730077e-05,-3.95603480676e-05,-4.42790660792e-05,-4.90897995951e-05,-5.39969617703e-05,-5.90037477346e-05,-6.41120918874e-05,
77.0,2.95256815434e-19,-4.26144035281e-06,-8.53414681574e-06,-1.2829246834e-05,-1.71575919286e-05,-2.15296232686e-05,-2.5955241537e-05,-3.04436825955e-05,-3.50034004917e-05,-3.96419593765e-05,-4.43659358878e-05,-4.91808335091e-05,-5.40910103078e-05,-5.90996213073e-05,-6.42085765311e-05,
78.0,4.17499320269e-20,-4.27207889548e-06,-8.55529273544e-06,-1.28606391549e-05,-1.71988425914e-05,-2.15802212568e-05,-2.60145584351e-05,-3.05109796069e-05,-3.50778369273e-05,-3.97226025972e-05,-4.44517726468e-05,-4.92707825939e-05,-5.41839363357e-05,-5.91943494768e-05,-6.43039080923e-05,
79.0,5.12874300562e-20,-4.28259338549e-06,-8.57619185413e-06,-1.28916645473e-05,-1.72396101569e-05,-2.16302252993e-05,-2.60731772389e-05,-3.05774824565e-05,-3.51513925733e-05,-3.98022891409e-05,-4.45365887853e-05,-4.9359660122e-05,-5.42757537581e-05,-5.92879465388e-05,-6.43981009991e-05,
80.0,1.49044209422e-19,-4.29298507566e-06,-8.59684668665e-06,-1.29223268036e-05,-1.72798997114e-05,-2.16796417859e-05,-2.61311056362e-05,-3.06432001022e-05,-3.52240775978e-05,-3.98810302911e-05,-4.46203965688e-05,-4.94474791699e-05,-5.43664762577e-05,-5.93804265512e-05,-6.44911694365e-05,
81.0,8.87774594721e-20,-4.30325522543e-06,-8.61725975854e-06,-1.29526297262e-05,-1.73197163441e-05,-2.1728477095e-05,-2.61883512826e-05,-3.07081414411e-05,-3.52959020766e-05,-3.99588372047e-05,-4.4703208103e-05,-4.95342526243e-05,-5.44561173042e-05,-5.94718033436e-05,-6.45831273559e-05,
82.0,2.45551523293e-19,-4.31340509863e-06,-8.6374336019e-06,-1.2982577122e-05,-1.73590651409e-05,-2.17767375877e-05,-2.62449217952e-05,-3.07723153064e-05,-3.53668759911e-05,-4.00357209128e-05,-4.47850353366e-05,-4.96199931877e-05,-5.45446901611e-05,-5.9562090526e-05,-6.46739884845e-05,
83.0,-3.06084699466e-21,-4.32343596158e-06,-8.65737075182e-06,-1.30121727975e-05,-1.73979511789e-05,-2.1824429602e-05,-2.63008247486e-05,-3.0835730464e-05,-3.54370092273e-05,-4.01116923214e-05,-4.48658900645e-05,-4.97047133835e-05,-5.46322078935e-05,-5.9651301497e-05,-6.47637663334e-05,
84.0,2.33042050193e-19,-4.33334908136e-06,-8.67707374305e-06,-1.30414205546e-05,-1.74363795218e-05,-2.18715594484e-05,-2.63560676705e-05,-3.08983956093e-05,-3.55063115746e-05,-4.01867622123e-05,-4.49457839313e-05,-4.97884255611e-05,-5.47186833735e-05,-5.97394494508e-05,-6.48524742057e-05,
85.0,3.27658154987e-19,-4.34314572422e-06,-8.69654510711e-06,-1.30703241865e-05,-1.74743552148e-05,-2.19181334052e-05,-2.64106580379e-05,-3.09603193649e-05,-3.55747927248e-05,-4.02609412443e-05,-4.50247284335e-05,-4.98711419004e-05,-5.48041292872e-05,-5.98265473844e-05,-6.49401252033e-05,
86.0,1.55521807076e-19,-4.35282715426e-06,-8.71578736976e-06,-1.30988874742e-05,-1.75118832815e-05,-2.19641577146e-05,-2.64646032744e-05,-3.10215102787e-05,-3.56424622716e-05,-4.03342399538e-05,-4.51027349225e-05,-4.99528744158e-05,-5.48885581392e-05,-5.99126081038e-05,-6.50267322338e-05,
87.0,2.96881945371e-19,-4.36239463213e-06,-8.73480304864e-06,-1.31271141837e-05,-1.75489687197e-05,-2.20096385799e-05,-2.65179107467e-05,-3.10819768219e-05,-3.57093297099e-05,-4.04066687561e-05,-4.51798146072e-05,-5.00336349606e-05,-5.49719822585e-05,-5.99976442297e-05,-6.51123080163e-05,
88.0,2.2612789539e-19,-4.37184941399e-06,-8.75359465125e-06,-1.31550080629e-05,-1.75856164992e-05,-2.20545821621e-05,-2.65705877629e-05,-3.11417273876e-05,-3.57754044356e-05,-4.04782379466e-05,-4.52559785563e-05,-5.01134352304e-05,-5.50544138029e-05,-6.00816682032e-05,-6.51968650873e-05,
89.0,9.96359738794e-20,-4.38119275055e-06,-8.77216467315e-06,-1.31825728397e-05,-1.76218315584e-05,-2.20989945775e-05,-2.662264157e-05,-3.12007702892e-05,-3.58406957457e-05,-4.05489577013e-05,-4.53312377007e-05,-5.01922867667e-05,-5.51358647634e-05,-6.01646922905e-05,-6.52804158057e-05,
90.0,2.21091551135e-20,-4.39042588615e-06,-8.79051559635e-06,-1.32098122193e-05,-1.76576188021e-05,-2.21428818953e-05,-2.66740793521e-05,-3.12591137599e-05,-3.59052128378e-05,-4.06188380786e-05,-4.54056028359e-05,-5.02702009603e-05,-5.52163469685e-05,-6.02467285881e-05,-6.53629723582e-05,
91.0,1.49293561828e-19,-4.39955005808e-06,-8.80864988792e-06,-1.32367298828e-05,-1.76929830999e-05,-2.21862501359e-05,-2.67249082292e-05,-3.13167659516e-05,-3.59689648104e-05,-4.06878890198e-05,-4.54790846239e-05,-5.03471890544e-05,-5.52958720881e-05,-6.03277890266e-05,-6.54445467633e-05,
92.0,-2.03394294045e-20,-4.40856649587e-06,-8.82656999872e-06,-1.32633294853e-05,-1.77279292837e-05,-2.22291052691e-05,-2.67751352554e-05,-3.13737349341e-05,-3.60319606633e-05,-4.07561203509e-05,-4.55516935956e-05,-5.04232621475e-05,-5.53744516372e-05,-6.04078853754e-05,-6.55251508757e-05,
93.0,1.26979347679e-19,-4.41747642069e-06,-8.84427836234e-06,-1.32896146546e-05,-1.77624621469e-05,-2.22714532125e-05,-2.68247674185e-05,-3.1430028695e-05,-3.60942092973e-05,-4.0823541783e-05,-4.56234401524e-05,-5.04984311963e-05,-5.5452096979e-05,-6.04870292461e-05,-6.56047963906e-05,
94.0,6.1056051347e-20,-4.42628104491e-06,-8.86177739416e-06,-1.331558899e-05,-1.77965864423e-05,-2.23132998308e-05,-2.68738116383e-05,-3.1485655139e-05,-3.61557195154e-05,-4.0890162914e-05,-4.56943345687e-05,-5.05727070182e-05,-5.55288193288e-05,-6.05652320964e-05,-6.56834948472e-05,
95.0,2.34936928497e-19,-4.43498157156e-06,-8.87906949048e-06,-1.33412560609e-05,-1.78303068816e-05,-2.23546509339e-05,-2.69222747667e-05,-3.1540622088e-05,-3.62165000224e-05,-4.09559932295e-05,-4.57643869934e-05,-5.0646100294e-05,-5.56046297563e-05,-6.06425052332e-05,-6.57612576323e-05,
96.0,4.71516367055e-19,-4.44357919401e-06,-8.89615702785e-06,-1.33666194064e-05,-1.7863628134e-05,-2.2395512277e-05,-2.69701635868e-05,-3.15949372807e-05,-3.6276559426e-05,-4.10210421042e-05,-4.58336074516e-05,-5.07186215704e-05,-5.56795391891e-05,-6.07188598163e-05,-6.58380959833e-05,
97.0,1.22312261695e-19,-4.4520750956e-06,-8.91304236245e-06,-1.33916825339e-05,-1.78965548256e-05,-2.24358895593e-05,-2.70174848122e-05,-3.1648608373e-05,-3.63359062371e-05,-4.10853188026e-05,-4.59020058468e-05,-5.0790281262e-05,-5.57535584153e-05,-6.07943068608e-05,-6.59140209921e-05,
98.0,-3.68624975733e-20,-4.46047044939e-06,-8.92972782954e-06,-1.34164489191e-05,-1.79290915385e-05,-2.24757884236e-05,-2.70642450873e-05,-3.17016429378e-05,-3.63945488705e-05,-4.11488324809e-05,-4.59695919623e-05,-5.08610896539e-05,-5.58266980857e-05,-6.08688572408e-05,-6.5989043607e-05,
99.0,2.34618676379e-19,-4.46876641786e-06,-8.94621574305e-06,-1.34409220049e-05,-1.79612428105e-05,-2.25152144559e-05,-2.71104509868e-05,-3.17540484655e-05,-3.64524956456e-05,-4.12115921872e-05,-4.60363754631e-05,-5.09310569035e-05,-5.5898968717e-05,-6.0942521691e-05,-6.60631746366e-05,
100.0,5.33545987895e-21,-4.47696415278e-06,-8.96250839519e-06,-1.34651052011e-05,-1.79930131346e-05,-2.25541731851e-05,-2.71561090155e-05,-3.18058323639e-05,-3.65097547868e-05,-4.12736068638e-05,-4.61023658972e-05,-5.10001930428e-05,-5.59703806938e-05,-6.10153108105e-05,-6.61364247517e-05,
101.0,3.50642566675e-19,-4.48506479497e-06,-8.97860805617e-06,-1.34890018844e-05,-1.80244069583e-05,-2.25926700825e-05,-2.72012256087e-05,-3.18570019589e-05,-3.65663344248e-05,-4.13348853473e-05,-4.61675726974e-05,-5.10685079802e-05,-5.60409442706e-05,-6.10872350645e-05,-6.62088044879e-05,
102.0,3.68082381359e-20,-4.4930694742e-06,-8.99451697392e-06,-1.35126153973e-05,-1.8055428684e-05,-2.26307105624e-05,-2.72458071318e-05,-3.19075644946e-05,-3.66222425968e-05,-4.13954363705e-05,-4.62320051832e-05,-5.11360115024e-05,-5.61106695745e-05,-6.11583047866e-05,-6.62803242485e-05,
103.0,2.00864848596e-19,-4.50097930905e-06,-9.01023737391e-06,-1.35359490488e-05,-1.80860826682e-05,-2.2668299981e-05,-2.72898598811e-05,-3.1957527134e-05,-3.66774872475e-05,-4.14552685632e-05,-4.62956725614e-05,-5.12027132765e-05,-5.61795666071e-05,-6.12285301816e-05,-6.63509943064e-05,
104.0,3.12461889257e-19,-4.50879540689e-06,-9.02577145903e-06,-1.35590061136e-05,-1.81163732217e-05,-2.27054436375e-05,-2.73333900833e-05,-3.20068969593e-05,-3.67320762301e-05,-4.15143904533e-05,-4.63585839284e-05,-5.12686228513e-05,-5.62476452463e-05,-6.12979213273e-05,-6.64208248063e-05,
105.0,9.89449667178e-20,-4.51651886371e-06,-9.04112140944e-06,-1.35817898321e-05,-1.81463046095e-05,-2.27421467733e-05,-2.73764038964e-05,-3.20556809726e-05,-3.67860173069e-05,-4.15728104683e-05,-4.64207482715e-05,-5.13337496595e-05,-5.63149152485e-05,-6.13664881767e-05,-6.6489825767e-05,
106.0,1.70263911324e-19,-4.52415076418e-06,-9.05628938254e-06,-1.36043034106e-05,-1.81758810509e-05,-2.27784145727e-05,-2.74189074097e-05,-3.21038860965e-05,-3.68393181502e-05,-4.16305369361e-05,-4.64821744699e-05,-5.1398103019e-05,-5.63813862503e-05,-6.14342405597e-05,-6.65580070835e-05,
107.0,2.46232297563e-19,-4.53169218156e-06,-9.07127751291e-06,-1.36265500212e-05,-1.82051067194e-05,-2.2814252163e-05,-2.74609066443e-05,-3.21515191743e-05,-3.68919863431e-05,-4.16875780861e-05,-4.65428712967e-05,-5.14616921349e-05,-5.64470677705e-05,-6.15011881855e-05,-6.66253785286e-05,
108.0,-2.49882964304e-20,-4.53914417771e-06,-9.08608791233e-06,-1.36485328016e-05,-1.8233985743e-05,-2.28496646144e-05,-2.75024075534e-05,-3.21985869712e-05,-3.69440293805e-05,-4.17439420506e-05,-4.66028474196e-05,-5.15245261006e-05,-5.65119692116e-05,-6.15673406439e-05,-6.66919497551e-05,
109.0,-1.78723224074e-19,-4.54650780309e-06,-9.10072266979e-06,-1.36702548555e-05,-1.82625222043e-05,-2.28846569408e-05,-2.75434160229e-05,-3.22450961745e-05,-3.69954546699e-05,-4.17996368658e-05,-4.66621114028e-05,-5.15866138997e-05,-5.65760998617e-05,-6.16327074078e-05,-6.67577302975e-05,
110.0,1.29560605154e-19,-4.5537840968e-06,-9.11518385154e-06,-1.36917192525e-05,-1.82907201404e-05,-2.29192340998e-05,-2.75839378717e-05,-3.22910533946e-05,-3.70462695322e-05,-4.18546704728e-05,-4.6720671708e-05,-5.16479644074e-05,-5.66394688958e-05,-6.1697297834e-05,-6.68227295739e-05,
111.0,3.20504809037e-19,-4.56097408656e-06,-9.12947350117e-06,-1.37129290283e-05,-1.83185835436e-05,-2.29534009931e-05,-2.76239788524e-05,-3.23364651653e-05,-3.70964812029e-05,-4.19090507186e-05,-4.67785366959e-05,-5.17085863919e-05,-5.67020853779e-05,-6.17611211659e-05,-6.68869568874e-05,
112.0,2.36578208423e-19,-4.5680787888e-06,-9.14359363967e-06,-1.37338871847e-05,-1.83461163615e-05,-2.29871624667e-05,-2.76635446517e-05,-3.2381337945e-05,-3.71460968325e-05,-4.19627853576e-05,-4.68357146271e-05,-5.17684885159e-05,-5.67639582622e-05,-6.18241865343e-05,-6.69504214283e-05,
113.0,2.12105288014e-19,-4.57509920867e-06,-9.15754626556e-06,-1.37545966901e-05,-1.8373322497e-05,-2.30205233118e-05,-2.77026408909e-05,-3.2425678117e-05,-3.71951234879e-05,-4.20158820523e-05,-4.68922136638e-05,-5.18276793379e-05,-5.68250963947e-05,-6.18865029593e-05,-6.70131322749e-05,
114.0,1.69867452815e-19,-4.58203634014e-06,-9.171333355e-06,-1.37750604795e-05,-1.84002058088e-05,-2.30534882646e-05,-2.77412731268e-05,-3.24694919902e-05,-3.72435681528e-05,-4.20683483745e-05,-4.69480418707e-05,-5.18861673137e-05,-5.68855085146e-05,-6.1948079352e-05,-6.70750983959e-05,
115.0,3.60571702012e-19,-4.58889116599e-06,-9.18495686192e-06,-1.37952814546e-05,-1.8426770112e-05,-2.30860620073e-05,-2.77794468516e-05,-3.25127858004e-05,-3.72914377291e-05,-4.21201918061e-05,-4.70032072164e-05,-5.19439607977e-05,-5.69452032558e-05,-6.20089245157e-05,-6.71363286514e-05,
116.0,1.80965054026e-20,-4.59566465796e-06,-9.19841871816e-06,-1.38152624844e-05,-1.84530191778e-05,-2.3118249168e-05,-2.78171674943e-05,-3.25555657103e-05,-3.73387390373e-05,-4.21714197407e-05,-4.70577175743e-05,-5.20010680439e-05,-5.70041891484e-05,-6.20690471476e-05,-6.71968317944e-05,
117.0,3.93537535925e-19,-4.60235777676e-06,-9.21172083364e-06,-1.38350064048e-05,-1.84789567343e-05,-2.31500543218e-05,-2.78544404206e-05,-3.25978378107e-05,-3.73854788177e-05,-4.22220394841e-05,-4.71115807242e-05,-5.20574972078e-05,-5.70624746198e-05,-6.21284558401e-05,-6.72566164726e-05,
118.0,5.42747832925e-19,-4.60897147219e-06,-9.22486509652e-06,-1.38545160197e-05,-1.8504586467e-05,-2.31814819906e-05,-2.78912709339e-05,-3.26396081211e-05,-3.74316637314e-05,-4.22720582556e-05,-4.71648043531e-05,-5.2113256347e-05,-5.71200679965e-05,-6.2187159082e-05,-6.73156912295e-05,
119.0,2.20774046314e-19,-4.61550668319e-06,-9.23785337332e-06,-1.38737941006e-05,-1.85299120185e-05,-2.3212536644e-05,-2.79276642759e-05,-3.26808825903e-05,-3.74773003607e-05,-4.2321483189e-05,-4.72173960564e-05,-5.2168353423e-05,-5.71769775047e-05,-6.22451652604e-05,-6.73740645057e-05,
120.0,3.95898212532e-19,-4.62196433797e-06,-9.25068750919e-06,-1.38928433871e-05,-1.85549369897e-05,-2.32432226999e-05,-2.79636256272e-05,-3.27216670977e-05,-3.75223952105e-05,-4.23703213333e-05,-4.72693633392e-05,-5.22227963018e-05,-5.72332112724e-05,-6.23024826616e-05,-6.74317446405e-05,
121.0,2.27250364224e-19,-4.62834535404e-06,-9.26336932801e-06,-1.39116665872e-05,-1.85796649395e-05,-2.32735445247e-05,-2.79991601075e-05,-3.27619674532e-05,-3.75669547086e-05,-4.24185796541e-05,-4.73207136171e-05,-5.22765927559e-05,-5.72887773299e-05,-6.23591194724e-05,-6.74887398733e-05,
122.0,1.30085931628e-19,-4.63465063836e-06,-9.27590063261e-06,-1.39302663776e-05,-1.86040993858e-05,-2.33035064337e-05,-2.80342727769e-05,-3.28017893987e-05,-3.76109852074e-05,-4.24662650345e-05,-4.73714542175e-05,-5.23297504645e-05,-5.73436836118e-05,-6.24150837815e-05,-6.75450583444e-05,
123.0,1.22460997469e-19,-4.6408810874e-06,-9.28828320496e-06,-1.39486454038e-05,-1.86282438052e-05,-2.33331126922e-05,-2.80689686362e-05,-3.28411386085e-05,-3.76544929838e-05,-4.25133842758e-05,-4.74215923806e-05,-5.23822770157e-05,-5.73979379576e-05,-6.2470383581e-05,-6.76007080968e-05,
124.0,-5.91963143428e-20,-4.64703758725e-06,-9.30051880636e-06,-1.39668062809e-05,-1.8652101634e-05,-2.33623675154e-05,-2.81032526273e-05,-3.288002069e-05,-3.76974842407e-05,-4.25599440987e-05,-4.74711352606e-05,-5.24341799065e-05,-5.7451548113e-05,-6.2525026767e-05,-6.76556970772e-05,
125.0,-1.26436892185e-19,-4.65312101371e-06,-9.31260917766e-06,-1.39847515932e-05,-1.86756762684e-05,-2.33912750692e-05,-2.81371296344e-05,-3.29184411846e-05,-3.77399651077e-05,-4.26059511442e-05,-4.75200899264e-05,-5.24854665452e-05,-5.75045217313e-05,-6.25790211415e-05,-6.77100331372e-05,
126.0,-2.89892260537e-20,-4.6591322324e-06,-9.32455603941e-06,-1.40024838951e-05,-1.8698971065e-05,-2.34198394708e-05,-2.81706044841e-05,-3.29564055684e-05,-3.77819416419e-05,-4.26514119745e-05,-4.75684633629e-05,-5.25361442511e-05,-5.75568663746e-05,-6.2632374413e-05,-6.77637240345e-05,
127.0,2.59072655189e-19,-4.66507209884e-06,-9.33636109212e-06,-1.4020005711e-05,-1.87219893408e-05,-2.34480647888e-05,-2.82036819461e-05,-3.29939192526e-05,-3.78234198287e-05,-4.2696333074e-05,-4.7616262472e-05,-5.25862202568e-05,-5.76085895145e-05,-6.26850941982e-05,-6.78167774342e-05,
128.0,7.51184199978e-20,-4.67094145858e-06,-9.34802601642e-06,-1.40373195357e-05,-1.87447343742e-05,-2.34759550444e-05,-2.82363667341e-05,-3.3030987585e-05,-3.78644055827e-05,-4.27407208502e-05,-4.76634940736e-05,-5.26357017086e-05,-5.76596985337e-05,-6.27371880226e-05,-6.78692009098e-05,
129.0,1.42263420517e-19,-4.67674114728e-06,-9.35955247328e-06,-1.40544278352e-05,-1.87672094051e-05,-2.35035142113e-05,-2.82686635063e-05,-3.30676158499e-05,-3.79049047484e-05,-4.27845816344e-05,-4.77101649063e-05,-5.26845956676e-05,-5.77102007267e-05,-6.27886633222e-05,-6.79210019446e-05,
130.0,1.54659994094e-19,-4.68247199081e-06,-9.37094210423e-06,-1.4071333046e-05,-1.87894176352e-05,-2.35307462164e-05,-2.83005768659e-05,-3.31038092692e-05,-3.79449231011e-05,-4.2827921683e-05,-4.77562816288e-05,-5.27329091109e-05,-5.77601033011e-05,-6.28395274442e-05,-6.79721879322e-05,
131.0,1.35606953276e-19,-4.68813480538e-06,-9.38219653152e-06,-1.40880375765e-05,-1.88113622287e-05,-2.35576549404e-05,-2.83321113617e-05,-3.31395730032e-05,-3.79844663478e-05,-4.28707471781e-05,-4.78018508205e-05,-5.27806489327e-05,-5.78094133787e-05,-6.2889787648e-05,-6.80227661786e-05,
132.0,6.07420772948e-20,-4.69373039761e-06,-9.39331735838e-06,-1.41045438064e-05,-1.88330463126e-05,-2.35842442184e-05,-2.83632714891e-05,-3.31749121511e-05,-3.80235401278e-05,-4.29130642282e-05,-4.78468789828e-05,-5.2827821945e-05,-5.78581379966e-05,-6.29394511068e-05,-6.80727439023e-05,
133.0,1.64160292671e-19,-4.69925956464e-06,-9.40430616919e-06,-1.41208540878e-05,-1.88544729769e-05,-2.36105178402e-05,-2.839406169e-05,-3.32098317518e-05,-3.80621500137e-05,-4.29548788698e-05,-4.78913725398e-05,-5.28744348789e-05,-5.79062841078e-05,-6.29885249082e-05,-6.8122128236e-05,
134.0,6.0901126059e-20,-4.70472309426e-06,-9.41516452971e-06,-1.41369707447e-05,-1.88756452753e-05,-2.36364795507e-05,-2.84244863541e-05,-3.32443367844e-05,-3.81003015119e-05,-4.29961970673e-05,-4.79353378391e-05,-5.29204943852e-05,-5.79538585827e-05,-6.30370160553e-05,-6.81709262273e-05,
135.0,2.31976742145e-19,-4.71012176497e-06,-9.42589398723e-06,-1.41528960741e-05,-1.88965662255e-05,-2.36621330509e-05,-2.84545498193e-05,-3.32784321695e-05,-3.81380000637e-05,-4.30370247145e-05,-4.7978781153e-05,-5.29660070358e-05,-5.80008682099e-05,-6.3084931468e-05,-6.82191448399e-05,
136.0,4.00485273657e-20,-4.71545634612e-06,-9.43649607087e-06,-1.41686323457e-05,-1.89172388097e-05,-2.36874819979e-05,-2.84842563718e-05,-3.33121227689e-05,-3.81752510458e-05,-4.30773676354e-05,-4.80217086793e-05,-5.30109793245e-05,-5.80473196973e-05,-6.31322779838e-05,-6.82667909547e-05,
137.0,2.83431365575e-19,-4.72072759799e-06,-9.44697229166e-06,-1.41841818024e-05,-1.89376659746e-05,-2.37125300056e-05,-2.85136102475e-05,-3.33454133873e-05,-3.82120597711e-05,-4.31172315845e-05,-4.80641265421e-05,-5.30554176676e-05,-5.8093219673e-05,-6.31790623586e-05,-6.83138713706e-05,
138.0,1.36708331216e-19,-4.72593627187e-06,-9.45732414286e-06,-1.41995466608e-05,-1.89578506323e-05,-2.37372806452e-05,-2.8542615632e-05,-3.33783087721e-05,-3.82484314895e-05,-4.31566222485e-05,-4.81060407929e-05,-5.30993284055e-05,-5.81385746861e-05,-6.32252912683e-05,-6.83603928056e-05,
139.0,-7.72160302242e-20,-4.73108311023e-06,-9.46755310008e-06,-1.42147291112e-05,-1.89777956606e-05,-2.37617374458e-05,-2.85712766613e-05,-3.34108136148e-05,-3.82843713889e-05,-4.31955452461e-05,-4.81474574111e-05,-5.31427178029e-05,-5.81833912079e-05,-6.32709713089e-05,-6.84063618978e-05,
140.0,1.88730547284e-19,-4.73616884674e-06,-9.47766062151e-06,-1.42297313181e-05,-1.8997503903e-05,-2.37859038944e-05,-2.85995974226e-05,-3.3442932551e-05,-3.83198845955e-05,-4.32340061296e-05,-4.81883823052e-05,-5.31855920504e-05,-5.82276756328e-05,-6.33161089984e-05,-6.84517852063e-05,
141.0,1.18461047336e-19,-4.74119420642e-06,-9.48764814812e-06,-1.42445554204e-05,-1.90169781697e-05,-2.38097834372e-05,-2.86275819546e-05,-3.34746701616e-05,-3.83549761745e-05,-4.32720103854e-05,-4.82288213136e-05,-5.32279572646e-05,-5.82714342792e-05,-6.33607107769e-05,-6.84966692122e-05,
142.0,1.22691236332e-19,-4.74615990572e-06,-9.49751710383e-06,-1.42592035315e-05,-1.90362212372e-05,-2.38333794792e-05,-2.86552342482e-05,-3.3506030973e-05,-3.83896511312e-05,-4.33095634346e-05,-4.82687802051e-05,-5.32698194897e-05,-5.83146733903e-05,-6.34047830084e-05,-6.85410203196e-05,
143.0,2.40683868256e-19,-4.75106665262e-06,-9.50726889574e-06,-1.42736777403e-05,-1.90552358496e-05,-2.38566953853e-05,-2.86825582469e-05,-3.35370194582e-05,-3.84239144118e-05,-4.33466706342e-05,-4.83082646803e-05,-5.33111846981e-05,-5.83573991351e-05,-6.34483319807e-05,-6.85848448564e-05,
144.0,1.96171499377e-19,-4.75591514672e-06,-9.5169049143e-06,-1.42879801104e-05,-1.90740247184e-05,-2.38797344806e-05,-2.87095578476e-05,-3.35676400369e-05,-3.84577709032e-05,-4.33833372773e-05,-4.83472803719e-05,-5.33520587911e-05,-5.83996176093e-05,-6.34913639072e-05,-6.86281490753e-05,
145.0,8.45378789171e-20,-4.76070607937e-06,-9.52642653353e-06,-1.43021126814e-05,-1.90925905228e-05,-2.39025000505e-05,-2.8736236901e-05,-3.35978970764e-05,-3.84912254349e-05,-4.34195685945e-05,-4.83858328457e-05,-5.33924476e-05,-5.84413348361e-05,-6.35338849273e-05,-6.86709391546e-05,
146.0,2.18368387814e-19,-4.7654401337e-06,-9.53583511115e-06,-1.43160774686e-05,-1.91109359104e-05,-2.39249953419e-05,-2.87625992121e-05,-3.36277948925e-05,-3.85242827788e-05,-4.34553697541e-05,-4.84239276015e-05,-5.34323568866e-05,-5.84825567673e-05,-6.35759011076e-05,-6.87132211991e-05,
147.0,1.49745554031e-19,-4.77011798476e-06,-9.54513198876e-06,-1.43298764632e-05,-1.91290634974e-05,-2.39472235628e-05,-2.87886485406e-05,-3.36573377493e-05,-3.85569476499e-05,-4.34907458628e-05,-4.84615700733e-05,-5.34717923443e-05,-5.85232892834e-05,-6.3617418442e-05,-6.8755001241e-05,
148.0,1.90138368636e-19,-4.77474029967e-06,-9.55431849228e-06,-1.43435116335e-05,-1.91469758693e-05,-2.39691878836e-05,-2.88143886023e-05,-3.3686529861e-05,-3.85892247082e-05,-4.35257019675e-05,-4.84987656318e-05,-5.35107595994e-05,-5.85635381963e-05,-6.36584428544e-05,-6.87962852415e-05,
149.0,3.14484474155e-19,-4.77930773757e-06,-9.56339593168e-06,-1.43569849237e-05,-1.91646755804e-05,-2.39908914368e-05,-2.88398230682e-05,-3.37153753913e-05,-3.86211185573e-05,-4.35602430542e-05,-4.85355195825e-05,-5.35492642107e-05,-5.86033092473e-05,-6.36989801971e-05,-6.883707909e-05,
150.0,1.52368041176e-19,-4.78382094986e-06,-9.57236560159e-06,-1.43702982555e-05,-1.91821651553e-05,-2.4012337318e-05,-2.88649555662e-05,-3.37438784547e-05,-3.86526337471e-05,-4.35943740506e-05,-4.85718371689e-05,-5.35873116714e-05,-5.86426081109e-05,-6.37390362536e-05,-6.88773886067e-05,
151.0,6.28522440903e-20,-4.78828058014e-06,-9.58122878117e-06,-1.43834535275e-05,-1.91994470883e-05,-2.40335285859e-05,-2.88897896808e-05,-3.37720431167e-05,-3.86837747726e-05,-4.36280998251e-05,-4.86077235717e-05,-5.36249074091e-05,-5.8681440393e-05,-6.37786167381e-05,-6.89172195421e-05,
152.0,1.35397105632e-19,-4.79268726442e-06,-9.58998673443e-06,-1.43964526158e-05,-1.9216523844e-05,-2.40544682628e-05,-2.89143289543e-05,-3.37998733947e-05,-3.8714546076e-05,-4.36614251885e-05,-4.864318391e-05,-5.3662056787e-05,-5.87198116333e-05,-6.38177272973e-05,-6.89565775783e-05,
153.0,8.82685909635e-20,-4.79704163125e-06,-9.59864071058e-06,-1.44092973748e-05,-1.92333978585e-05,-2.40751593358e-05,-2.8938576887e-05,-3.38273732586e-05,-3.87449520469e-05,-4.36943548953e-05,-4.86782232428e-05,-5.36987651051e-05,-5.87577273065e-05,-6.38563735111e-05,-6.89954683308e-05,
154.0,4.73723461854e-19,-4.80134430159e-06,-9.60719194375e-06,-1.44219896361e-05,-1.92500715381e-05,-2.40956047557e-05,-2.89625369374e-05,-3.38545466308e-05,-3.87749970224e-05,-4.37268936424e-05,-4.87128465682e-05,-5.37350375998e-05,-5.8795192821e-05,-6.38945608923e-05,-6.90338973472e-05,
155.0,2.11780188694e-19,-4.80559588917e-06,-9.61564165371e-06,-1.44345312102e-05,-1.92665472613e-05,-2.4115807439e-05,-2.89862125233e-05,-3.38813973878e-05,-3.88046852885e-05,-4.37590460718e-05,-4.87470588258e-05,-5.37708794459e-05,-5.8832213522e-05,-6.39322948892e-05,-6.90718701103e-05,
156.0,1.86805227726e-19,-4.80979700032e-06,-9.62399104547e-06,-1.44469238858e-05,-1.92828273779e-05,-2.41357702672e-05,-2.90096070215e-05,-3.3907929359e-05,-3.88340210797e-05,-4.37908167696e-05,-4.87808648954e-05,-5.38062957559e-05,-5.88687946903e-05,-6.39695808844e-05,-6.91093920368e-05,
157.0,2.38836294535e-19,-4.81394823432e-06,-9.63224131007e-06,-1.44591694306e-05,-1.92989142101e-05,-2.41554960879e-05,-2.90327237694e-05,-3.39341463297e-05,-3.88630085813e-05,-4.38222102684e-05,-4.88142696003e-05,-5.38412915827e-05,-5.89049415451e-05,-6.40064241975e-05,-6.914646848e-05,
158.0,1.94501022336e-19,-4.81805018323e-06,-9.64039362422e-06,-1.44712695912e-05,-1.93148100525e-05,-2.41749877147e-05,-2.90555660643e-05,-3.39600520394e-05,-3.8891651928e-05,-4.38532310464e-05,-4.88472777056e-05,-5.38758719186e-05,-5.89406592427e-05,-6.40428300844e-05,-6.9183104729e-05,
159.0,-7.19506046756e-20,-4.82210343208e-06,-9.6484491506e-06,-1.44832260934e-05,-1.93305171722e-05,-2.41942479276e-05,-2.90781371641e-05,-3.39856501831e-05,-3.89199552055e-05,-4.38838835283e-05,-4.88798939193e-05,-5.39100416961e-05,-5.89759528781e-05,-6.40788037382e-05,-6.92193060098e-05,
160.0,1.03579154034e-19,-4.82610855907e-06,-9.65640903835e-06,-1.44950406428e-05,-1.93460378099e-05,-2.42132794743e-05,-2.91004402887e-05,-3.40109444126e-05,-3.89479224514e-05,-4.39141720871e-05,-4.8912122895e-05,-5.39438057901e-05,-5.90108274865e-05,-6.41143502912e-05,-6.92550774872e-05,
161.0,3.40348195639e-19,-4.83006613545e-06,-9.66427442282e-06,-1.45067149246e-05,-1.93613741794e-05,-2.42320850694e-05,-2.91224786197e-05,-3.4035938336e-05,-3.89755576553e-05,-4.39441010434e-05,-4.894396923e-05,-5.39771690173e-05,-5.9045288043e-05,-6.41494748144e-05,-6.92904242643e-05,
162.0,8.72045157069e-23,-4.83397672573e-06,-9.6720464259e-06,-1.45182506039e-05,-1.93765284683e-05,-2.42506673953e-05,-2.91442553005e-05,-3.40606355185e-05,-3.90028647592e-05,-4.39736746666e-05,-4.89754374672e-05,-5.40101361369e-05,-5.90793394635e-05,-6.41841823183e-05,-6.93253513834e-05,
163.0,2.81590564162e-19,-4.83784088769e-06,-9.67972615618e-06,-1.45296493262e-05,-1.93915028382e-05,-2.42690291027e-05,-2.91657734374e-05,-3.40850394832e-05,-3.90298476584e-05,-4.40028971754e-05,-4.90065320957e-05,-5.40427118517e-05,-5.91129866055e-05,-6.42184777542e-05,-6.93598638269e-05,
164.0,4.85329169283e-19,-4.84165917252e-06,-9.68731470906e-06,-1.45409127175e-05,-1.94062994251e-05,-2.42871728106e-05,-2.91870360999e-05,-3.4109153711e-05,-3.9056510202e-05,-4.40317727382e-05,-4.90372575509e-05,-5.40749008087e-05,-5.91462342689e-05,-6.42523660143e-05,-6.93939665182e-05,
165.0,1.9890722587e-19,-4.84543212483e-06,-9.69481316696e-06,-1.45520423841e-05,-1.94209203394e-05,-2.43051011071e-05,-2.92080463209e-05,-3.41329816418e-05,-3.90828561931e-05,-4.40603054741e-05,-4.90676182159e-05,-5.41067075997e-05,-5.91790871964e-05,-6.42858519329e-05,-6.9427664322e-05,
166.0,3.08402998956e-19,-4.84916028277e-06,-9.70222259942e-06,-1.45630399138e-05,-1.94353676667e-05,-2.43228165495e-05,-2.92288070973e-05,-3.41565266742e-05,-3.91088893899e-05,-4.4088499453e-05,-4.90976184215e-05,-5.41381367616e-05,-5.92115500743e-05,-6.43189402865e-05,-6.94609620451e-05,
167.0,1.15776340929e-19,-4.85284417825e-06,-9.70954406352e-06,-1.45739068754e-05,-1.94496434682e-05,-2.43403216652e-05,-2.92493213911e-05,-3.41797921677e-05,-3.91346135066e-05,-4.41163586976e-05,-4.91272624479e-05,-5.41691927788e-05,-5.92436275344e-05,-6.43516357962e-05,-6.94938644386e-05,
168.0,3.43138381871e-19,-4.85648433669e-06,-9.71677860355e-06,-1.45846448189e-05,-1.94637497801e-05,-2.43576189511e-05,-2.92695921283e-05,-3.42027814407e-05,-3.91600322125e-05,-4.41438871817e-05,-4.91565545236e-05,-5.41998800812e-05,-5.92753241524e-05,-6.43839431257e-05,-6.95263761957e-05,
169.0,-8.38239376455e-22,-4.8600812773e-06,-9.72392725138e-06,-1.4595255276e-05,-1.94776886144e-05,-2.43747108743e-05,-2.92896222004e-05,-3.42254977723e-05,-3.91851491332e-05,-4.41710888319e-05,-4.91854988269e-05,-5.42302030459e-05,-5.93066444494e-05,-6.44158668836e-05,-6.95585019538e-05,
170.0,-5.29333094107e-20,-4.86363551323e-06,-9.73099102687e-06,-1.46057397604e-05,-1.94914619596e-05,-2.43915998733e-05,-2.93094144648e-05,-3.42479444035e-05,-3.92099678521e-05,-4.41979675291e-05,-4.92140994872e-05,-5.42601659993e-05,-5.9337592894e-05,-6.44474116242e-05,-6.95902462966e-05,
171.0,2.80074444059e-19,-4.86714755138e-06,-9.73797093745e-06,-1.46160997673e-05,-1.95050717803e-05,-2.44082883569e-05,-2.93289717444e-05,-3.42701245356e-05,-3.9234491909e-05,-4.42245271068e-05,-4.92423605837e-05,-5.42897732148e-05,-5.93681739002e-05,-6.44785818469e-05,-6.96216137515e-05,
172.0,4.22717883873e-19,-4.87061789275e-06,-9.7448679788e-06,-1.46263367747e-05,-1.95185200178e-05,-2.44247787056e-05,-2.93482968291e-05,-3.42920413326e-05,-3.92587248023e-05,-4.42507713539e-05,-4.9270286148e-05,-5.43190289161e-05,-5.93983918307e-05,-6.45093819982e-05,-6.96526087934e-05,
173.0,1.69632849916e-19,-4.8740470323e-06,-9.75168313463e-06,-1.46364522425e-05,-1.95318085902e-05,-2.44410732714e-05,-2.93673924753e-05,-3.43136979207e-05,-3.92826699885e-05,-4.42767040138e-05,-4.92978801633e-05,-5.43479372759e-05,-5.94282509956e-05,-6.45398164714e-05,-6.96832358432e-05,
174.0,2.06477425392e-19,-4.87743545935e-06,-9.75841737742e-06,-1.46464476143e-05,-1.95449393937e-05,-2.44571743797e-05,-2.93862614078e-05,-3.43350973902e-05,-3.93063308844e-05,-4.43023287868e-05,-4.93251465671e-05,-5.43765024196e-05,-5.94577556556e-05,-6.45698896093e-05,-6.97134992715e-05,
175.0,4.45769511456e-19,-4.880783657e-06,-9.76507166733e-06,-1.46563243152e-05,-1.95579143005e-05,-2.44730843259e-05,-2.9404906317e-05,-3.43562427921e-05,-3.93297108636e-05,-4.43276493267e-05,-4.93520892472e-05,-5.440472842e-05,-5.94869100178e-05,-6.45996056999e-05,-6.97434033931e-05,
176.0,3.14532669444e-19,-4.8840921028e-06,-9.77164695341e-06,-1.46660837537e-05,-1.95707351612e-05,-2.44888053793e-05,-2.94233298621e-05,-3.43771371424e-05,-3.93528132607e-05,-4.43526692448e-05,-4.93787120464e-05,-5.4432619303e-05,-5.95157182404e-05,-6.46289689817e-05,-6.97729524735e-05,
177.0,-9.09049514263e-20,-4.88736126848e-06,-9.77814417321e-06,-1.46757273215e-05,-1.95834038038e-05,-2.45043397814e-05,-2.944153467e-05,-3.43977834203e-05,-3.937564137e-05,-4.43773921087e-05,-4.94050187607e-05,-5.44601790454e-05,-5.9544184431e-05,-6.46579836414e-05,-6.98021507258e-05,
178.0,2.93950916106e-19,-4.89059161965e-06,-9.7845642521e-06,-1.46852563921e-05,-1.95959220327e-05,-2.45196897449e-05,-2.94595233337e-05,-3.44181845665e-05,-3.93981984426e-05,-4.44018214397e-05,-4.9431013137e-05,-5.44874115727e-05,-5.95723126442e-05,-6.46866538117e-05,-6.98310023089e-05,
179.0,4.92439277172e-19,-4.89378355599e-06,-9.79090798442e-06,-1.46946721444e-05,-1.96082913967e-05,-2.45348571689e-05,-2.94772980787e-05,-3.44383431051e-05,-3.94204872697e-05,-4.44259602604e-05,-4.94566983916e-05,-5.45143202542e-05,-5.96001063602e-05,-6.47149830399e-05,-6.98595107927e-05,
180.0,5.48542359661,1.48395676721e+14,-2.72257709809e+14,3.456063577e+14,-3.41135551578e+14,2.3283724141e+14,-1.03561559729e+12,-3.61339700345e+14,8.43152191709e+14,-1.41217654767e+15,2.01645007466e+15,-2.59031217643e+15,3.06431081437e+15,-3.37703406542e+15,3.48628379708e+15,
181.0,-2.79466910164e+120,-1.23512323003e+134,2.45486724824e+134,-3.6440290535e+134,4.78775777958e+134,-5.87172983352e+134,6.88232234979e+134,-7.80678352794e+134,8.6333978214e+134,-9.35164335826e+134,9.95233848184e+134,-1.0427773972e+135,1.07718274041e+135,-1.09800562524e+135,1.10497667606e+135,
182.0,nan,nan,nan,nan,nan,nan,nan,nan,nan,nan,nan,nan,nan,nan,nan,
183.0,nan,nan,nan,nan,nan,nan,nan,nan,nan,nan,nan,nan,nan,nan,nan,
184.0,nan,nan,nan,nan,nan,nan,nan,nan,nan,nan,nan,nan,nan,nan,nan,
185.0,nan,nan,nan,nan,nan,nan,nan,nan,nan,nan,nan,nan,nan,nan,nan,
186.0,nan,nan,nan,nan,nan,nan,nan,nan,nan,nan,nan,nan,nan,nan,nan,
187.0,nan,nan,nan,nan,nan,nan,nan,nan,nan,nan,nan,nan,nan,nan,nan