Coordinates:
0.0,0.714285714286,1.42857142857,2.14285714286,2.85714285714,3.57142857143,4.28571428571,5.0,5.71428571429,6.42857142857,7.14285714286,7.85714285714,8.57142857143,9.28571428571,10.0,
Volumes:
0.357142857143,0.714285714286,0.714285714286,0.714285714286,0.714285714286,0.714285714286,0.714285714286,0.714285714286,0.714285714286,0.714285714286,0.714285714286,0.714285714286,0.714285714286,0.714285714286,0.357142857143,

 Time(s), Error (-) on vertices
1.0,0.0,102678.967472,597.718467071,20.4939521502,0.976306677531,0.0528533089673,0.00306258336222,0.000185066133438,1.15046947825e-05,7.29888054498e-07,
2.0,6839.08710509,238.314430874,11.4406172904,0.622095261843,0.0361500854558,0.00218879751805,0.000136263710302,8.65456436463e-06,5.5803500669e-07,
3.0,4641.17573282,117.458465464,4.56364670891,0.213289799752,0.0110624360532,0.00061317775983,3.55773509052e-05,2.13369732995e-06,1.31192764311e-07,
4.0,3587.40925671,70.4061544791,2.25457267324,0.0903918525466,0.00413927590867,0.000207005908445,1.10209414859e-05,6.14669784733e-07,
5.0,2962.46058126,47.4239620039,1.28703220572,0.0449160257558,0.00182686814033,8.24459509293e-05,4.01269256953e-06,2.0683217209e-07,
6.0,2544.05791765,34.3955041938,0.809407504052,0.0249836073613,0.000912154299565,3.74044066109e-05,1.67031834823e-06,7.96490970681e-08,
7.0,2241.98724983,26.2477412507,0.544862480808,0.015081733265,0.000499151757977,1.87461034728e-05,7.72553770837e-07,
8.0,2012.50160092,20.790963516,0.385607712846,0.0096852249141,0.000292975338289,1.01471402179e-05,3.88309092874e-07,
9.0,1831.7150205,16.9465311886,0.283548746927,0.0065272551049,0.000181783084725,5.83772560376e-06,2.08608045458e-07,
