Coordinates:
0.0,0.714285714286,1.42857142857,2.14285714286,2.85714285714,3.57142857143,4.28571428571,5.0,5.71428571429,6.42857142857,7.14285714286,7.85714285714,8.57142857143,9.28571428571,10.0,
Volumes:
0.357142857143,0.714285714286,0.714285714286,0.714285714286,0.714285714286,0.714285714286,0.714285714286,0.714285714286,0.714285714286,0.714285714286,0.714285714286,0.714285714286,0.714285714286,0.714285714286,0.357142857143,

 Time(s), Displacement (m) on vertices
0.0,0.0,0.0,0.0,0.0,0.0,0.0,0.0,0.0,0.0,0.0,0.0,0.0,0.0,0.0,0.0,
1.0,-1.18255794208e-18,-4.25506919168e-06,-3.10458908523e-05,-1.15979066031e-05,-6.44878976992e-05,-1.51895402816e-05,-0.000103233885891,-1.16448880136e-05,-0.000151324554652,3.94529479957e-06,-0.000214796340644,3.90625886545e-05,-0.000302969924285,0.00010535742623,-0.000430438614546,
2.0,1.60776794715e-18,-7.15159127489e-06,-2.53564618159e-05,-1.98544985615e-05,-5.40507067796e-05,-2.71976270375e-05,-9.05791877944e-05,-2.35788217093e-05,-0.000142098407788,2.73015787364e-07,-0.000220705051216,6.01910317735e-05,-0.000347141832711,0.000183342435048,-0.000556959160786,
3.0,5.26367352417e-20,-9.7005195021e-06,-2.02495537977e-05,-2.75200181549e-05,-4.38717643925e-05,-3.97364946526e-05,-7.60381386795e-05,-3.94183024468e-05,-0.00012621539846,-1.35545287961e-05,-0.000212290275167,6.23857609921e-05,-0.000367792073707,0.000234065438859,-0.000654689768971,
4.0,4.05791747745e-19,-1.1368476863e-05,-1.68357404611e-05,-3.28218369617e-05,-3.65059039629e-05,-4.93227143898e-05,-6.41825993547e-05,-5.33467099639e-05,-0.000110868384091,-2.88870714954e-05,-0.000199662207401,5.71123844664e-05,-0.000377507296727,0.000270862470399,-0.000737231299673,
5.0,-4.52957525152e-19,-1.22451736271e-05,-1.49701133319e-05,-3.58923607487e-05,-3.1931231446e-05,-5.57442416224e-05,-5.55998699512e-05,-6.42531710425e-05,-9.78322117521e-05,-4.31726015693e-05,-0.000186212744218,4.85896148215e-05,-0.000381221304924,0.000299160563891,-0.000810187992051,
6.0,6.36879632333e-19,-1.2544744806e-05,-1.42484170523e-05,-3.72782732656e-05,-2.95290846774e-05,-5.96004932646e-05,-4.98180244783e-05,-7.23632428213e-05,-8.72472484048e-05,-5.57988763154e-05,-0.000173099561025,3.85395298633e-05,-0.00038116296938,0.00032154745537,-0.000876278311653,
7.0,7.78488563077e-19,-1.24652698035e-05,-1.42899088372e-05,-3.75118630186e-05,-2.8662790315e-05,-6.15693893897e-05,-4.61958395092e-05,-7.81918945636e-05,-7.88196841735e-05,-6.67486572181e-05,-0.000160720734834,2.77714075864e-05,-0.000378522926592,0.000339490083662,-0.000937071082495,
8.0,9.63887434615e-19,-1.21590057107e-05,-1.4799150606e-05,-3.70129492454e-05,-2.88177664221e-05,-6.22187092023e-05,-4.41663664322e-05,-8.22397387708e-05,-7.21886456783e-05,-7.61691272195e-05,-0.000149205219729,1.672448447e-05,-0.000374037094151,0.000353944040868,-0.000993603841734,
9.0,6.32602844285e-20,-1.17343232065e-05,-1.55640431799e-05,-3.60872461273e-05,-2.96117629159e-05,-6.19813828664e-05,-4.3282188453e-05,-8.49216562615e-05,-6.70279879871e-05,-8.42373594519e-05,-0.000138579901782,5.66446579058e-06,-0.00036820673666,0.000365588871474,-0.00104662341004,
10.0,-4.94984911869e-19,-1.12647789146e-05,-1.64391315588e-05,-3.49479006742e-05,-3.07723495732e-05,-6.11743705751e-05,-4.32050681139e-05,-8.65639686449e-05,-6.30661516882e-05,-9.11209292404e-05,-0.000128829218756,-5.23800099838e-06,-0.000361392309982,0.000374931977325,-0.00109669329826,
11.0,-1.08069682683e-19,-1.07981802542e-05,-1.7328529779e-05,-3.37385468444e-05,-3.21107344766e-05,-6.00245352752e-05,-4.36840933894e-05,-8.7418664819e-05,-6.0082655267e-05,-9.69685456067e-05,-0.000119918264822,-1.58711634094e-05,-0.000353860415188,0.000382362695377,-0.00114425027509,
12.0,5.25649380009e-19,-1.03639448813e-05,-1.81719496831e-05,-3.25524407185e-05,-3.34995151602e-05,-5.86915047848e-05,-4.45349434742e-05,-8.76792890555e-05,-5.78994432751e-05,-0.000101909724615,-0.000111802898169,-2.61626206498e-05,-0.000345811220287,0.000388184955386,-0.00118963886081,
13.0,2.03060130511e-18,-9.97866281012e-06,-1.89340964434e-05,-3.14470942243e-05,-3.48554653406e-05,-5.72856718227e-05,-4.56231011169e-05,-8.74944934651e-05,-5.63723924974e-05,-0.000106056846431,-0.000104434817524,-3.60672779145e-05,-0.000337396378781,0.000392639125449,-0.00123313455418,
14.0,-1.95435957643e-19,-9.65017557737e-06,-1.95968650996e-05,-3.0455105349e-05,-3.61266894589e-05,-5.58817821223e-05,-4.68509700237e-05,-8.69787156166e-05,-5.53842273811e-05,-0.000109507560115,-9.77644301981e-05,-4.55592621479e-05,-0.000328731550524,0.000395917518025,-0.0012749603918,
15.0,4.99291153263e-19,-9.38048609132e-06,-2.01537538163e-05,-2.95919581885e-05,-3.72832943907e-05,-5.4528908403e-05,-4.81482867922e-05,-8.62202812322e-05,-5.48389531179e-05,-0.00011234695993,-9.17425683897e-05,-5.46262998103e-05,-0.000319905381368,0.000398175644641,-0.00131529900844,
16.0,2.36867740023e-18,-9.167863931e-06,-2.06058067655e-05,-2.88617216971e-05,-3.83105181299e-05,-5.3257872981e-05,-4.94648953011e-05,-8.52876102513e-05,-5.46574805556e-05,-0.000114649444223,-8.63215750462e-05,-6.32656333436e-05,-0.000310986190831,0.000399540680653,-0.00135430173336,
