Coordinates:
0.0,0.714285714286,1.42857142857,2.14285714286,2.85714285714,3.57142857143,4.28571428571,5.0,5.71428571429,6.42857142857,7.14285714286,7.85714285714,8.57142857143,9.28571428571,10.0,
Volumes:
0.357142857143,0.714285714286,0.714285714286,0.714285714286,0.714285714286,0.714285714286,0.714285714286,0.714285714286,0.714285714286,0.714285714286,0.714285714286,0.714285714286,0.714285714286,0.714285714286,0.357142857143,

 Time(s), Error (-) on vertices
87.2623808498,0.0,211236.921449,65769.7240395,20548.1691408,6454.42219629,2044.97295604,656.984420477,215.755173954,73.2191184136,25.9766703166,9.70964689673,3.82243041025,1.57218006461,0.668079293046,0.290357272615,0.1281248093,0.0571296485379,0.0256645408754,0.0115945025605,0.00526147980267,0.00239639889893,0.00109487268584,0.000501580615554,0.000230329492613,0.000105992818409,4.88682999029e-05,2.25695299017e-05,1.04398596084e-05,4.8359728057e-06,2.24306151858e-06,1.04164264114e-06,4.84262865183e-07,
174.5247617,1.0,0.393314678032,0.158257979301,0.065013620306,0.0272010830352,0.0115609922645,0.0049794219313,0.00216874629458,0.000953450691519,0.000422472339642,0.000188443013384,8.45307468859e-05,3.81025672803e-05,1.72470516958e-05,7.83544483205e-06,3.57114859857e-06,1.63225096948e-06,7.47937887127e-07,
261.787142549,1.0,0.362626822611,0.133722999288,0.0501689647569,0.0191487944151,0.00743228890352,0.00293096453623,0.00117305843194,0.000475881387999,0.00019542396624,8.11340423568e-05,3.40141101398e-05,1.43840111957e-05,6.12989510663e-06,2.63037009207e-06,1.13568328589e-06,4.93062180041e-07,
349.049523399,1.0,0.237907766192,0.0603783474995,0.0163331436671,0.00468212473065,0.00141044927653,0.000442684662302,0.000143687982332,4.79435530577e-05,1.6367628379e-05,5.69638639719e-06,2.0152308462e-06,7.2305422316e-07,
436.311904249,1.0,0.118617232729,0.0193986282679,0.00384375557043,0.000859463275614,0.000208820401386,5.39235584389e-05,1.45917702062e-05,4.09813898284e-06,1.18641120913e-06,3.52246633319e-07,
523.574285099,1.0,0.0621829737824,0.00602466457293,0.000794777184007,0.000134666203387,2.65916479044e-05,5.7414077366e-06,1.31634481823e-06,3.15819507898e-07,
610.836665949,1.0,0.161039405765,0.0308295836794,0.0062987747144,0.0013358737259,0.000290710856966,6.45592582129e-05,1.45821079118e-05,3.34081791058e-06,7.7431499552e-07,
698.099046798,1.0,0.11250262931,0.0153800195031,0.00225325577226,0.000343622585007,5.3986160657e-05,8.69065922304e-06,1.4266300946e-06,2.37746983685e-07,
785.361427648,1.0,0.0634593461221,0.0052267268578,0.000478743358977,4.89673934554e-05,5.84978248483e-06,8.54379232923e-07,
872.623808498,1.0,0.0357097516298,0.00291419874439,0.000342515150522,4.85815076118e-05,7.82777779409e-06,1.38455599953e-06,2.63503393831e-07,
959.886189348,1.0,0.042876053736,0.00255569609762,0.000196560617476,2.07437099435e-05,2.84783077797e-06,4.56449454913e-07,
1047.1485702,1.0,0.0695366749998,0.00584153609408,0.000528004449567,5.03869352698e-05,5.00860508448e-06,5.15656990685e-07,
1134.41095105,1.0,0.057253294124,0.00402564631578,0.000308690121715,2.53818837979e-05,2.22175212777e-06,2.14042497429e-07,
1221.6733319,1.0,0.0449704795663,0.00256497591441,0.000166117321121,1.21678466969e-05,1.08463073336e-06,1.26681364736e-07,
1308.93571275,1.0,0.0333999009153,0.00154031613541,9.36120908674e-05,7.7265899303e-06,8.73865562793e-07,
1396.1980936,1.0,0.0244054942001,0.00109706772096,8.04275645681e-05,8.07729278748e-06,9.58228372363e-07,
1483.46047445,1.0,0.0283782413601,0.00116467094162,6.57548522133e-05,5.2924853442e-06,5.6701732058e-07,
1570.7228553,1.0,0.0346950807687,0.00156042848078,8.18691969482e-05,4.90815659286e-06,3.81702085397e-07,
1657.98523615,1.0,0.0422431269686,0.00218922931938,0.000126056645009,7.61267257451e-06,4.82326453187e-07,
1745.247617,1.0,0.0393555324253,0.00191892307174,0.000104089916556,5.91261777249e-06,3.55729165773e-07,
1832.50999785,1.0,0.0364137372497,0.00166498125407,8.46065985945e-05,4.51420860506e-06,2.60835682824e-07,
1919.7723787,1.0,0.033439011384,0.00142886210684,6.75777823615e-05,3.39285490717e-06,1.93052851815e-07,
2007.03475955,1.0,0.0304550404713,0.00121179743089,5.29764809081e-05,2.52409828081e-06,1.47757947542e-07,
2094.2971404,1.0,0.0274902583011,0.0010149063702,4.07995490413e-05,1.88427490596e-06,1.19860847407e-07,
2181.55952125,1.0,0.0245815682122,0.00083936139147,3.10978265092e-05,1.44962620479e-06,1.03844381337e-07,
2268.82190209,1.0,0.0217803781054,0.000686655802669,2.39981154374e-05,1.19191143274e-06,9.48061785522e-08,
2356.08428294,1.0,0.0191622398805,0.000559037134564,1.96296774791e-05,1.07317103149e-06,8.95509459877e-08,
2443.34666379,1.0,0.0168409083681,0.000460076488337,1.78243409724e-05,1.05031839695e-06,8.66748825019e-08,
2530.60904464,1.0,0.0149830698559,0.000394804238392,1.78756298038e-05,1.08862881405e-06,8.59656345359e-08,
2617.87142549,1.0,0.0138046787578,0.000367769918295,1.8909052703e-05,1.16745519152e-06,8.77526702779e-08,
2705.13380634,1.0,0.0141377205699,0.000339310458198,1.55852965384e-05,9.14597603251e-07,
2792.39618719,1.0,0.0149554057131,0.000338313399806,1.31422836251e-05,7.16326426482e-07,
2879.65856804,1.0,0.0161729998198,0.000364926325323,1.17520315548e-05,5.66287343311e-07,
2966.92094889,1.0,0.0176988919133,0.000415507580273,1.16649165657e-05,4.66042640121e-07,
3054.18332974,1.0,0.0194530242862,0.00048530796534,1.29927708749e-05,4.27133058155e-07,
3141.44571059,1.0,0.0213728583752,0.000570607091047,1.56066221427e-05,4.62412139383e-07,
3228.70809144,1.0,0.0207669958362,0.000532617136442,1.40709199581e-05,4.0915361921e-07,
3315.97047229,1.0,0.0201448180478,0.000495075876584,1.26293377524e-05,3.62547189153e-07,
3403.23285314,1.0,0.0195065215912,0.00045813318459,1.12836329771e-05,3.22133282099e-07,
3490.49523399,1.0,0.0188524880648,0.000421942409137,1.00350719423e-05,2.8743458639e-07,
3577.75761484,1.0,0.0181832939844,0.000386661413462,8.88441019499e-06,2.57942808926e-07,
3665.01999569,1.0,0.0174997220866,0.000352454514199,7.83190892406e-06,2.33111118102e-07,
3752.28237654,1.0,0.0168027758208,0.000319495598977,6.87738341384e-06,2.12358684786e-07,
3839.54475739,1.0,0.01609369923,0.000287972833613,6.0202779963e-06,1.95082386863e-07,
3926.80713824,1.0,0.0153740049535,0.000258095457423,5.25977782542e-06,1.80682246906e-07,
4014.06951909,1.0,0.0146455138387,0.000230103129357,4.5949384406e-06,1.6859109869e-07,
4101.33189994,1.0,0.0139104107341,0.000204277852481,4.02480694744e-06,1.58301488435e-07,
4188.59428079,1.0,0.0131713224954,0.00018095694561,3.54848041155e-06,1.49388564587e-07,
4275.85666164,1.0,0.012431426225,0.000160541491941,3.16499240323e-06,1.41521032533e-07,
4363.11904249,1.0,0.0116945982528,0.000143486577346,2.87290722898e-06,1.34464407105e-07,
4450.38142334,1.0,0.0109656171377,0.000130249068074,2.66959564165e-06,1.28076694484e-07,
4537.64380419,1.0,0.0102504361172,0.000121169762941,2.55042463146e-06,1.22301670308e-07,
4624.90618504,1.0,0.00955653951363,0.000116308164331,2.50837865652e-06,1.17160208162e-07,
4712.16856589,1.0,0.0088933877638,0.000115325745542,2.53453001231e-06,1.12740892621e-07,
4799.43094674,1.0,0.0082729250798,0.000117527847663,2.61920801557e-06,1.09190657448e-07,
4886.69332759,1.0,0.00771005166876,0.000122052015756,2.75322257599e-06,1.06699824469e-07,
4973.95570844,1.0,0.00722282508525,0.000128072298013,2.92860204154e-06,1.05483585973e-07,
5061.21808929,1.0,0.00683195927792,0.00013491955498,3.13875540465e-06,1.05754233357e-07,
5148.48047014,1.0,0.00673011905961,0.000124188000161,2.80315016054e-06,9.20162179472e-08,
5235.74285099,1.0,0.00670327509142,0.00011441042893,2.50000735654e-06,7.99765297223e-08,
5323.00523184,1.0,0.00674967374287,0.000105653046142,2.2267337326e-06,6.94337313497e-08,
5410.26761269,1.0,0.00686538487315,9.80199893457e-05,1.98122001356e-06,6.02106406205e-08,
5497.52999354,1.0,0.00704476167607,9.16549057922e-05,1.76195822229e-06,5.21517775487e-08,
5584.79237439,1.0,0.00728108205953,8.67342762797e-05,1.56822733432e-06,4.51214934121e-08,
5672.05475524,1.0,0.00756720253653,8.34472464493e-05,1.40035658558e-06,3.90036173777e-08,
5759.31713609,1.0,0.00789609745723,8.19604267973e-05,1.2600346761e-06,3.3702230869e-08,
5846.57951694,1.0,0.00826122783863,8.23759234099e-05,1.15053203211e-06,2.9145513162e-08,
5933.84189779,1.0,0.00865674422346,8.47011485739e-05,1.07652276063e-06,2.52893964224e-08,
6021.10427864,1.0,0.00907756001915,8.88472613735e-05,1.04307479443e-06,2.212922127e-08,
6108.36665949,1.0,0.00951933913025,9.46561864714e-05,1.05379265542e-06,1.9706662424e-08,
6195.62904034,1.0,0.0099784353448,0.000101939624678,1.10914721892e-06,1.81126067965e-08,
6282.89142119,1.0,0.0104518102457,0.0001105122056,1.20639910734e-06,1.74632223533e-08,
6370.15380204,1.0,0.010936946363,0.000120210887996,1.34110090101e-06,1.78403410863e-08,
6457.41618289,1.0,0.0106806624879,0.000114865291406,1.25777710037e-06,1.64231876535e-08,
6544.67856374,1.0,0.01042305423,0.000109648449537,1.1795786482e-06,1.51567822999e-08,
6631.94094458,1.0,0.0101642518745,0.000104563114118,1.10645656261e-06,1.40373025139e-08,
6719.20332543,1.0,0.00990437591795,9.96119194958e-05,1.0383586039e-06,1.30575429118e-08,
6806.46570628,1.0,0.00964353778633,9.47974060935e-05,9.75231406579e-07,
6893.72808713,1.0,0.00975978036931,9.67330410739e-05,9.93674080001e-07,
6980.99046798,1.0,0.00968771839448,9.53118869719e-05,9.72035030763e-07,
7068.25284883,1.0,0.00961581925538,9.39030288854e-05,9.50821685667e-07,
7155.51522968,1.0,0.0095440855411,9.25065283948e-05,9.30007335014e-07,
7242.77761053,1.0,0.00947251870944,9.11224388069e-05,9.09574797975e-07,
7330.03999138,1.0,0.00940111922447,8.97507952439e-05,8.89505612226e-07,
7417.30237223,1.0,0.00932988667918,8.83916219585e-05,8.69787174922e-07,
7504.56475308,1.0,0.00925881991065,8.70449278751e-05,8.5040711713e-07,
7591.82713393,1.0,0.00918791710506,8.57107121071e-05,8.31354775698e-07,
7679.08951478,1.0,0.00911717588982,8.43889625629e-05,8.1262385082e-07,
7766.35189563,1.0,0.00904659342037,8.30796550852e-05,7.94206322469e-07,
7853.61427648,1.0,0.00897616645382,8.17827562311e-05,7.76096667449e-07,
7940.87665733,1.0,0.00890589142173,8.04982257839e-05,7.58288638287e-07,
8028.13903818,1.0,0.00883576448521,7.92260147031e-05,7.40778834017e-07,
8115.40141903,1.0,0.00876578160011,7.79660681826e-05,7.23561322632e-07,
8202.66379988,1.0,0.008695938553,7.67183240075e-05,7.06633888876e-07,
8289.92618073,1.0,0.0086262310129,7.54827169956e-05,6.89991721848e-07,
8377.18856158,1.0,0.00855665456696,7.42591771929e-05,6.73630514107e-07,
8464.45094243,1.0,0.00848720474973,7.30476304268e-05,6.57549057443e-07,
8551.71332328,1.0,0.0084178770803,7.18480020228e-05,6.41742413531e-07,
8638.97570413,1.0,0.0083486670796,7.0660212771e-05,6.262083811e-07,
8726.23808498,1.0,0.00827957029527,6.94841826175e-05,6.10944212603e-07,
8813.50046583,1.0,0.00821058232197,6.83198297952e-05,5.95945144752e-07,
8900.76284668,1.0,0.0081416988162,6.71670746994e-05,5.8121105492e-07,
8988.02522753,1.0,0.00807291550495,6.60258333424e-05,5.66737500971e-07,
9075.28760838,1.0,0.00800422820684,6.48960268438e-05,5.52522115561e-07,
9162.54998923,1.0,0.00793563283387,6.37775706817e-05,5.38560411996e-07,
9249.81237008,1.0,0.00786712539794,6.26703860466e-05,5.24852507111e-07,
9337.07475093,1.0,0.0077987020218,6.15743917687e-05,5.11393154458e-07,
9424.33713178,1.0,0.00773035894265,6.04895098505e-05,4.98181498093e-07,
9511.59951263,1.0,0.00766209251456,5.94156641641e-05,4.85212306812e-07,
9598.86189348,1.0,0.00759389920677,5.83527759416e-05,4.72485328518e-07,
9686.12427433,1.0,0.00752577561149,5.73007720279e-05,4.59996253354e-07,
9773.38665518,1.0,0.00745771844238,5.62595800656e-05,4.47743549656e-07,
9860.64903603,1.0,0.0073897245321,5.52291273598e-05,4.35722682575e-07,
9947.91141688,1.0,0.00732179083674,5.42093473664e-05,4.23933221112e-07,
10035.1737977,1.0,0.00725391442704,5.32001719644e-05,4.12371656921e-07,
10122.4361786,1.0,0.00718609249229,5.22015340285e-05,4.01033342923e-07,
10209.6985594,1.0,0.00711832233882,5.12133700379e-05,3.89918805095e-07,
10296.9609403,1.0,0.00705060138387,5.02356214055e-05,3.79023580024e-07,
10384.2233211,1.0,0.006982927157,4.92682272798e-05,3.6834502464e-07,
10471.485702,1.0,0.00691529729214,4.83111278296e-05,3.57880497761e-07,
10558.7480828,1.0,0.0068477095292,4.73642697914e-05,3.47630030403e-07,
10646.0104637,1.0,0.00678016170864,4.64275970491e-05,3.37587032479e-07,
10733.2728445,1.0,0.00671265177272,4.55010590427e-05,3.27751346644e-07,
10820.5352254,1.0,0.00664517775585,4.45846071365e-05,3.18120110586e-07,
10907.7976062,1.0,0.00657773778309,4.3678190083e-05,3.08690134203e-07,
10995.0599871,1.0,0.00651033006979,4.27817618079e-05,2.99458684195e-07,
11082.3223679,1.0,0.00644295291777,4.1895280005e-05,2.90424611759e-07,
11169.5847488,1.0,0.00637560470702,4.10186987495e-05,2.81585034623e-07,
11256.8471296,1.0,0.00630828390012,4.01519784808e-05,2.72938286402e-07,
11344.1095105,1.0,0.00624098903373,3.92950777016e-05,2.64478699632e-07,
11431.3718913,1.0,0.00617371871854,3.84479605506e-05,2.56207125579e-07,
11518.6342722,1.0,0.00610647163032,3.76105890541e-05,2.48121243431e-07,
11605.896653,1.0,0.00603924651665,3.67829281745e-05,2.40217076524e-07,
11693.1590339,1.0,0.00597204218521,3.59649425183e-05,2.32491838258e-07,
11780.4214147,1.0,0.00590485750521,3.51566026838e-05,2.2494344362e-07,
11867.6837956,1.0,0.00583769140826,3.43578762538e-05,2.17572205343e-07,
11954.9461764,1.0,0.00577054287265,3.35687341495e-05,2.10373235747e-07,
12042.2085573,1.0,0.00570341093559,3.27891458438e-05,2.03342616143e-07,
12129.4709381,1.0,0.00563629468283,3.20190873706e-05,1.96483895531e-07,
12216.733319,1.0,0.00556919325003,3.12585296779e-05,1.8978958385e-07,
12303.9956998,1.0,0.00550210581527,3.05074493164e-05,1.83259426789e-07,
12391.2580807,1.0,0.00543503160344,2.97658219572e-05,1.76891136834e-07,
12478.5204615,1.0,0.00536796987946,2.90336268724e-05,1.70683607161e-07,
12565.7828424,1.0,0.0053009199458,2.83108391577e-05,1.64632371111e-07,
12653.0452232,1.0,0.00523388114438,2.75974389192e-05,1.58734930947e-07,
12740.3076041,1.0,0.00516685285333,2.6893408247e-05,1.52992328613e-07,
12827.5699849,1.0,0.00509983447961,2.61987237164e-05,1.47399736327e-07,
12914.8323658,1.0,0.00503282546726,2.55133692646e-05,1.41956051716e-07,
13002.0947466,1.0,0.00496582529309,2.48373330575e-05,1.36659386916e-07,
13089.3571275,1.0,0.00489883345311,2.41705890665e-05,1.31506609909e-07,
13176.6195083,1.0,0.00483184947875,2.35131277935e-05,1.2649564616e-07,
13263.8818892,1.0,0.00476487292557,2.28649307992e-05,1.21624073483e-07,
13351.14427,1.0,0.00469790337024,2.22259866496e-05,1.16892390219e-07,
13438.4066509,1.0,0.00463094041619,2.15962802106e-05,1.12296913523e-07,
13525.6690317,1.0,0.00456398368974,2.09758009696e-05,1.07837569619e-07,
13612.9314126,1.0,0.00449703283586,2.03645304166e-05,1.03506644938e-07,
13700.1937934,1.0,0.0044300875162,1.97624617102e-05,9.93077628759e-08,
13787.4561743,1.0,0.0043631474185,1.91695826183e-05,9.5237785651e-08,
13874.7185551,1.0,0.00429621224332,1.85858810849e-05,9.1290747782e-08,
13961.980936,1.0,0.00422928170944,1.80113485747e-05,8.74707926957e-08,
14049.2433168,1.0,0.00416235554541,1.74459728682e-05,8.37729563474e-08,
14136.5056977,1.0,0.00409543351009,1.68897503445e-05,8.01943056341e-08,
14223.7680785,1.0,0.004028515357,1.6342664878e-05,7.67350710808e-08,
14311.0304594,1.0,0.00396160086713,1.58047110065e-05,7.33891470253e-08,
14398.2928402,1.0,0.00389468983013,1.52758839942e-05,7.01603279699e-08,
14485.5552211,1.0,0.00382778204693,1.47561758721e-05,6.70433240088e-08,
14572.8176019,1.0,0.00376087732617,1.42455717012e-05,6.403531131e-08,
14660.0799828,1.0,0.00369397549501,1.37440749997e-05,6.11381415518e-08,
14747.3423636,1.0,0.00362707638702,1.32516754259e-05,5.83459060777e-08,
14834.6047445,1.0,0.00356017983984,1.27683659195e-05,5.56593313039e-08,
14921.8671253,1.0,0.00349328571116,1.22941443362e-05,5.30756729241e-08,
15009.1295062,1.0,0.00342639385654,1.18290007319e-05,5.05914180918e-08,
15096.391887,1.0,0.00335950414555,1.13729318511e-05,4.82078396359e-08,
15183.6542679,1.0,0.00329261645574,1.09259367183e-05,4.59203820268e-08,
15270.9166487,1.0,0.00322573066893,1.04880085191e-05,4.37283660273e-08,
15358.1790296,1.0,0.00315884667285,1.00591431008e-05,4.1630331567e-08,
15445.4414104,1.0,0.00309196436709,9.63933512598e-06,3.96207494535e-08,
15532.7037913,1.0,0.00302508365453,9.22858905069e-06,3.77031930428e-08,
15619.9661721,1.0,0.00295820444009,8.82689608478e-06,3.58715117206e-08,
15707.228553,1.0,0.00289132663691,8.43425152108e-06,3.41247467521e-08,
15794.4909338,1.0,0.00282445016745,8.05066231457e-06,3.2461982516e-08,
15881.7533147,1.0,0.00275757495039,7.67611633832e-06,3.08797639734e-08,
15969.0156955,1.0,0.00269070091762,7.31061938734e-06,2.9377072879e-08,
16056.2780764,1.0,0.0026238280015,6.95417081976e-06,2.79498849313e-08,
16143.5404572,1.0,0.00255695613896,6.60676629038e-06,2.6597953911e-08,
16230.8028381,1.0,0.00249008526671,6.26840867394e-06,2.53188561535e-08,
16318.0652189,1.0,0.00242321533339,5.93909960173e-06,2.41087704575e-08,
16405.3275998,1.0,0.00235634628668,5.61883912626e-06,2.29660108458e-08,
16492.5899806,1.0,0.0022894780765,5.30762991284e-06,2.18890746243e-08,
16579.8523615,1.0,0.00222261065956,5.00547527071e-06,2.08745715842e-08,
16667.1147423,1.0,0.00215574399165,4.71237845559e-06,1.99199341057e-08,
16754.3771232,1.0,0.00208887803803,4.42834185202e-06,1.90228272182e-08,
16841.639504,1.0,0.00202201276136,4.15338079419e-06,1.81805038079e-08,
16928.9018849,1.0,0.0019551481284,3.88749169802e-06,1.73889967004e-08,
17016.1642657,1.0,0.00188828410988,3.63068803128e-06,1.66480386349e-08,
17103.4266466,1.0,0.00182142068196,3.38298116952e-06,1.59523299103e-08,
17190.6890274,1.0,0.00175455781882,3.14438280363e-06,1.53002076287e-08,
17277.9514083,1.0,0.00168769550346,2.91491446533e-06,1.46893958354e-08,
17365.2137891,1.0,0.00162083371959,2.69458747814e-06,1.41151857044e-08,
17452.47617,1.0,0.00155397245133,2.4834322692e-06,1.35774746324e-08,
17539.7385508,1.0,0.00148711169547,2.28147324047e-06,1.30724579325e-08,
17627.0009317,1.0,0.00142025144573,2.08874322105e-06,1.25960294824e-08,
17714.2633125,1.0,0.00135339170651,1.9052897535e-06,1.21474548408e-08,
17801.5256934,1.0,0.00128653248051,1.73115603718e-06,1.17236200024e-08,
17888.7880742,1.0,0.00121967379175,1.56641008221e-06,1.13233008375e-08,
17976.0504551,1.0,0.00115281566324,1.41112744789e-06,1.09425838241e-08,
18063.3128359,1.0,0.00108595813262,1.26540313091e-06,1.05809795193e-08,
18150.5752168,1.0,0.00101910125244,1.12935606839e-06,1.02366527894e-08,
18237.8375976,1.0,0.000952245103303,1.00312701447e-06,9.90730482668e-09,
18325.0999785,1.0,0.000885389784666,8.86897509807e-07,
18412.3623593,1.0,0.000818535436918,7.80870041359e-07,
18499.6247402,1.0,0.000751682264226,6.85294827116e-07,
18586.887121,1.0,0.000684830546767,6.004325255e-07,
18674.1495019,1.0,0.000617980700123,5.26530552614e-07,
18761.4118827,1.0,0.000551133340699,4.63748263068e-07,
18848.6742636,1.0,0.000484289439869,4.12038150027e-07,
18935.9366444,1.0,0.000417450587983,3.70973909718e-07,
19023.1990253,1.0,0.000350619603626,3.39612244509e-07,
19110.4614061,1.0,0.000283801969836,3.16443183127e-07,
19197.723787,1.0,0.000217009931475,2.99530999176e-07,
19284.9861678,1.0,0.000150277508091,2.86811852619e-07,
19372.2485487,1.0,8.37471580458e-05,2.76448570142e-07,
19459.5109295,1.0,1.95973228951e-05,2.67109860649e-07,
19546.7733104,1.0,5.19106314084e-05,2.58175180143e-07,
19634.0356912,1.0,0.000118091258392,2.49894441297e-07,
19721.2980721,1.0,0.000184760744447,2.43537083075e-07,
19808.5604529,1.0,0.000251530644577,2.4147000073e-07,
19895.8228338,1.0,0.000318337770609,2.4695262815e-07,
19983.0852146,1.0,0.000284913582705,2.30713452833e-07,
20070.3475955,1.0,0.000251491561497,2.16540261503e-07,
20157.6099763,1.0,0.000218072596506,2.04210547153e-07,
20244.8723572,1.0,0.000184658230563,1.93470790048e-07,
20332.134738,1.0,0.000151251391824,1.84048342844e-07,
20419.3971189,1.0,0.000117858321966,1.75671529969e-07,
20506.6594997,1.0,8.44951503145e-05,1.68079406385e-07,
20593.9218806,1.0,5.12200346624e-05,1.61049335363e-07,
20681.1842614,1.0,1.85132443706e-05,1.54412162814e-07,
20768.4466423,1.0,1.72379691255e-05,1.48066500206e-07,
20855.7090231,1.0,4.9866714349e-05,1.42000598886e-07,
20942.971404,1.0,8.31344779819e-05,1.36317607519e-07,
21030.2337848,1.0,0.000116494988093,1.31246584014e-07,
21117.4961657,1.0,0.000149886262121,1.27175197541e-07,
21204.7585465,1.0,0.000183291433553,1.2463877482e-07,
21292.0209274,1.0,0.000216704036343,1.24300613662e-07,
21379.2833082,1.0,0.000250121054772,1.26850752888e-07,
21466.5456891,1.0,0.000233406699709,1.19393576607e-07,
21553.8080699,1.0,0.000216692559792,1.12541839681e-07,
21641.0704508,1.0,0.000199978673683,1.06277922992e-07,
21728.3328316,1.0,0.000183265085198,1.00568170684e-07,
21815.5952125,1.0,0.000166551868336,9.53816176983e-08,
21902.8575933,1.0,0.000149839124917,9.06813025922e-08,
21990.1199742,1.0,0.000133127007095,8.64176278333e-08,
22077.382355,1.0,0.000116415758021,8.25462915246e-08,
22164.6447358,1.0,9.97057919702e-05,7.90184752906e-08,
22251.9071167,1.0,8.29978597925e-05,7.57810902828e-08,
22339.1694975,1.0,6.62934548001e-05,7.27865131154e-08,
22426.4318784,1.0,4.95961077097e-05,6.99861540792e-08,
22513.6942592,1.0,3.29165049848e-05,6.73424857439e-08,
22600.9566401,1.0,1.63090763955e-05,6.4823728155e-08,
22688.2190209,1.0,2.69064701753e-06,6.24041230265e-08,
22775.4814018,1.0,1.75286747883e-05,6.00772979187e-08,
22862.7437826,1.0,3.41471539115e-05,5.78470090616e-08,
22950.0061635,1.0,5.08287105747e-05,5.57376775235e-08,
23037.2685443,1.0,6.75265977398e-05,5.37942781536e-08,
23124.5309252,1.0,8.42311006407e-05,5.20844985272e-08,
23211.793306,1.0,0.000100938913375,5.07084002872e-08,
23299.0556869,1.0,0.000117648627902,4.97845876456e-08,
23386.3180677,1.0,0.000134359524682,4.94489471774e-08,
23473.5804486,1.0,0.00015107121424,4.98484723235e-08,
23560.8428294,1.0,0.000142713905685,4.72028547434e-08,
23648.1052103,1.0,0.000134356645083,4.47184327986e-08,
23735.3675911,1.0,0.000125999428757,4.23956320761e-08,
23822.629972,1.0,0.000117642263466,4.02229809838e-08,
23909.8923528,1.0,0.000109285154675,3.82016333649e-08,
23997.1547337,1.0,0.000100928108444,3.63224023582e-08,
24084.4171145,1.0,9.25711335286e-05,3.45779818138e-08,
24171.6794954,1.0,8.42142501833e-05,3.29584362793e-08,
24258.9418762,1.0,7.58574787868e-05,3.14554850129e-08,
24346.2042571,1.0,6.7500851238e-05,3.00603061644e-08,
24433.4666379,1.0,5.91444262429e-05,2.87608653447e-08,
24520.7290188,1.0,5.07882969176e-05,2.75492323441e-08,
24607.9913996,1.0,4.24326245874e-05,2.64149194127e-08,
24695.2537805,1.0,3.40777361432e-05,2.53469334881e-08,
24782.5161613,1.0,2.57243896349e-05,2.43364025446e-08,
24869.7785422,1.0,1.73747763198e-05,2.33760976261e-08,
24957.040923,1.0,9.03923727774e-06,2.24570085242e-08,
25044.3033039,1.0,1.10381694151e-06,2.15765990077e-08,
25131.5656847,1.0,7.77266235962e-06,2.07314468044e-08,
25218.8280656,1.0,1.61026327161e-05,1.99194871571e-08,
25306.0904464,1.0,2.44511725228e-05,1.91466259031e-08,
25393.3528273,1.0,3.28040994767e-05,1.84187180466e-08,
25480.6152081,1.0,4.11587325899e-05,1.77482420169e-08,
25567.877589,1.0,4.95142123535e-05,1.71497124914e-08,
25655.1399698,1.0,5.78701658204e-05,1.66494656194e-08,
25742.4023507,1.0,6.62264080698e-05,1.62688525259e-08,
25829.6647315,1.0,7.4582844443e-05,1.60483024286e-08,
25916.9271124,1.0,8.29394182004e-05,1.6016921195e-08,
26004.1894932,1.0,9.12960798534e-05,1.62035436995e-08,
26091.4518741,1.0,8.7117513024e-05,1.53708294596e-08,
26178.7142549,1.0,8.29389492667e-05,1.45800869763e-08,
26265.9766358,1.0,7.87603912185e-05,1.38333082989e-08,
26353.2390166,1.0,7.45818365274e-05,1.31283046004e-08,
26440.5013975,1.0,7.04032896502e-05,1.24630683051e-08,
26527.7637783,1.0,6.62247493262e-05,1.18402454126e-08,
26615.0261592,1.0,6.20462121598e-05,1.125611137e-08,
26702.28854,1.0,5.78676852032e-05,1.07088005505e-08,
26789.5509209,1.0,5.36891692885e-05,1.01978166414e-08,
26876.8133017,1.0,4.95106553543e-05,9.72305672543e-09,
26964.0756826,1.0,4.53321615377e-05,9.27944273551e-09,
27051.3380634,1.0,4.11536775719e-05,8.86680385949e-09,
27138.6004443,1.0,3.69752067665e-05,8.48086870236e-09,
27225.8628251,1.0,3.27967609636e-05,8.12204868685e-09,
27313.125206,1.0,2.86183504877e-05,7.78487139771e-09,
27400.3875868,1.0,2.44399864041e-05,7.46964113707e-09,
27487.6499677,1.0,2.02616999482e-05,7.17332951392e-09,
27574.9123485,1.0,1.60835505519e-05,6.89154681438e-09,
27662.1747294,1.0,1.19056792734e-05,6.62424432213e-09,
27749.4371102,1.0,7.72853829304e-06,6.37052870829e-09,
27836.6994911,1.0,3.55469321309e-06,6.12542722879e-09,
27923.9618719,1.0,6.7955102069e-07,5.89187353692e-09,
28011.2242528,1.0,4.81747992838e-06,5.66727594246e-09,
28098.4866336,1.0,8.99304869181e-06,5.45024950105e-09,
28185.7490145,1.0,1.31704893262e-05,5.24544767635e-09,
28273.0113953,1.0,1.73484663591e-05,5.05093272676e-09,
28360.2737762,1.0,2.15266596775e-05,4.86851259028e-09,
28447.536157,1.0,2.57049639054e-05,4.70948591926e-09,
28534.7985379,1.0,2.98833274407e-05,4.5731495756e-09,
28622.0609187,1.0,3.40617443986e-05,4.46462565864e-09,
28709.3232996,1.0,3.82401720367e-05,4.3970587133e-09,
28796.5856804,1.0,4.24186220131e-05,4.37938834962e-09,
28883.8480613,1.0,4.65970975281e-05,4.40999963272e-09,
28971.1104421,1.0,4.45078276795e-05,4.1854828175e-09,
29058.372823,1.0,4.24185616729e-05,3.97336219574e-09,
29145.6352038,1.0,4.03292921215e-05,3.77566031793e-09,
29232.8975847,1.0,3.82400266484e-05,3.58854711546e-09,
29320.1599655,1.0,3.61507587159e-05,3.40883454437e-09,
29407.4223464,1.0,3.40614930092e-05,3.24510248933e-09,
29494.6847272,1.0,3.19722386446e-05,3.07943189931e-09,
29581.9471081,1.0,2.98829693589e-05,2.93549787248e-09,
29669.2094889,1.0,2.7793712095e-05,2.79737275095e-09,
29756.4718698,1.0,2.5704445049e-05,2.66725944456e-09,
29843.7342506,1.0,2.36151892477e-05,2.54657770481e-09,
29930.9966315,1.0,2.15259365397e-05,2.43071137362e-09,
30018.2590123,1.0,1.94366708727e-05,2.32907365236e-09,
30105.5213932,1.0,1.73474288341e-05,2.22718200227e-09,
30192.783774,1.0,1.52581808403e-05,2.13335414385e-09,
30280.0461549,1.0,1.31689366363e-05,2.04808056537e-09,
30367.3085357,1.0,1.10797134017e-05,1.96379242082e-09,
30454.5709166,1.0,8.9904921177e-06,1.88615793644e-09,
30541.8332974,1.0,6.90130456137e-06,1.81272163503e-09,
30629.0956783,1.0,4.81218258134e-06,1.74236931063e-09,
30716.3580591,1.0,2.72327350946e-06,1.67381270182e-09,
30803.62044,1.0,6.36689440139e-07,1.6088859363e-09,
30890.8828208,1.0,1.45758833238e-06,1.5466507184e-09,
30978.1452017,1.0,3.5459594498e-06,1.48654583253e-09,
31065.4075825,1.0,5.63498332828e-06,1.43145102407e-09,
31152.6699634,1.0,7.72413833634e-06,1.37506951095e-09,
31239.9323442,1.0,9.81334592936e-06,1.32591578529e-09,
31327.1947251,1.0,1.19025644673e-05,1.27814442089e-09,
31414.4571059,1.0,1.39917999963e-05,1.23609978083e-09,
31501.7194868,1.0,1.6081031399e-05,1.20130380756e-09,
31588.9818676,1.0,1.81702813906e-05,1.17770766091e-09,
31676.2442485,1.0,2.02595299677e-05,1.15837979451e-09,
31763.5066293,1.0,2.2348779824e-05,1.1565905853e-09,
31850.7690102,1.0,2.44380266588e-05,1.1648993216e-09,
31938.031391,1.0,2.33933974436e-05,1.10923504273e-09,
32025.2937719,1.0,2.23487582197e-05,1.04809984181e-09,
32112.5561527,1.0,2.13041352026e-05,9.95404209503e-10,
32199.8185336,1.0,2.02595030397e-05,9.48736990453e-10,
32287.0809144,1.0,1.92148766724e-05,9.00755189263e-10,
32374.3432953,1.0,1.81702435309e-05,8.56344476079e-10,
32461.6056761,1.0,1.71256145474e-05,8.14875054977e-10,
32548.868057,1.0,1.60809941469e-05,7.76790414598e-10,
32636.1304378,1.0,1.50363551657e-05,7.37370298408e-10,
32723.3928187,1.0,1.39917282478e-05,7.03850888156e-10,
32810.6551995,1.0,1.29471054626e-05,6.72393626381e-10,
32897.9175804,1.0,1.19024677859e-05,6.40599565808e-10,
32985.1799612,1.0,1.0857844913e-05,6.15279637221e-10,
33072.4423421,1.0,9.81321524994e-06,5.87091177094e-10,
33159.7047229,1.0,8.76858764148e-06,5.60281596461e-10,
33246.9671038,1.0,7.7239591745e-06,5.4004952307e-10,
33334.2294846,1.0,6.67933093266e-06,5.15709406213e-10,
33421.4918655,1.0,5.63470672014e-06,4.94522476178e-10,
33508.7542463,1.0,4.59008020888e-06,4.75799345545e-10,
33596.0166272,1.0,3.54546209384e-06,4.57502726896e-10,
33683.279008,1.0,2.50084685017e-06,4.38225790022e-10,
33770.5413889,1.0,1.45626264825e-06,4.20811588771e-10,
33857.8037697,1.0,4.11866584584e-07,4.05891258367e-10,
33945.0661506,1.0,6.33317875597e-07,3.90312181259e-10,
34032.3285314,1.0,1.67781517632e-06,3.73319061114e-10,
34119.5909123,1.0,2.72240840093e-06,3.62611585335e-10,
34206.8532931,1.0,3.76702529322e-06,3.48098027624e-10,
34294.115674,1.0,4.81164476087e-06,3.34375741499e-10,
34381.3780548,1.0,5.8562658343e-06,3.22186077737e-10,
34468.6404357,1.0,6.90090357443e-06,3.11751774531e-10,
34555.9028165,1.0,7.94551709016e-06,3.04847777699e-10,
34643.1651974,1.0,8.9901557777e-06,2.94560673281e-10,
34730.4275782,1.0,1.00347806009e-05,2.93405820498e-10,
34817.6899591,1.0,1.10794215523e-05,2.84978862152e-10,
34904.9523399,1.0,1.21240353826e-05,2.93072347979e-10,
34992.2147208,1.0,1.16017228052e-05,2.77706216036e-10,
35079.4771016,1.0,1.10794029437e-05,2.72097748918e-10,
35166.7394825,1.0,1.05570960598e-05,2.54073620633e-10,
35254.0018633,1.0,1.0034777934e-05,2.38706870585e-10,
35341.2642442,1.0,9.51246671432e-06,2.27478288783e-10,
35428.526625,1.0,8.99015742347e-06,2.13902565883e-10,
35515.7890059,1.0,8.46783921626e-06,2.05552916513e-10,
35603.0513867,1.0,7.94551948248e-06,1.92304262357e-10,
35690.3137676,1.0,7.42321087229e-06,1.84023018539e-10,
35777.5761484,1.0,6.90088625218e-06,1.7333382303e-10,
35864.8385293,1.0,6.37856540282e-06,1.73636221989e-10,
35952.1009101,1.0,6.63973839953e-06,1.58342147206e-10,
36039.363291,1.0,6.90088429896e-06,1.61381821539e-10,
36126.6256718,1.0,6.77031479348e-06,1.51770013167e-10,
36213.8880527,1.0,6.63973608272e-06,1.41164466205e-10,
36301.1504335,1.0,6.50915726177e-06,1.38857650609e-10,
36388.4128144,1.0,6.37857089455e-06,1.36832717751e-10,
36475.6751952,1.0,6.24799706016e-06,1.28681123503e-10,
36562.9375761,1.0,6.11741635811e-06,1.26039444821e-10,
36650.1999569,1.0,5.98683603361e-06,1.18625463226e-10,
36737.4623378,1.0,5.85625765791e-06,1.18879405957e-10,
36824.7247186,1.0,5.9215377889e-06,1.16117375229e-10,
36911.9870995,1.0,5.98683462216e-06,1.08840140983e-10,
36999.2494803,1.0,6.05213279465e-06,1.03493952622e-10,
37086.5118612,1.0,6.11741961822e-06,1.02701807763e-10,
37173.774242,1.0,6.18269893147e-06,9.8247341762e-11,
37261.0366229,1.0,6.24799507303e-06,9.78009934331e-11,
37348.2990037,1.0,6.31327848804e-06,8.88169670589e-11,
37435.5613846,1.0,6.37857906853e-06,8.9447353917e-11,
37522.8237654,1.0,6.34593204154e-06,8.19336759081e-11,
37610.0861463,1.0,6.31329174103e-06,8.16664424417e-11,
37697.3485271,1.0,6.28064036417e-06,8.70365580526e-11,
37784.610908,1.0,6.29695770912e-06,7.77222497429e-11,
37871.8732888,1.0,6.31328436307e-06,7.73729904088e-11,
37959.1356697,1.0,6.32960706288e-06,7.8122651012e-11,
38046.3980505,1.0,6.32144052488e-06,8.00426113099e-11,
38133.6604314,1.0,6.32552429123e-06,6.97210057031e-11,
38220.9228122,1.0,6.32960788943e-06,6.73648675837e-11,
38308.1851931,1.0,6.33367794674e-06,7.46634662011e-11,
38395.4475739,1.0,6.33164282563e-06,6.20603471559e-11,
38482.7099548,1.0,6.32960346112e-06,6.97791149822e-11,
38569.9723356,1.0,6.33062517768e-06,6.82209206178e-11,
38657.2347165,1.0,6.33163528007e-06,6.98913122895e-11,
38744.4970973,1.0,6.33113802843e-06,5.55427624097e-11,
38831.7594782,1.0,6.3306164465e-06,6.5392493393e-11,
38919.021859,1.0,6.33087986152e-06,5.07285688311e-11,
39006.2842399,1.0,6.33113083303e-06,7.24018495578e-11,
39093.5466207,1.0,6.33100138394e-06,5.67074187938e-11,
39180.8090016,1.0,6.3308881589e-06,4.1459631588e-11,
39268.0713824,1.0,6.33076289514e-06,5.54009125195e-11,
39355.3337633,1.0,6.33081785977e-06,4.48268871741e-11,
39442.5961441,1.0,6.33088984e-06,4.22730478044e-11,
39529.858525,1.0,6.33094647959e-06,4.82004582557e-11,
39617.1209058,1.0,6.33091677237e-06,4.38445559378e-11,
39704.3832867,1.0,6.33088381423e-06,4.02644006053e-11,
39791.6456675,1.0,6.33084730594e-06,5.45039639191e-11,
39878.9080484,1.0,6.33086400973e-06,4.54195511376e-11,
39966.1704292,1.0,6.3308798745e-06,4.11403108387e-11,
40053.4328101,1.0,6.33090138535e-06,4.65240077914e-11,
40140.6951909,1.0,6.33088861101e-06,4.74589101527e-11,
40227.9575718,1.0,6.3308836951e-06,5.16016170821e-11,
40315.2199526,1.0,6.33087916189e-06,5.16119367031e-11,
40402.4823335,1.0,6.33088586257e-06,3.79801639218e-11,
40489.7447143,1.0,6.3308843866e-06,5.01436893187e-11,
40577.0070952,1.0,6.33089035794e-06,4.4202039456e-11,
40664.269476,1.0,6.33088638967e-06,4.45002862859e-11,
40751.5318569,1.0,6.33089605811e-06,3.73413450174e-11,
40838.7942377,1.0,6.33088900255e-06,4.34434830885e-11,
40926.0566186,1.0,6.33089444772e-06,4.2110940779e-11,
41013.3189994,1.0,6.33090425561e-06,4.82908111713e-11,
41100.5813803,1.0,6.3308942675e-06,3.85095371784e-11,
41187.8437611,1.0,6.33089394867e-06,3.45593554777e-11,
41275.106142,1.0,6.33089129486e-06,4.48268072907e-11,
41362.3685228,1.0,6.33088706118e-06,5.10357013444e-11,
41449.6309037,1.0,6.33089010463e-06,4.2547780203e-11,
41536.8932845,1.0,6.33090556973e-06,3.90520587521e-11,
41624.1556654,1.0,6.33090070629e-06,4.32454762445e-11,
41711.4180462,1.0,6.33088977284e-06,4.47320125251e-11,
41798.6804271,1.0,6.33089101103e-06,4.30077177919e-11,
41885.9428079,1.0,6.33089989622e-06,3.79971474986e-11,
41973.2051888,1.0,6.33087914563e-06,5.62809601091e-11,
42060.4675696,1.0,6.33089190528e-06,4.73861539917e-11,
42147.7299505,1.0,6.33089511732e-06,4.46957047673e-11,
42234.9923313,1.0,6.33088538718e-06,4.21169466431e-11,
42322.2547122,1.0,6.33088688512e-06,3.76198669038e-11,
42409.517093,1.0,6.33088802174e-06,4.33529559461e-11,
42496.7794739,1.0,6.33088521721e-06,4.86229070545e-11,
42584.0418547,1.0,6.33088961725e-06,4.36846261864e-11,
42671.3042356,1.0,6.3309003124e-06,2.98834480916e-11,
42758.5666164,1.0,6.3308924722e-06,4.21372923836e-11,
42845.8289973,1.0,6.33089183131e-06,4.48387492025e-11,
42933.0913781,1.0,6.33088963478e-06,3.46745291806e-11,
43020.353759,1.0,6.33088835481e-06,4.21966477009e-11,
43107.6161398,1.0,6.33089202195e-06,4.03151799356e-11,
43194.8785207,1.0,6.33090011463e-06,4.07060870397e-11,
43282.1409015,1.0,6.33089093534e-06,4.00039216783e-11,
43369.4032824,1.0,6.33088943337e-06,4.20434408831e-11,
43456.6656632,1.0,6.33088281418e-06,5.32091477144e-11,
43543.9280441,1.0,6.3308896403e-06,5.20364960033e-11,
