Coordinates:
0.0,0.714285714286,1.42857142857,2.14285714286,2.85714285714,3.57142857143,4.28571428571,5.0,5.71428571429,6.42857142857,7.14285714286,7.85714285714,8.57142857143,9.28571428571,10.0,
Volumes:
0.357142857143,0.714285714286,0.714285714286,0.714285714286,0.714285714286,0.714285714286,0.714285714286,0.714285714286,0.714285714286,0.714285714286,0.714285714286,0.714285714286,0.714285714286,0.714285714286,0.357142857143,

 Time(s), Error (-) on vertices
141.632990009,0.0,153297.583991,76786.5118579,38467.4413539,19273.7843464,9658.5861047,4841.07246376,2426.95047444,1216.97821797,610.407907576,306.258201551,153.710123154,77.1762701612,38.7662597285,19.482211353,9.79638613505,4.9291266185,2.48192229707,1.25072905989,0.630875099631,0.318553798755,0.161043021308,0.08152442333,0.0413327043838,0.0209913362856,0.010681009101,0.00544629401296,0.00278356057359,0.00142628693983,0.000732849679014,0.000377673223536,0.000195252143642,0.000101281171145,5.27201407987e-05,2.75413688522e-05,1.44405048558e-05,7.59936945253e-06,4.01381526025e-06,2.12762287481e-06,1.13172058594e-06,6.03996083657e-07,
283.265980019,1.0,0.528685409559,0.279956820789,0.148483844265,0.0788783143723,0.0419681712913,0.0223644490431,0.0119360858746,0.00637998034944,0.00341520639485,0.00183079585734,0.000982815931194,0.000528319575424,0.000284377745962,0.000153267625334,8.27069979806e-05,4.46839875109e-05,2.41690812602e-05,1.30872281264e-05,7.09406934877e-06,3.84932515201e-06,2.09072409423e-06,1.13661608955e-06,6.18469542371e-07,
424.898970028,1.0,0.517687970334,0.268256495196,0.139141269037,0.0722427522242,0.037546879461,0.0195345222794,0.0101739290788,0.00530442792356,0.00276858996323,0.00144662030798,0.000756712891778,0.000396271094914,0.000207750242966,0.000109038761516,5.72943730642e-05,3.01394491728e-05,1.58726935729e-05,8.36867622663e-06,4.41724700795e-06,2.33417024781e-06,1.23479719575e-06,6.53938003612e-07,
566.531960038,1.0,0.426183795232,0.182253725649,0.0782198819435,0.0336973074055,0.0145741196751,0.00632913586659,0.00276019501148,0.00120897571614,0.000531883616344,0.000235052105256,0.00010434587255,4.653210057e-05,2.08442686949e-05,9.37898707586e-06,4.23865763841e-06,1.92380990786e-06,8.76814108654e-07,
708.164950047,1.0,0.333969007999,0.112636758115,0.0383971271263,0.0132406818237,0.00462182568561,0.00163394183594,0.000585222604798,0.000212379747083,7.80841408071e-05,2.90759004481e-05,1.0960107834e-05,4.17970194002e-06,1.61149340132e-06,6.27700525695e-07,
849.797940057,1.0,0.241791232163,0.0601770606355,0.0154668481449,0.00411467915391,0.00113395879294,0.000323515292712,9.53661909824e-05,2.89679930401e-05,9.03962263862e-06,2.88927417883e-06,9.4326957949e-07,
991.430930066,1.0,0.150616041622,0.0251731745565,0.00468059667856,0.000958910091766,0.000213133020565,5.06162647114e-05,1.26838339342e-05,3.3215469193e-06,9.0233417942e-07,
1133.06392008,1.0,0.0656888964055,0.00732302659961,0.0010546482864,0.000178041842656,3.35673848112e-05,6.8705918153e-06,1.49915120293e-06,3.44391677599e-07,
1274.69691008,1.0,0.0583320220555,0.00450756611096,0.000398854818137,4.18405129672e-05,5.48232506603e-06,8.88086269616e-07,
1416.32990009,1.0,0.141310559179,0.0226512959479,0.0038297634955,0.000669477087824,0.000120031967894,2.19721225316e-05,4.09025217878e-06,7.7143596038e-07,
1557.9628901,1.0,0.102472775694,0.0121966653551,0.00154050215938,0.000202296794286,2.73930110529e-05,3.79778022225e-06,5.35496417108e-07,
1699.59588011,1.0,0.0634134050741,0.00492861797156,0.000414904796712,3.71962949897e-05,3.51527552616e-06,3.54967672454e-07,
1841.22887012,1.0,0.030679291437,0.00157995661583,0.000130381565535,1.46451913714e-05,1.9812575244e-06,2.99850035524e-07,
1982.86186013,1.0,0.0397825132289,0.0028653876631,0.000278954644485,3.30390971868e-05,4.49061666483e-06,6.77913651537e-07,
2124.49485014,1.0,0.0247364877823,0.00149157251692,0.000131554666171,1.44739713904e-05,1.83033774456e-06,2.59384200745e-07,
2266.12784015,1.0,0.0300423859133,0.00129311770431,7.69503318662e-05,6.4415708968e-06,7.20572645711e-07,
2407.76083016,1.0,0.0494390502081,0.00295035282622,0.000193609338442,1.34067919981e-05,9.64337155976e-07,
2549.39382017,1.0,0.0399967561914,0.00199924692283,0.000112657525694,6.78557263082e-06,4.56348205397e-07,
2691.02681018,1.0,0.0309216835396,0.0012779652544,6.27669045623e-05,3.76957931465e-06,3.11891928713e-07,
2832.65980019,1.0,0.0229641994692,0.000834498737222,4.20107610073e-05,3.30711048363e-06,3.30529016489e-07,
2974.2927902,1.0,0.0271402201649,0.00102025131394,4.50450904294e-05,2.61686804491e-06,2.1683357198e-07,
3115.92578021,1.0,0.0323168085922,0.00134807237319,6.23880027458e-05,3.1103633145e-06,1.83007502261e-07,
3257.55877022,1.0,0.0380574276831,0.00178340617906,9.12470939093e-05,4.81133077188e-06,2.60571364538e-07,
3399.19176023,1.0,0.0359715847431,0.00160752706161,7.79640963232e-05,3.89074941684e-06,2.00939259823e-07,
3540.82475024,1.0,0.0338576801696,0.00143883450218,6.58413142711e-05,3.10040047644e-06,1.53358018227e-07,
3682.45774025,1.0,0.0317243357571,0.0012777995125,5.48912604335e-05,2.43240994863e-06,1.16304347103e-07,
3824.09073025,1.0,0.0295803946484,0.00112485026891,4.51224409229e-05,1.87855988618e-06,8.83198916667e-08,
3965.72372026,1.0,0.0274354944942,0.00098040154071,3.6542335974e-05,1.43075891864e-06,6.79970650534e-08,
4107.35671027,1.0,0.0253008562762,0.000844889985313,2.9161567917e-05,1.08165541497e-06,5.39467033065e-08,
4248.98970028,1.0,0.0231904044064,0.0007188248498,2.29992775e-05,8.25121594874e-07,
4390.62269029,1.0,0.0211223988524,0.000602872780683,1.8087111325e-05,6.55473334155e-07,
4532.2556803,1.0,0.019121844738,0.000498013116858,1.446033837e-05,5.63551692136e-07,
4673.88867031,1.0,0.0172240125733,0.000405829566391,1.21102982406e-05,5.32000226636e-07,
4815.52166032,1.0,0.0154792896671,0.000329019390483,1.08940662007e-05,5.38411194919e-07,
4957.15465033,1.0,0.0165415667493,0.000358551522863,1.03056731584e-05,4.45846630749e-07,
5098.78764034,1.0,0.0177642684176,0.00040087714908,1.05342751913e-05,3.85188449257e-07,
5240.42063035,1.0,0.0191108393282,0.000453557370087,1.15621064667e-05,3.61392860215e-07,
5382.05362036,1.0,0.0205519253794,0.000514796311736,1.32929719546e-05,3.78438020747e-07,
5523.68661037,1.0,0.0201509384184,0.000488598906706,1.22576817717e-05,3.42909850997e-07,
5665.31960038,1.0,0.0197329887211,0.000462504879489,1.12656570371e-05,3.10472464121e-07,
5806.95259039,1.0,0.0192981640659,0.000436596310959,1.03182695808e-05,2.80911688176e-07,
5948.5855804,1.0,0.0188466854243,0.0004109553183,9.41672522453e-06,2.54041674658e-07,
6090.21857041,1.0,0.0183788957295,0.000385663794292,8.56203130224e-06,2.29692971299e-07,
6231.85156041,1.0,0.0178952488329,0.000360803311639,7.7549811213e-06,2.07705599791e-07,
6373.48455042,1.0,0.0173962990607,0.000336455222015,6.99615954622e-06,1.87925103263e-07,
6515.11754043,1.0,0.016882691746,0.00031270094814,6.28595488072e-06,1.70196773371e-07,
6656.75053044,1.0,0.0163551551256,0.00028962251672,5.62459267785e-06,1.54365527214e-07,
6798.38352045,1.0,0.015814493985,0.000267303359162,5.01218140458e-06,1.40275909223e-07,
6940.01651046,1.0,0.0152615854572,0.00024582941837,4.44877112092e-06,1.27770878685e-07,
7081.64950047,1.0,0.0146973774475,0.000225290608849,3.93443685166e-06,1.16694439877e-07,
7223.28249048,1.0,0.0141228902473,0.00020578263588,3.46937677692e-06,1.06895476341e-07,
7364.91548049,1.0,0.0135392220501,0.000187409120009,3.05402602254e-06,9.82287491774e-08,
7506.5484705,1.0,0.0129475593167,0.000170283817145,2.68916904462e-06,9.05613014845e-08,
7648.18146051,1.0,0.0123491932697,0.000154532404281,2.37599705024e-06,8.3774510892e-08,
7789.81445052,1.0,0.0117455442877,0.000140292751284,2.11602453179e-06,7.77681348806e-08,
7931.44744053,1.0,0.0111381966646,0.000127711755055,1.9107214577e-06,7.24633097832e-08,
8073.08043054,1.0,0.0105289471989,0.00011693590028,1.76075126152e-06,6.78042715858e-08,
8214.71342055,1.0,0.00991987247561,0.000108092571479,1.66492454105e-06,6.3759259317e-08,
8356.34641056,1.0,0.00931342164299,0.000101261398162,1.61937511593e-06,6.0319429464e-08,
8497.97940057,1.0,0.00871254402908,9.64409132395e-05,1.61760825918e-06,5.74963940003e-08,
8639.61239058,1.0,0.00812086408447,9.3523534965e-05,1.65156726478e-06,5.53169413112e-08,
8781.24538058,1.0,0.00754291917589,9.22939084886e-05,1.71311025206e-06,5.38168682815e-08,
8922.87837059,1.0,0.00698447675705,9.24558610837e-05,1.79513314763e-06,5.30300398475e-08,
9064.5113606,1.0,0.00645294098834,9.36774343724e-05,1.89203877165e-06,5.29799751544e-08,
9206.14435061,1.0,0.00595783279613,9.56355955228e-05,1.99969714245e-06,5.36712486004e-08,
9347.77734062,1.0,0.00602134658733,8.95190669807e-05,1.81936627001e-06,4.74966589954e-08,
9489.41033063,1.0,0.00612721119587,8.40933846871e-05,1.65462091057e-06,4.20097864038e-08,
9631.04332064,1.0,0.00627176201313,7.94168004652e-05,1.50461649683e-06,3.71350821173e-08,
9772.67631065,1.0,0.00645102655951,7.55590610137e-05,1.3687758218e-06,3.28063190402e-08,
9914.30930066,1.0,0.00666097078263,7.25959024254e-05,1.24684595266e-06,2.89660949052e-08,
10055.9422907,1.0,0.00689769314342,7.05999588945e-05,1.13896529021e-06,2.55649788287e-08,
10197.5752807,1.0,0.00715755734593,6.96290384238e-05,1.04573365316e-06,2.25620582317e-08,
10339.2082707,1.0,0.00743726823059,6.97145626568e-05,9.68256647318e-07,
10480.8412607,1.0,0.00723688922279,6.73248505266e-05,9.49455217202e-07,
10622.4742507,1.0,0.00703634236805,6.50064147123e-05,9.32068033651e-07,
10764.1072407,1.0,0.00683570083899,6.27600637686e-05,9.15904440564e-07,
10905.7402307,1.0,0.00663503225207,6.05864939725e-05,9.00795639681e-07,
11047.3732207,1.0,0.00643439935412,5.8486272827e-05,8.86593593841e-07,
11189.0062107,1.0,0.0062338607186,5.64598270695e-05,8.73168034123e-07,
11330.6392008,1.0,0.00603347143964,5.45074259817e-05,8.60404742198e-07,
11472.2721908,1.0,0.00583328386424,5.2629166344e-05,8.48203330771e-07,
11613.9051808,1.0,0.00563334833896,5.08249588626e-05,8.36476415886e-07,
11755.5381708,1.0,0.00543371401457,4.90945127306e-05,8.25147460926e-07,
11897.1711608,1.0,0.0052344297083,4.74373225398e-05,8.14150253796e-07,
12038.8041508,1.0,0.00503554486511,4.58526549026e-05,8.03427300386e-07,
12180.4371408,1.0,0.00483711063189,4.43395346588e-05,7.92929066461e-07,
12322.0701308,1.0,0.00463918110663,4.28967361403e-05,7.82612990811e-07,
12463.7031208,1.0,0.00444181480891,4.15227754094e-05,7.72443458789e-07,
12605.3361108,1.0,0.00424507644528,4.02159049142e-05,7.62389590838e-07,
12746.9691008,1.0,0.00404903908679,3.89741128131e-05,7.52425941845e-07,
12888.6020909,1.0,0.00385378688375,3.77951257337e-05,7.42531863581e-07,
13030.2350809,1.0,0.00365941852364,3.667641812e-05,7.32690166429e-07,
13171.8680709,1.0,0.00346605170443,3.56152263265e-05,7.22887901663e-07,
13313.5010609,1.0,0.00327382901155,3.46085687331e-05,7.13114149099e-07,
13455.1340509,1.0,0.00308292575763,3.3653269791e-05,7.03361841563e-07,
13596.7670409,1.0,0.00289356059343,3.27459919376e-05,6.93625612155e-07,
13738.4000309,1.0,0.00270601009312,3.18832732833e-05,6.83902216058e-07,
13880.0330209,1.0,0.00252062906972,3.10615665841e-05,6.7419098107e-07,
14021.6660109,1.0,0.00233787927478,3.02772867974e-05,6.64491519467e-07,
14163.2990009,1.0,0.00215837045283,2.95268589011e-05,6.54804974514e-07,
14304.931991,1.0,0.00198291962118,2.88067681557e-05,6.4513460321e-07,
14446.564981,1.0,0.00181263711283,2.81136177568e-05,6.35482629843e-07,
14588.197971,1.0,0.00164905085864,2.7444180315e-05,6.25853868056e-07,
14729.830961,1.0,0.00149428181216,2.67954579571e-05,6.16251828551e-07,
14871.463951,1.0,0.00135127676482,2.61647386835e-05,6.06680898621e-07,
15013.096941,1.0,0.00122407300101,2.55496586885e-05,5.97146281261e-07,
15154.729931,1.0,0.00111797852623,2.49482653906e-05,5.8765231325e-07,
15296.362921,1.0,0.00103937487731,2.43590829684e-05,5.78203698834e-07,
15437.995911,1.0,0.000994696847517,2.3781185412e-05,5.68804315841e-07,
15579.628901,1.0,0.000988454891605,2.32142696855e-05,5.59459030521e-07,
15721.261891,1.0,0.00102126069123,2.26587433115e-05,5.50170944596e-07,
15862.8948811,1.0,0.0010895089664,2.2115809847e-05,5.40944298202e-07,
16004.5278711,1.0,0.00118702851061,2.15875703674e-05,5.31783030862e-07,
16146.1608611,1.0,0.00130722069881,2.10771221273e-05,5.22690361484e-07,
16287.7938511,1.0,0.00144438109112,2.05886663849e-05,5.13670387416e-07,
16429.4268411,1.0,0.00159408762481,2.01276028208e-05,5.04727224973e-07,
16571.0598311,1.0,0.00175308732509,1.97006111602e-05,4.95865378743e-07,
16712.6928211,1.0,0.00191903527264,1.93156950872e-05,4.87091320198e-07,
16854.3258111,1.0,0.0020902454022,1.89821714621e-05,4.78411405441e-07,
16995.9588011,1.0,0.00226549705355,1.87105632429e-05,4.69834889161e-07,
17137.5917911,1.0,0.00244389630708,1.85123890579e-05,4.61373259755e-07,
17279.2247812,1.0,0.00262477965838,1.83998073174e-05,4.53041256222e-07,
17420.8577712,1.0,0.00280764771326,1.83851219288e-05,4.44856385959e-07,
17562.4907612,1.0,0.00299211940477,1.84801759109e-05,4.36842199983e-07,
17704.1237512,1.0,0.0031779001396,1.8695694891e-05,4.29027708607e-07,
17845.7567412,1.0,0.00336475937334,1.90406645996e-05,4.21448519362e-07,
17987.3897312,1.0,0.00355251463008,1.95218634821e-05,4.14147827612e-07,
18129.0227212,1.0,0.00374101995386,2.01436009882e-05,4.07178745098e-07,
18270.6557112,1.0,0.00393015748332,2.0907721554e-05,4.00604650908e-07,
18412.2887012,1.0,0.00411983119385,2.18138360933e-05,3.94500569079e-07,
18553.9216912,1.0,0.00430996221533,2.28597186135e-05,3.88955509645e-07,
18695.5546812,1.0,0.00450048528467,2.40417843431e-05,3.840709022e-07,
18837.1876713,1.0,0.00469134603023,2.53555610155e-05,3.79963224567e-07,
18978.8206613,1.0,0.00488249886767,2.67961079952e-05,3.76761406225e-07,
19120.4536513,1.0,0.0050739053574,2.83583481401e-05,3.74609464024e-07,
19262.0866413,1.0,0.00526553291369,3.00373082607e-05,3.73663243827e-07,
19403.7196313,1.0,0.00545735377521,3.18282903626e-05,3.74082302549e-07,
19545.3526213,1.0,0.00535975277152,3.06680152943e-05,3.55953657807e-07,
19686.9856113,1.0,0.00526221348157,2.95337617729e-05,3.38637897877e-07,
19828.6186013,1.0,0.0051647316556,2.84250690375e-05,3.22100445945e-07,
19970.2515913,1.0,0.00506730334543,2.73415124995e-05,3.06308626614e-07,
20111.8845813,1.0,0.00496992487706,2.62826920884e-05,2.91232954764e-07,
20253.5175713,1.0,0.00487259283932,2.52482304051e-05,2.76845832062e-07,
20395.1505614,1.0,0.00477530405483,2.42377819008e-05,2.63116516828e-07,
20536.7835514,1.0,0.00467805557159,2.32510218764e-05,2.50019251403e-07,
20678.4165414,1.0,0.00458084464544,2.22876476642e-05,2.37528345451e-07,
20820.0495314,1.0,0.0044836687238,2.13473731333e-05,2.25619802644e-07,
20961.6825214,1.0,0.00438652543591,2.04299387819e-05,2.14268336584e-07,
21103.3155114,1.0,0.00428941257399,1.95350943306e-05,2.03454126108e-07,
21244.9485014,1.0,0.00419232808908,1.86626147734e-05,1.93152063949e-07,
21386.5814914,1.0,0.00409527007439,1.78122881778e-05,1.83343573175e-07,
21528.2144814,1.0,0.0039982367574,1.69839156178e-05,1.74007311276e-07,
21669.8474714,1.0,0.00390122649088,1.61773176256e-05,1.65123270362e-07,
21811.4804615,1.0,0.003804237747,1.53923233813e-05,1.56674991745e-07,
21953.1134515,1.0,0.00370726910384,1.46287797077e-05,1.48640722184e-07,
22094.7464415,1.0,0.00361031923947,1.38865424468e-05,1.41006330449e-07,
22236.3794315,1.0,0.00351338693006,1.31654812717e-05,1.33753481718e-07,
22378.0124215,1.0,0.00341647103757,1.24654760688e-05,1.2686639497e-07,
22519.6454115,1.0,0.00331957051063,1.17864189318e-05,1.20328707735e-07,
22661.2784015,1.0,0.00322268436908,1.11282146673e-05,1.14124827167e-07,
22802.9113915,1.0,0.00312581170819,1.04907775824e-05,1.08241089415e-07,
22944.5443815,1.0,0.0030289516937,9.87403309535e-06,1.02660925812e-07,
23086.1773715,1.0,0.00293210355555,9.27791485421e-06,9.73725347846e-08,
23227.8103615,1.0,0.00283526657899,8.70237420765e-06,9.23614250785e-08,
23369.4433516,1.0,0.00273844011668,8.14736555465e-06,8.76150834307e-08,
23511.0763416,1.0,0.00264162356945,7.61286295401e-06,8.31200285008e-08,
23652.7093316,1.0,0.00254481639525,7.09884979557e-06,7.88634226871e-08,
23794.3423216,1.0,0.00244801810424,6.60532196541e-06,7.48346461529e-08,
23935.9753116,1.0,0.00235122825672,6.1322920473e-06,7.1020053825e-08,
24077.6083016,1.0,0.00225444646657,5.67979005963e-06,6.74109024739e-08,
24219.2412916,1.0,0.00215767240237,5.24785616755e-06,6.39943927748e-08,
24360.8742816,1.0,0.00206090578243,4.83655716456e-06,6.07610527125e-08,
24502.5072716,1.0,0.00196414638724,4.4459793297e-06,5.76996489742e-08,
24644.1402616,1.0,0.00186739406019,4.07622496383e-06,5.48023302589e-08,
24785.7732517,1.0,0.00177064871917,3.72742899525e-06,5.20576718552e-08,
24927.4062417,1.0,0.00167391036305,3.3997431872e-06,4.9458967235e-08,
25069.0392317,1.0,0.00157717909777,3.09334391287e-06,4.69965401344e-08,
25210.6722217,1.0,0.00148045515334,2.80842496006e-06,4.46615267889e-08,
25352.3052117,1.0,0.00138373891705,2.5451835573e-06,4.24484315134e-08,
25493.9382017,1.0,0.00128703099552,2.30380895993e-06,4.03489278711e-08,
25635.5711917,1.0,0.00119033228136,2.08444306364e-06,3.83558785353e-08,
25777.2041817,1.0,0.00109364409259,1.88712725995e-06,3.64645228645e-08,
25918.8371717,1.0,0.000996968338446,1.71174515217e-06,3.46674714943e-08,
26060.4701617,1.0,0.000900307860517,1.55790780285e-06,3.29608734311e-08,
26202.1031517,1.0,0.000803666962726,1.42486916617e-06,3.13376783587e-08,
26343.7361418,1.0,0.000707052400444,1.31140871963e-06,2.97945169405e-08,
26485.3691318,1.0,0.000610475333334,1.21577216115e-06,2.8327994411e-08,
26627.0021218,1.0,0.000513955407932,1.1356976341e-06,2.69320836397e-08,
26768.6351118,1.0,0.000417530574993,1.06851551427e-06,2.56048368907e-08,
26910.2681018,1.0,0.000321284429734,1.01136424119e-06,2.43419062903e-08,
27051.9010918,1.0,0.000225443287809,9.61451405025e-07,
27193.5340818,1.0,0.000130895550617,9.16339480588e-07,
27335.1670718,1.0,4.63634028168e-05,8.74211016619e-07,
27476.8000618,1.0,7.66256246932e-05,8.34128654417e-07,
27618.4330518,1.0,0.000168221671,7.96300970707e-07,
27760.0660418,1.0,0.000263495513451,7.62367854202e-07,
27901.6990319,1.0,0.000359534136562,7.35682904596e-07,
28043.3320219,1.0,0.000455853667769,7.21416535219e-07,
28184.9650119,1.0,0.000552306570555,7.26121487781e-07,
28326.5980019,1.0,0.000503976566076,6.84887046653e-07,
28468.2309919,1.0,0.000455653654827,6.48100444409e-07,
28609.8639819,1.0,0.000407340003969,6.15388109614e-07,
28751.4969719,1.0,0.000359038989247,5.86330040615e-07,
28893.1299619,1.0,0.000310756111658,5.60459697392e-07,
29034.7629519,1.0,0.000262500943383,5.37291705253e-07,
29176.3959419,1.0,0.000214291721916,5.16340516249e-07,
29318.028932,1.0,0.000166167857849,4.97139656399e-07,
29459.661922,1.0,0.000118232862236,4.79271162802e-07,
29601.294912,1.0,7.08698493804e-05,4.62385716979e-07,
29742.927902,1.0,2.72430060676e-05,4.46225326495e-07,
29884.560892,1.0,3.37313676147e-05,4.30648689278e-07,
30026.193882,1.0,7.87989596423e-05,4.15654002195e-07,
30167.826872,1.0,0.000126318936094,4.01404687743e-07,
30309.459862,1.0,0.000174296551073,3.88258042622e-07,
30451.092852,1.0,0.000222435636001,3.76795851537e-07,
30592.725842,1.0,0.000270649872897,3.67834849342e-07,
30734.358832,1.0,0.000318905042641,3.6241440423e-07,
30875.9918221,1.0,0.000367184899405,3.61737662233e-07,
31017.6248121,1.0,0.000415480742937,3.67044160705e-07,
31159.2578021,1.0,0.000391304912016,3.46516753495e-07,
31300.8907921,1.0,0.00036712996462,3.27346329992e-07,
31442.5237821,1.0,0.000342955968217,3.09495858004e-07,
31584.1567721,1.0,0.000318783014797,2.9291700404e-07,
31725.7897621,1.0,0.000294611244092,2.77557526263e-07,
31867.4227521,1.0,0.00027044084524,2.63357979455e-07,
32009.0557421,1.0,0.000246272104532,2.50248035953e-07,
32150.6887321,1.0,0.000222105435602,2.38153608419e-07,
32292.3217221,1.0,0.000197941466366,2.26989575055e-07,
32433.9547122,1.0,0.000173781183599,2.16672622405e-07,
32575.5877022,1.0,0.000149626222083,2.07108748701e-07,
32717.2206922,1.0,0.000125479496922,1.98207941074e-07,
32858.8536822,1.0,0.000101346704743,1.89880293253e-07,
33000.4866722,1.0,7.72406770616e-05,1.82042864341e-07,
33142.1196622,1.0,5.31975062588e-05,1.74620199508e-07,
33283.7526522,1.0,2.93714518058e-05,1.67547108555e-07,
33425.3856422,1.0,8.01353114346e-06,1.60776923391e-07,
33567.0186322,1.0,2.08459207279e-05,1.54282277157e-07,
33708.6516222,1.0,4.44259557433e-05,1.48060706037e-07,
33850.2846123,1.0,6.84217339803e-05,1.4214309625e-07,
33991.9176023,1.0,9.25101980566e-05,1.36592844097e-07,
34133.5505923,1.0,0.00011663385341,1.31520172945e-07,
34275.1835823,1.0,0.000140774544353,1.27082865095e-07,
34416.8165723,1.0,0.000164924743501,1.23486528333e-07,
34558.4495623,1.0,0.000189080763217,1.20987814526e-07,
34700.0825523,1.0,0.000213240595825,1.1987024857e-07,
34841.7155423,1.0,0.00023740305042,1.20427784675e-07,
34983.3485323,1.0,0.000225316351082,1.14312946794e-07,
35124.9815223,1.0,0.00021322979315,1.08545282318e-07,
35266.6145123,1.0,0.000201143381251,1.03124952636e-07,
35408.2475024,1.0,0.000189057123197,9.80333828814e-08,
35549.8804924,1.0,0.000176971028676,9.32633276467e-08,
35691.5134824,1.0,0.000164885123706,8.88072274907e-08,
35833.1464724,1.0,0.000152799417545,8.46430186828e-08,
35974.7794624,1.0,0.000140713957258,8.07621868673e-08,
36116.4124524,1.0,0.00012862877734,7.71435921022e-08,
36258.0454424,1.0,0.000116543957768,7.37729635281e-08,
36399.6784324,1.0,0.00010445959589,7.06311128597e-08,
36541.3114224,1.0,9.23758480106e-05,6.76953318132e-08,
36682.9444124,1.0,8.02929755313e-05,6.49473350654e-08,
36824.5774025,1.0,6.82114098535e-05,6.23676171823e-08,
36966.2103925,1.0,5.61319704853e-05,5.99354768142e-08,
37107.8433825,1.0,4.40563745765e-05,5.76314004627e-08,
37249.4763725,1.0,3.19889285467e-05,5.54392726802e-08,
37391.1093625,1.0,1.99443696299e-05,5.33444476703e-08,
37532.7423525,1.0,8.02626935935e-06,5.13345306575e-08,
37674.3753425,1.0,4.81857932054e-06,4.94012730375e-08,
37816.0083325,1.0,1.6558052345e-05,4.75405125664e-08,
37957.6413225,1.0,2.85879393036e-05,4.57578794453e-08,
38099.2743125,1.0,4.06512107647e-05,4.40581409683e-08,
38240.9073025,1.0,5.27249363589e-05,4.24609935771e-08,
38382.5402926,1.0,6.48032699214e-05,4.09888996819e-08,
38524.1732826,1.0,7.68840260063e-05,3.96801922235e-08,
38665.8062726,1.0,8.89662111677e-05,3.85806166673e-08,
38807.4392626,1.0,0.000101049308818,3.77445739737e-08,
38949.0722526,1.0,0.000113133024055,3.72378910013e-08,
39090.7052426,1.0,0.000125217172405,3.71267256672e-08,
39232.3382326,1.0,0.000137301639948,3.74704271095e-08,
39373.9712226,1.0,0.000131258575682,3.55710811636e-08,
39515.6042126,1.0,0.000125215527483,3.37669604362e-08,
39657.2372026,1.0,0.000119172498458,3.20549425429e-08,
39798.8701926,1.0,0.000113129489779,3.04398708853e-08,
39940.5031827,1.0,0.000107086506475,2.89135988408e-08,
40082.1361727,1.0,0.000101043550125,2.74717766969e-08,
40223.7691627,1.0,9.50006090091e-05,2.61190692488e-08,
40365.4021527,1.0,8.89576933606e-05,2.48469935822e-08,
40507.0351427,1.0,8.29148023822e-05,2.36543983431e-08,
40648.6681327,1.0,7.68719440474e-05,2.2538639024e-08,
40790.3011227,1.0,7.08291183122e-05,2.14948647877e-08,
40931.9341127,1.0,6.47863306885e-05,2.05194999974e-08,
41073.5671027,1.0,5.8743594586e-05,1.96079659893e-08,
41215.2000927,1.0,5.27009221052e-05,1.87547103384e-08,
41356.8330828,1.0,4.66583310072e-05,1.7956436258e-08,
41498.4660728,1.0,4.06158547808e-05,1.72085654728e-08,
41640.0990628,1.0,3.4573562013e-05,1.65034968418e-08,
41781.7320528,1.0,2.85315375063e-05,1.58399453525e-08,
41923.3650428,1.0,2.24900255538e-05,1.52097930484e-08,
42064.9980328,1.0,1.64495525443e-05,1.4609991532e-08,
42206.6310228,1.0,1.04119441538e-05,1.403716069e-08,
42348.2640128,1.0,4.38899163345e-06,1.34893300977e-08,
42489.8970028,1.0,1.77526670605e-06,1.2963560861e-08,
42631.5299928,1.0,7.7507056689e-06,1.24568941687e-08,
42773.1629828,1.0,1.3785087236e-05,1.19718837723e-08,
42914.7959729,1.0,1.98246611105e-05,1.15106796974e-08,
43056.4289629,1.0,2.58657827686e-05,1.10742357201e-08,
43198.0619529,1.0,3.19075715413e-05,1.06724881379e-08,
43339.6949429,1.0,3.79497137347e-05,1.03095896089e-08,
43481.3279329,1.0,4.39920564436e-05,1.0001716475e-08,
43622.9609229,1.0,5.00345213625e-05,9.75258309862e-09,
43764.5939129,1.0,5.60770758356e-05,9.58737383393e-09,
43906.2269029,1.0,6.21196977174e-05,9.52423118253e-09,
44047.8598929,1.0,6.81623535598e-05,9.57167825667e-09,
44189.4928829,1.0,6.51409058781e-05,9.09616716109e-09,
44331.125873,1.0,6.21194705658e-05,8.64558834759e-09,
44472.758863,1.0,5.90980296393e-05,8.22027925359e-09,
44614.391853,1.0,5.60765920286e-05,7.81848677131e-09,
44756.024843,1.0,5.30551567395e-05,7.43292558039e-09,
44897.657833,1.0,5.0033732112e-05,7.07510300105e-09,
45039.290823,1.0,4.70123031083e-05,6.73460828096e-09,
45180.923813,1.0,4.39908742693e-05,6.41790499788e-09,
45322.556803,1.0,4.09694580751e-05,6.11824713391e-09,
45464.189793,1.0,3.79480416635e-05,5.83979820347e-09,
45605.822783,1.0,3.49266257546e-05,5.57487102156e-09,
45747.455773,1.0,3.19052193035e-05,5.32974702916e-09,
45889.0887631,1.0,2.88838225972e-05,5.10187422257e-09,
46030.7217531,1.0,2.58624317229e-05,4.88533448726e-09,
46172.3547431,1.0,2.28410489111e-05,4.68277646878e-09,
46313.9877331,1.0,1.98196902373e-05,4.49271602417e-09,
46455.6207231,1.0,1.67983520182e-05,4.31307292702e-09,
46597.2537131,1.0,1.37770584202e-05,4.14380347286e-09,
46738.8867031,1.0,1.07558494204e-05,3.98152782685e-09,
46880.5196931,1.0,7.73479529929e-06,3.82761877039e-09,
47022.1526831,1.0,4.71423892103e-06,3.68137781966e-09,
47163.7856731,1.0,1.69678384299e-06,3.54003984285e-09,
47305.4186631,1.0,1.33871883737e-06,3.40421988846e-09,
47447.0516532,1.0,4.35469027545e-06,3.27340070968e-09,
47588.6846432,1.0,7.37513019127e-06,3.14810285269e-09,
47730.3176332,1.0,1.03961387525e-05,3.02826041828e-09,
47871.9506232,1.0,1.34173342421e-05,2.91796701702e-09,
48013.5836132,1.0,1.64386163067e-05,2.81291719893e-09,
48155.2166032,1.0,1.94599439811e-05,2.71871665941e-09,
48296.8495932,1.0,2.24813011942e-05,2.63851494989e-09,
48438.4825832,1.0,2.55026653083e-05,2.57369515724e-09,
48580.1155732,1.0,2.85240514088e-05,2.5293283377e-09,
48721.7485632,1.0,3.1545438491e-05,2.50974259783e-09,
48863.3815533,1.0,3.45668416538e-05,2.51283792824e-09,
49005.0145433,1.0,3.30561246756e-05,2.38940588953e-09,
49146.6475333,1.0,3.15454123838e-05,2.2757329208e-09,
49288.2805233,1.0,3.00347023465e-05,2.16245834116e-09,
49429.9135133,1.0,2.85239848798e-05,2.05789963172e-09,
49571.5465033,1.0,2.70132715593e-05,1.96006120518e-09,
49713.1794933,1.0,2.55025615139e-05,1.86591074439e-09,
49854.8124833,1.0,2.39918458862e-05,1.77708052914e-09,
49996.4454733,1.0,2.2481142565e-05,1.69258912694e-09,
50138.0784633,1.0,2.09704333061e-05,1.61322180803e-09,
50279.7114533,1.0,1.94597221993e-05,1.53804850002e-09,
50421.3444434,1.0,1.79490095194e-05,1.47009174819e-09,
50562.9774334,1.0,1.6438305771e-05,1.40544275556e-09,
50704.6104234,1.0,1.49275965008e-05,1.34395571609e-09,
50846.2434134,1.0,1.34168928293e-05,1.28611014669e-09,
50987.8764034,1.0,1.1906188913e-05,1.23295565056e-09,
51129.5093934,1.0,1.03954877201e-05,1.18279764644e-09,
51271.1423834,1.0,8.88478193314e-06,1.13698453868e-09,
51412.7753734,1.0,7.37409389171e-06,1.08884686217e-09,
51554.4083634,1.0,5.86340581149e-06,1.04565821368e-09,
51696.0413534,1.0,4.35273794762e-06,1.0058087056e-09,
51837.6743435,1.0,2.84210929297e-06,9.67862039405e-10,
51979.3073335,1.0,1.33168387333e-06,9.30347927263e-10,
52120.9403235,1.0,1.83449955693e-07,8.94046088104e-10,
52262.5733135,1.0,1.69068676316e-06,8.59988946033e-10,
52404.2063035,1.0,3.20119696184e-06,8.23914885904e-10,
52545.8392935,1.0,4.71183468475e-06,7.91910176194e-10,
52687.4722835,1.0,6.22251454345e-06,7.64640416095e-10,
52829.1052735,1.0,7.73320024136e-06,7.36204294283e-10,
52970.7382635,1.0,9.24389318664e-06,7.10412521606e-10,
53112.3712535,1.0,1.0754586869e-05,6.87481658308e-10,
53254.0042435,1.0,1.22652957888e-05,6.69634730677e-10,
53395.6372336,1.0,1.37759911996e-05,6.53982842518e-10,
53537.2702236,1.0,1.52867029812e-05,6.50492882169e-10,
53678.9032136,1.0,1.67974043444e-05,6.41595464632e-10,
53820.5362036,1.0,1.83081133017e-05,6.49023162835e-10,
53962.1691936,1.0,1.75527561829e-05,6.20614562882e-10,
54103.8021836,1.0,1.67974033844e-05,5.88452554571e-10,
54245.4351736,1.0,1.6042047494e-05,5.55729473539e-10,
54387.0681636,1.0,1.52866916255e-05,5.29953959471e-10,
54528.7011536,1.0,1.45313418091e-05,5.04909831223e-10,
54670.3341436,1.0,1.37759828799e-05,4.77746764922e-10,
54811.9671336,1.0,1.30206328014e-05,4.5805014083e-10,
54953.6001237,1.0,1.22652703062e-05,4.31102022632e-10,
55095.2331137,1.0,1.15099175221e-05,4.13340489581e-10,
55236.8661037,1.0,1.07545616666e-05,3.92947178942e-10,
55378.4990937,1.0,9.99920396834e-06,3.71538070974e-10,
55520.1320837,1.0,9.24385001976e-06,3.57134999942e-10,
55661.7650737,1.0,8.48849598753e-06,3.40765889238e-10,
55803.3980637,1.0,7.73314493418e-06,3.24759934147e-10,
55945.0310537,1.0,6.97779538933e-06,3.15859235136e-10,
56086.6640437,1.0,6.22243765643e-06,2.99029025182e-10,
56228.2970337,1.0,5.46708599562e-06,2.86881708816e-10,
56369.9300238,1.0,4.71174074355e-06,2.76554785078e-10,
56511.5630138,1.0,3.95638535571e-06,2.64930516237e-10,
56653.1960038,1.0,3.20102629567e-06,2.55242525159e-10,
56794.8289938,1.0,2.44567849298e-06,2.44595976967e-10,
56936.4619838,1.0,1.69032903169e-06,2.34007851432e-10,
57078.0949738,1.0,9.34999624664e-07,2.26000594752e-10,
57219.7279638,1.0,1.79813238184e-07,2.16737528436e-10,
57361.3609538,1.0,5.75828393498e-07,2.09069423723e-10,
57502.9939438,1.0,1.3311491546e-06,1.98398100474e-10,
57644.6269338,1.0,2.0864794325e-06,1.9134685701e-10,
57786.2599238,1.0,2.84184142686e-06,1.83659472808e-10,
57927.8929139,1.0,3.59718830287e-06,1.78296418036e-10,
58069.5259039,1.0,4.35253210948e-06,1.7149788611e-10,
58211.1588939,1.0,5.10789087201e-06,1.64869184266e-10,
58352.7918839,1.0,5.86324709616e-06,1.61333515286e-10,
58494.4248739,1.0,6.61859401763e-06,1.56436030152e-10,
58636.0578639,1.0,7.37395050262e-06,1.55304141774e-10,
58777.6908539,1.0,8.12931040551e-06,1.5229467784e-10,
58919.3238439,1.0,8.88466494584e-06,1.54172233548e-10,
59060.9568339,1.0,8.50698814847e-06,1.47273439673e-10,
59202.5898239,1.0,8.12930169999e-06,1.40217659086e-10,
59344.222814,1.0,7.75163655742e-06,1.31610671954e-10,
59485.855804,1.0,7.37395340074e-06,1.26578399991e-10,
59627.488794,1.0,6.99626854785e-06,1.18709250654e-10,
59769.121784,1.0,6.61859943346e-06,1.17058604625e-10,
59910.754774,1.0,6.24091615915e-06,1.13290351637e-10,
60052.387764,1.0,5.86323268825e-06,1.06918941562e-10,
60194.020754,1.0,5.48556952815e-06,9.66199617917e-11,
60335.653744,1.0,5.10788268958e-06,9.93062003427e-11,
60477.286734,1.0,5.29671751977e-06,9.95930972783e-11,
60618.919724,1.0,5.20229898164e-06,8.82662467022e-11,
60760.552714,1.0,5.10788453189e-06,8.69926722114e-11,
60902.1857041,1.0,5.01347331693e-06,8.0945918786e-11,
61043.8186941,1.0,4.91904829371e-06,7.44312415332e-11,
61185.4516841,1.0,4.82462792498e-06,7.34958689724e-11,
61327.0846741,1.0,4.73021549564e-06,7.17764001075e-11,
61468.7176641,1.0,4.63579173413e-06,6.73005391164e-11,
61610.3506541,1.0,4.54137290441e-06,6.45337371565e-11,
61751.9836441,1.0,4.44696052972e-06,6.53999703168e-11,
61893.6166341,1.0,4.4941678284e-06,6.32866475805e-11,
62035.2496241,1.0,4.54137071799e-06,5.85258453348e-11,
62176.8826141,1.0,4.58858349917e-06,6.05878469319e-11,
62318.5156041,1.0,4.56497481179e-06,5.23973892318e-11,
62460.1485942,1.0,4.54137148089e-06,5.81836813882e-11,
62601.7815842,1.0,4.55316991674e-06,6.05438530398e-11,
62743.4145742,1.0,4.54727647801e-06,4.74177973287e-11,
62885.0475642,1.0,4.54136944346e-06,5.02071071555e-11,
63026.6805542,1.0,4.54432913611e-06,4.53921201808e-11,
63168.3135442,1.0,4.54727670309e-06,4.58186150787e-11,
63309.9465342,1.0,4.54580330679e-06,4.64450584129e-11,
63451.5795242,1.0,4.54654001458e-06,4.20032124164e-11,
63593.2125142,1.0,4.54727001806e-06,4.38234553365e-11,
63734.8455042,1.0,4.54690692141e-06,4.08476041384e-11,
63876.4784943,1.0,4.54653794866e-06,3.74354538423e-11,
64018.1114843,1.0,4.54616668049e-06,3.47508613569e-11,
64159.7444743,1.0,4.54579832611e-06,3.91855131839e-11,
64301.3774643,1.0,4.54597678606e-06,4.47425974542e-11,
64443.0104543,1.0,4.54589782792e-06,3.08710100728e-11,
64584.6434443,1.0,4.54579991441e-06,2.87500072991e-11,
64726.2764343,1.0,4.54570543553e-06,3.34111847372e-11,
64867.9094243,1.0,4.54575187463e-06,3.1922822557e-11,
65009.5424143,1.0,4.54579269849e-06,3.684881253e-11,
65151.1754043,1.0,4.54576090351e-06,3.5437201008e-11,
65292.8083943,1.0,4.54575065818e-06,2.78287028664e-11,
65434.4413844,1.0,4.54572481636e-06,3.37770313591e-11,
65576.0743744,1.0,4.54573081673e-06,4.32663464794e-11,
65717.7073644,1.0,4.54572819569e-06,3.98363755933e-11,
65859.3403544,1.0,4.54572520877e-06,3.0582722099e-11,
66000.9733444,1.0,4.54573206052e-06,2.50877339255e-11,
66142.6063344,1.0,4.54571575976e-06,2.86971619941e-11,
66284.2393244,1.0,4.54571311664e-06,3.27550603539e-11,
66425.8723144,1.0,4.54573138292e-06,1.74807870708e-11,
66567.5053044,1.0,4.54572269953e-06,1.87823747448e-11,
66709.1382944,1.0,4.54571887226e-06,3.41781034267e-11,
66850.7712845,1.0,4.54571002409e-06,3.07478833365e-11,
66992.4042745,1.0,4.54571141476e-06,2.9329359219e-11,
67134.0372645,1.0,4.54571608097e-06,2.82752831536e-11,
67275.6702545,1.0,4.54570835725e-06,2.56660894992e-11,
67417.3032445,1.0,4.54571206093e-06,3.85733857907e-11,
67558.9362345,1.0,4.54571742919e-06,2.10736431383e-11,
67700.5692245,1.0,4.5457178415e-06,2.40372106021e-11,
67842.2022145,1.0,4.54571693108e-06,2.83288279608e-11,
67983.8352045,1.0,4.5457050313e-06,2.67382076771e-11,
68125.4681945,1.0,4.54571815566e-06,8.92079684612e-12,
68267.1011845,1.0,4.54570985988e-06,2.91780706771e-11,
68408.7341746,1.0,4.54571782266e-06,2.41087726126e-11,
68550.3671646,1.0,4.54571554444e-06,2.17701785834e-11,
68692.0001546,1.0,4.54570853458e-06,2.05422483591e-11,
68833.6331446,1.0,4.54571806469e-06,2.38980350632e-11,
68975.2661346,1.0,4.54571711789e-06,2.85767022743e-11,
69116.8991246,1.0,4.54571661479e-06,1.61043980074e-11,
69258.5321146,1.0,4.54571609297e-06,1.43532760462e-11,
69400.1651046,1.0,4.54572040586e-06,1.96432538121e-11,
69541.7980946,1.0,4.54571857061e-06,1.31520605555e-11,
69683.4310846,1.0,4.54570488985e-06,1.92556377549e-11,
69825.0640746,1.0,4.54572826978e-06,1.59039238811e-11,
69966.6970647,1.0,4.54571129715e-06,3.36764810117e-11,
70108.3300547,1.0,4.5457185397e-06,2.25691561682e-11,
70249.9630447,1.0,4.54571755872e-06,1.87886337687e-11,
70391.5960347,1.0,4.54572615023e-06,1.48997262736e-11,
70533.2290247,1.0,4.54571528623e-06,2.52290196384e-11,
70674.8620147,1.0,4.54571560719e-06,1.94856156296e-11,
70816.4950047,1.0,4.54572278933e-06,2.19744052801e-11,
