Coordinates:
0.0,0.714285714286,1.42857142857,2.14285714286,2.85714285714,3.57142857143,4.28571428571,5.0,5.71428571429,6.42857142857,7.14285714286,7.85714285714,8.57142857143,9.28571428571,10.0,
Volumes:
0.357142857143,0.714285714286,0.714285714286,0.714285714286,0.714285714286,0.714285714286,0.714285714286,0.714285714286,0.714285714286,0.714285714286,0.714285714286,0.714285714286,0.714285714286,0.714285714286,0.357142857143,

 Time(s), Error (-) on vertices
1.0,0.0,92396.6276275,9465.96399298,969.870806348,99.3802822872,10.1840644782,1.04369633958,0.106968780744,0.0109639676854,0.00112384030088,0.000115203195307,1.18099639955e-05,1.21063021178e-06,
2.0,6360.72179748,627.766059979,62.024819043,6.13480111205,0.607425706646,0.0602051090792,0.00597324495946,0.00059321621775,5.89697497762e-05,5.86752274325e-06,
3.0,4269.51160305,426.766083945,42.6869408002,4.27252784891,0.42790849999,0.042882944032,0.00430009064898,0.000431441433409,4.33121596713e-05,4.35048463957e-06,
4.0,3280.13679764,330.153111316,33.2448725613,3.34899373467,0.337504113955,0.0340262206132,0.00343173108143,0.000346236597469,3.49451000061e-05,3.5281705522e-06,
5.0,2698.65114852,272.768672802,27.5783895798,2.78911596793,0.282152686735,0.0285508171929,0.00288979165363,0.000292566774121,2.96272984837e-05,3.00094235307e-06,
6.0,2365.72407453,190.119414431,15.2829137876,1.22887071428,0.0988393010074,0.00795206228977,0.00063997009407,5.15197650488e-05,4.14876429235e-06,
7.0,2126.6352075,128.622175528,7.80619850099,0.475547515841,0.0290884099342,0.00178718601037,0.000110332918797,6.84692659751e-06,
8.0,1907.52583401,114.561400227,6.8994044358,0.416759142219,0.0252559257274,0.00153589000988,9.3756267505e-05,5.74633881517e-06,
9.0,1769.75062453,72.6563951973,3.02376358683,0.127815230677,0.00549996594309,0.000241518257989,1.08498366653e-05,4.99763381684e-07,
10.0,1657.78126032,38.5390129789,0.96067513779,0.025961333752,0.000767504800418,2.48580242369e-05,8.75943524397e-07,
11.0,1564.88381781,11.8839330048,0.165232765348,0.00326391311302,7.87099668144e-05,2.19750939172e-06,
12.0,1486.65427417,17.4102500056,0.252153518062,0.00386211313179,5.99609348102e-05,9.42806591714e-07,
13.0,1420.07439743,37.3797494133,1.06414276188,0.0316059394265,0.000959153032671,2.93998247931e-05,9.05246848002e-07,
14.0,1362.98154001,55.3862365514,2.34883989964,0.102401031923,0.00454204213596,0.000203527270523,9.17270530574e-06,
15.0,1295.7178185,51.6455646996,2.14125652402,0.0910173198062,0.00392747953639,0.000170941118315,7.47553042232e-06,
16.0,1239.17621477,50.1971021137,2.10533356597,0.0902368265022,0.00391781658575,0.000171347163729,7.52398948076e-06,
17.0,1189.98436869,48.9199980448,2.07344287547,0.0895473299858,0.00391010943086,0.000171794156815,7.57332134253e-06,
18.0,1146.81301259,47.6086704118,2.03009628193,0.0879807084481,0.00384877425612,0.000169247012494,7.46377876153e-06,
