Coordinates:
0.0,0.25641025641,0.512820512821,0.769230769231,1.02564102564,1.28205128205,1.53846153846,1.79487179487,2.05128205128,2.30769230769,2.5641025641,2.82051282051,3.07692307692,3.33333333333,3.58974358974,3.84615384615,4.10256410256,4.35897435897,4.61538461538,4.87179487179,5.12820512821,5.38461538462,5.64102564103,5.89743589744,6.15384615385,6.41025641026,6.66666666667,6.92307692308,7.17948717949,7.4358974359,7.69230769231,7.94871794872,8.20512820513,8.46153846154,8.71794871795,8.97435897436,9.23076923077,9.48717948718,9.74358974359,10.0,
Volumes:
0.128205128205,0.25641025641,0.25641025641,0.25641025641,0.25641025641,0.25641025641,0.25641025641,0.25641025641,0.25641025641,0.25641025641,0.25641025641,0.25641025641,0.25641025641,0.25641025641,0.25641025641,0.25641025641,0.25641025641,0.25641025641,0.25641025641,0.25641025641,0.25641025641,0.25641025641,0.25641025641,0.25641025641,0.25641025641,0.25641025641,0.25641025641,0.25641025641,0.25641025641,0.25641025641,0.25641025641,0.25641025641,0.25641025641,0.25641025641,0.25641025641,0.25641025641,0.25641025641,0.25641025641,0.25641025641,0.128205128205,

 Time(s), Displacement (m) on vertices
0.5,1.54917132857e-15,-0.00598577172168,-0.0119715432614,-0.0179573144051,-0.0239430848684,-0.0299288542465,-0.0359146219424,-0.041900387061,-0.0478861482508,-0.0538719034646,-0.0598576495964,-0.0658433819318,-0.0718290933124,-0.0778147728685,-0.0838004040934,-0.0897859619198,-0.0957714082796,-0.101756685361,-0.107741705371,-0.113726334979,-0.119710371707,-0.125693508065,-0.131675277083,-0.137654969602,-0.143631508665,-0.149603258763,-0.155567736141,-0.161521168869,-0.167457828742,-0.173369016671,-0.179241521866,-0.185055281881,-0.190779829064,-0.196368893999,-0.201752210055,-0.20682306746,-0.211419412394,-0.215295143304,-0.218076520321,-0.219195966812,
1.0,2.4230268836e-15,-0.00598576351655,-0.0119715255798,-0.0179572845112,-0.0239430381476,-0.0299287835086,-0.0359145163402,-0.0419002304671,-0.0478859168575,-0.0538715622624,-0.059857147232,-0.0658426432207,-0.0718280083657,-0.0778131813401,-0.083798072416,-0.089782550495,-0.0957664243275,-0.10174941538,-0.107731118743,-0.113710946955,-0.119688049572,-0.125661198396,-0.131628624388,-0.137587787051,-0.143535050046,-0.149465227867,-0.15537095705,-0.161241831856,-0.167063229265,-0.172814733483,-0.178468060631,-0.18398438893,-0.189311035971,-0.194377523934,-0.199091291692,-0.203333745913,-0.20695815619,-0.209792369192,-0.211651906696,-0.212373488443,
1.5,2.10131019782e-15,-0.00598572859448,-0.0119714510034,-0.017957160203,-0.0239428473847,-0.0299285007776,-0.0359141040919,-0.041899634387,-0.0478850591017,-0.053870331887,-0.0598553867428,-0.065840129773,-0.0718244276103,-0.0778080912085,-0.0837908532202,-0.0897723365364,-0.0957520107113,-0.101729131883,-0.107702660353,-0.113671148148,-0.119632586604,-0.125584201216,-0.13152217775,-0.137441299987,-0.143334475793,-0.149192125007,-0.155001401045,-0.160745219701,-0.166401076233,-0.171939649314,-0.177323223647,-0.18250401943,-0.187422605672,-0.192006704851,-0.196170874152,-0.199817766282,-0.202841892672,-0.205136928404,-0.206607372035,-0.207184305551,
2.0,-1.53874230816e-15,-0.00598562309739,-0.0119712275087,-0.0179567923336,-0.0239422919998,-0.0299276932939,-0.0359129515629,-0.0418980056909,-0.0478827713371,-0.0538671317644,-0.059850925372,-0.0658339287619,-0.0718158338016,-0.0777962166682,-0.0837744962641,-0.0897498786442,-0.0957212831838,-0.101687245129,-0.107645787908,-0.113594257191,-0.119529107209,-0.125445628503,-0.13133760519,-0.137196889576,-0.143012882917,-0.148771914316,-0.154456516154,-0.160044605589,-0.165508599178,-0.170814513314,-0.175921138425,-0.180779420049,-0.185332233062,-0.189514790106,-0.193255968275,-0.196480845524,-0.199114672726,-0.201088318375,-0.20234485645,-0.202846399059,
2.5,-4.63377322211e-15,-0.00598536885353,-0.0119706926743,-0.0179559217628,-0.023940996652,-0.0299258421035,-0.035910359664,-0.041894418136,-0.0478778411645,-0.0538603909393,-0.0598417467495,-0.0658214768018,-0.0717990013083,-0.0777735443697,-0.0837440716141,-0.089709209911,-0.0956671447833,-0.101615490425,-0.107551126558,-0.113469995857,-0.119366855444,-0.125234976286,-0.131065785484,-0.136848448781,-0.142569394717,-0.148211788076,-0.153754969418,-0.159173889724,-0.164438585014,-0.169513754701,-0.174358528314,-0.178926525567,-0.183166330018,-0.187022500219,-0.190437225098,-0.193352681816,-0.195714064451,-0.197473116426,-0.198591827968,-0.199045786636,
3.0,-3.16876298562e-15,-0.00598484801245,-0.0119696037712,-0.0179541666587,-0.0239384186745,-0.0299222140676,-0.0359053668471,-0.0418876352769,-0.0478687022969,-0.0538481506006,-0.0598254308419,-0.065799821138,-0.0717703756878,-0.0777358599422,-0.0836946693654,-0.0896447284455,-0.0955833662856,-0.10150716491,-0.107411776445,-0.113291705676,-0.119140055367,-0.124948233234,-0.130705621913,-0.13639921684,-0.142013241835,-0.14752875859,-0.152923294165,-0.15817051977,-0.163240024086,-0.168097234032,-0.17270354362,-0.177016715057,-0.180991612475,-0.18458131438,-0.187738622736,-0.190417942801,-0.192577449013,-0.194181384134,-0.195202273187,-0.195622789424,
3.5,-5.31911882899e-16,-0.00598390430109,-0.0119676414479,-0.0179510310193,-0.0239338651926,-0.0299158928332,-0.0358968008289,-0.041876191574,-0.0478535553602,-0.0538282362545,-0.0597993898323,-0.0657659309124,-0.0717264692069,-0.0776792305929,-0.08362196154,-0.089551814158,-0.0954652093897,-0.101357676154,-0.107223664813,-0.113056334314,-0.118847313807,-0.124586441631,-0.130261487337,-0.135857865979,-0.141358358181,-0.146742854517,-0.151988148074,-0.157067804452,-0.161952143054,-0.166608366516,-0.17100087523,-0.175091799847,-0.178841775036,-0.182210961583,-0.185160300841,-0.187652956412,-0.189655865459,-0.191141290808,-0.192088241486,-0.192483621204,
4.0,2.26770921937e-15,-0.00598235063889,-0.0119644260863,-0.0179459320148,-0.0239265347852,-0.0299058391617,-0.0358833627878,-0.041858506209,-0.0478305171209,-0.0537984473987,-0.0597611013436,-0.0657169734634,-0.071664174025,-0.0776003405905,-0.0835225338127,-0.0894271159596,-0.0953096110143,-0.101164545802,-0.106985272494,-0.112763774093,-0.118490456142,-0.124153929995,-0.129740795489,-0.135235433758,-0.140619824101,-0.145873402047,-0.150972978757,-0.155892744222,-0.160604377862,-0.165077289418,-0.16927900988,-0.173175745995,-0.176733102243,-0.179916961114,-0.182694496554,-0.18503527792,-0.186912404583,-0.188303597418,-0.189192165547,-0.189567767998,
4.5,1.3948034362e-15,-0.0059799811648,-0.011959542638,-0.0179382391333,-0.0239155730318,-0.0298909653363,-0.0358637231237,-0.0418330022475,-0.0477977639978,-0.0537567243711,-0.0597082945788,-0.0656505114205,-0.0715809562136,-0.0774966611027,-0.083394001826,-0.0892685763998,-0.0951150697511,-0.1009271051,-0.10669708391,-0.112416017493,-0.118073354902,-0.123656813508,-0.129152220661,-0.134543376857,-0.139811952898,-0.144937435247,-0.149897135048,-0.154666276691,-0.159218181023,-0.163524556088,-0.167555904212,-0.171282048299,-0.174672772341,-0.177698561709,-0.18033141844,-0.182545716405,-0.184319052311,-0.185633042281,-0.186474011807,-0.186833530015,
5.0,-6.36893301748e-17,-0.00597658506603,-0.0119525686001,-0.0179273168621,-0.0239001305234,-0.0298702089398,-0.0358366108923,-0.0417982106073,-0.0477536478744,-0.0537012711001,-0.0596390721991,-0.0655646123265,-0.0714749376294,-0.0773664844554,-0.0832349738224,-0.0890752954516,-0.094881382311,-0.100646077426,-0.106360995685,-0.112016384524,-0.117600988617,-0.123101925122,-0.12850457736,-0.133792516175,-0.138947459251,-0.143949279419,-0.14877607309,-0.153404299348,-0.157808998641,-0.161964097367,-0.165842800796,-0.169418071831,-0.172663187174,-0.175552355975,-0.178061379398,-0.180168323544,-0.181854173435,-0.183103433162,-0.183904637422,-0.184250742817,
5.5,1.90672106577e-15,-0.00597195982354,-0.0119431004038,-0.0179125639357,-0.0238794143644,-0.0298425954562,-0.0358008855266,-0.0417528477634,-0.0476967751343,-0.0536306289559,-0.0595519703309,-0.0654578838409,-0.0713448931331,-0.0772088683734,-0.0830449259617,-0.0888473214389,-0.0946093371587,-0.100323167047,-0.105979801633,-0.111568917455,-0.117078775946,-0.122496137837,-0.127806200026,-0.132992562556,-0.138037233792,-0.1429206819,-0.147621940302,-0.15211877364,-0.156387909023,-0.160405334777,-0.164146665661,-0.167587569647,-0.170704247054,-0.173473948391,-0.175875513056,-0.177889907482,-0.179500738858,-0.180694719574,-0.181462058369,-0.181796756844,
6.0,5.35215381228e-16,-0.00596592220799,-0.011930775007,-0.0178934446777,-0.0238527278615,-0.0298072842147,-0.035755586086,-0.0416958643215,-0.0476260493997,-0.0535437072255,-0.0594459690929,-0.065329455556,-0.0711901942376,-0.077023531972,-0.0828240421098,-0.0885854283303,-0.0943004268943,-0.0999607099167,-0.105556792942,-0.111077950811,-0.116512146514,-0.121845978326,-0.127064651032,-0.132151977326,-0.137090415475,-0.14186114901,-0.146444213429,-0.150818673697,-0.154962854558,-0.158854623519,-0.162471723696,-0.165792150803,-0.168794565446,-0.171458728903,-0.173765947841,-0.17569951133,-0.177245102242,-0.178391164897,-0.17912921184,-0.179454054769,
6.5,1.76716404437e-15,-0.00595831618954,-0.0119152851677,-0.0178695105176,-0.023819496544,-0.0297635964936,-0.0356999582824,-0.0416264670305,-0.0475406838259,-0.0534397802962,-0.0593204687728,-0.0651789280819,-0.0710107253043,-0.0768107342017,-0.0825730514242,-0.088290912075,-0.0939566067144,-0.0995614024147,-0.105095471018,-0.110547828258,-0.115906287865,-0.12115743513,-0.126286624602,-0.131278006619,-0.136114587109,-0.140778324597,-0.145250267474,-0.149510733403,-0.153539531209,-0.157316223736,-0.160820428144,-0.164032147837,-0.166932128082,-0.169502225248,-0.171725777902,-0.173587966703,-0.175076149454,-0.176180157769,-0.1768925428,-0.177208759196,
7.0,2.81109314414e-15,-0.00594901762423,-0.0118963882458,-0.0178404117616,-0.023779281178,-0.0297110274724,-0.035633462511,-0.0415441195269,-0.0474401907915,-0.0533184622889,-0.0591752454085,-0.0650063059285,-0.0708067908553,-0.0765711540175,-0.0822930816862,-0.0879654198863,-0.0935801054817,-0.0991281035266,-0.104599353771,-0.109982729552,-0.11526601257,-0.120435887217,-0.125477958133,-0.130376794495,-0.135116004211,-0.139678340542,-0.14404584287,-0.148200012226,-0.152122020897,-0.155792953921,-0.15919407871,-0.162307137352,-0.165114654566,-0.167600252896,-0.169748965536,-0.171547536496,-0.172984697504,-0.174051411364,-0.174741072321,-0.175049655385,
7.5,1.7677583824e-15,-0.00593793604887,-0.0118739092805,-0.0178059009391,-0.0237317798894,-0.0296492452031,-0.0355557673701,-0.0414485278328,-0.0473243566751,-0.0531796684705,-0.0590103964958,-0.0648119257582,-0.0705790255518,-0.0763057825555,-0.0819855358013,-0.0876108151704,-0.0931732853962,-0.0986636978633,-0.104071852761,-0.109386574366,-0.114595702348,-0.119686102042,-0.124643696495,-0.129453522867,-0.134099815316,-0.138566115929,-0.142835414437,-0.146890316551,-0.150713239619,-0.154286633165,-0.157593220569,-0.160616256953,-0.163339797182,-0.165748966883,-0.167830228682,-0.169571635389,-0.170963061821,-0.17199640727,-0.172665761376,-0.1729675273,
8.0,3.0068603473e-15,-0.00592501416049,-0.0118477395394,-0.017765829619,-0.0236768220904,-0.0295780801954,-0.0354667332419,-0.0413396161729,-0.0471932081928,-0.0530235706181,-0.0588262843067,-0.0645963872365,-0.0703283130375,-0.0760158315378,-0.0816519926414,-0.087229075117,-0.0927385421191,-0.0981710054843,-0.103516201013,-0.108762977066,-0.113899298829,-0.118912270545,-0.123788177831,-0.128512551896,-0.133070257054,-0.137445602334,-0.14162247733,-0.145584511583,-0.14931525593,-0.152798383272,-0.156017905261,-0.158958400491,-0.161605248909,-0.163944866525,-0.16596493397,-0.167654612229,-0.169004738935,-0.170007998897,-0.170659063244,-0.170954692411,
8.5,4.00481167609e-15,-0.00591022562592,-0.0118178318417,-0.0177201406748,-0.0236143568817,-0.0294975089766,-0.0353663899438,-0.0412174976656,-0.0470469752215,-0.0528505513519,-0.0586234815506,-0.0643604904352,-0.0700557162432,-0.0757026585109,-0.0812941301977,-0.0868222157182,-0.0922782365166,-0.0976527259668,-0.102935415475,-0.108115233699,-0.113180320776,-0.118118059305,-0.122915123655,-0.127557548817,-0.132030819644,-0.136319980755,-0.140409766833,-0.144284752306,-0.147929518712,-0.151328837261,-0.154467863372,-0.157332339262,-0.159908800051,-0.162184778374,-0.164149002161,-0.165791580137,-0.167104169693,-0.168080122086,-0.168714600477,-0.169004667091,
9.0,2.6037314106e-15,-0.00589357182479,-0.0117841938553,-0.0176688577779,-0.0235444382489,-0.0294076344248,-0.0352549116257,-0.0410824432978,-0.0468860535476,-0.0526611606443,-0.0584027220278,-0.0641051815159,-0.0697624195679,-0.0753677076257,-0.0809136677129,-0.0863922386153,-0.0917946500864,-0.0971114066069,-0.102332282267,-0.107446328327,-0.112441894932,-0.117306668311,-0.122027724556,-0.126591600779,-0.130984384047,-0.13519181805,-0.139199426924,-0.142992655082,-0.14655702131,-0.149878284775,-0.152942620019,-0.155736797468,-0.158248365552,-0.160465830192,-0.162378827187,-0.163978283022,-0.165256559716,-0.166207579622,-0.166826926591,-0.167111920477,
9.5,-1.50418798789e-15,-0.00587507803047,-0.0117468803589,-0.0176120735572,-0.0234672088851,-0.0293086650092,-0.0351325912361,-0.0409348515388,-0.0467109697415,-0.0524560763322,-0.0581648574896,-0.0638315070362,-0.069449682158,-0.0750124638575,-0.0805123232218,-0.0859410946887,-0.0912899575636,-0.0965494270842,-0.101709356326,-0.106758950191,-0.111686792624,-0.116480888024,-0.121128717595,-0.125617311108,-0.129933334159,-0.134063190643,-0.137993139687,-0.141709425842,-0.145198420803,-0.148446774481,-0.151441572774,-0.154170498992,-0.156621995551,-0.158785422318,-0.160651207869,-0.162210989905,-0.163457741229,-0.164385877929,-0.164991346831,-0.165271689791,
10.0,-2.68990845916e-15,-0.00585478941494,-0.0117059852213,-0.0175499375014,-0.0233828839706,-0.0292008944409,-0.0349998161153,-0.0407752200776,-0.046522349415,-0.0522360694924,-0.057910820993,-0.0635405764346,-0.0691188009713,-0.0746384183803,-0.080091783213,-0.0854706601539,-0.0907662116658,-0.0959689950059,-0.101068969669,-0.106055516238,-0.110917467498,-0.115643152516,-0.120220454144,-0.124636880165,-0.128879647955,-0.13293578222,-0.136792224958,-0.14043595641,-0.143854125368,-0.14703418682,-0.149964044546,-0.152632195988,-0.155027876453,-0.157141199547,-0.158963290689,-0.160486410533,-0.161704065311,-0.162611101316,-0.163203781098,-0.163479839394,
10.5,1.1677426079e-15,-0.00583276715107,-0.0116616336221,-0.0174826443433,-0.0232917358051,-0.0290846827037,-0.0348570456696,-0.0406041205076,-0.046320889439,-0.0520019748954,-0.0576415964895,-0.0632335318582,-0.0687710821441,-0.0742470429456,-0.0796536816126,-0.0849827218016,-0.0902253362086,-0.0953721483811,-0.10041324446,-0.105338195613,-0.110136091789,-0.114795587271,-0.119304958278,-0.123652172639,-0.127824971282,-0.131810960965,-0.135597717371,-0.139172897352,-0.14252435877,-0.145640286092,-0.148509319601,-0.151120685845,-0.153464326779,-0.155531024933,-0.157312521894,-0.158801627443,-0.159992316817,-0.160879813787,-0.161460657512,-0.161732751539,
11.0,2.28593807683e-15,-0.0058090847887,-0.0116139748534,-0.017410423388,-0.0231940798299,-0.0289604390171,-0.0347047916172,-0.0404221763115,-0.0461073342514,-0.0517546663593,-0.0573581940941,-0.0629115243529,-0.0684078192295,-0.0738397713845,-0.0791995858134,-0.0844789688018,-0.0896691248482,-0.0947607622978,-0.0997441083614,-0.104608934103,-0.109344589845,-0.11394005129,-0.118383976448,-0.122664773263,-0.126770677568,-0.130689840743,-0.134410426185,-0.137920713402,-0.141209208302,-0.144264757981,-0.147076668085,-0.149634820666,-0.151929790286,-0.153952956068,-0.155696607368,-0.157154040797,-0.158319646448,-0.159188981384,-0.159758828666,-0.160027240554,
11.5,3.78439976316e-15,-0.00578382500527,-0.0115631758869,-0.0173335290326,-0.0230902623126,-0.0288286069785,-0.0345436009751,-0.0402300441779,-0.0458824560941,-0.0514950366042,-0.0570616303529,-0.0625756954303,-0.0680302770153,-0.0734179866665,-0.0787309879577,-0.0839609891404,-0.0890992434925,-0.0941365579581,-0.099063310612,-0.103869477381,-0.108544668331,-0.113078173671,-0.117459019466,-0.121676032822,-0.125717916131,-0.129573329716,-0.133230981967,-0.136679725884,-0.139908660645,-0.142907236699,-0.145665362626,-0.148173511937,-0.150422827834,-0.152405223928,-0.154113478914,-0.155541323242,-0.156683515959,-0.157535910064,-0.158095504923,-0.158360484582,
12.0,2.2555495984e-15,-0.00575707677556,-0.0115094157873,-0.0172522325743,-0.0229806497759,-0.0286896519239,-0.034374041743,-0.0400283984868,-0.0456470388609,-0.0512239811017,-0.0567529128024,-0.0622271630958,-0.0676396798127,-0.0729830122391,-0.0782493000862,-0.0834302692638,-0.088517235008,-0.0935011128554,-0.0983724378778,-0.10312139249,-0.107737843023,-0.112211385118,-0.11653139782,-0.120687106105,-0.124667651351,-0.128462169091,-0.132059873185,-0.135450145352,-0.138622628819,-0.141567324686,-0.144274689458,-0.146735732096,-0.148942108859,-0.150886214179,-0.152561265827,-0.153961382682,-0.155081653532,-0.155918195479,-0.15646820072,-0.1567299707,
12.5,3.33106531704e-16,-0.00572893296631,-0.0114528809776,-0.0171668152954,-0.0228656201298,-0.0285440504086,-0.0341966911081,-0.0398179186848,-0.0454018651555,-0.0509423853835,-0.0564330281423,-0.0618670115264,-0.0672372032841,-0.0725361066329,-0.0777558520996,-0.0828881958936,-0.0879245252735,-0.0928558713044,-0.0976729293203,-0.102366087311,-0.106925462334,-0.111340944924,-0.115602251328,-0.119698983228,-0.123620694468,-0.127356964111,-0.130897474997,-0.134232096816,-0.137350972534,-0.140244606909,-0.142903955708,-0.14532051413,-0.147486402936,-0.149394450721,-0.151038270815,-0.152412331351,-0.153512017117,-0.154333681993,-0.154874690887,-0.155133450328,
13.0,7.57446478509e-16,-0.00569948833658,-0.0113937613111,-0.0170775627509,-0.0227455553884,-0.028392281632,-0.0340121259239,-0.0395992792205,-0.0451477061357,-0.0506511152901,-0.0561029334073,-0.0614962836966,-0.0668239690459,-0.0720784605336,-0.0772518917359,-0.0823360592672,-0.0873224299364,-0.0922021548373,-0.0969660906089,-0.101604828006,-0.106108727815,-0.110467964022,-0.114672574021,-0.118712515495,-0.122577729475,-0.12625820892,-0.129744072023,-0.13302563933,-0.136093513594,-0.138938661212,-0.141552493997,-0.143926949954,-0.146054571708,-0.147928581232,-0.149542949521,-0.150892459939,-0.151972764064,-0.152780428933,-0.153312974805,-0.153568902672,
13.5,-7.88477639791e-16,-0.00566883790998,-0.0113322468819,-0.0169847601482,-0.0226208358103,-0.0282348205933,-0.0338209151863,-0.0393731416944,-0.0448853137315,-0.0503510096745,-0.055763549594,-0.0611159763631,-0.0664010414286,-0.0716111956985,-0.0767385859705,-0.0817750572728,-0.0867121614401,-0.0915411721733,-0.0962531067566,-0.100838754511,-0.105288711967,-0.109593424617,-0.11374323501,-0.1177284368,-0.121539334253,-0.125166306588,-0.12859987639,-0.13183078124,-0.134850047582,-0.137649065768,-0.14021966515,-0.142554188037,-0.144645561311,-0.146487364479,-0.148073893012,-0.14940021581,-0.150462225779,-0.151256682578,-0.151781246737,-0.152034504499,
14.0,-1.38816631036e-15,-0.00563707567756,-0.0112685254891,-0.016888688688,-0.0224918352883,-0.02807213275,-0.033623614227,-0.0391401488923,-0.0446154148501,-0.0500428751336,-0.0554157572751,-0.060727036915,-0.065969425893,-0.0711353652334,-0.0762170233938,-0.0812063001019,-0.0860948360442,-0.0908740286033,-0.0955350537658,-0.100068894232,-0.104466373666,-0.108718196933,-0.112814996031,-0.116747381369,-0.120505997863,-0.124081585281,-0.127465042101,-0.130647492093,-0.133620352718,-0.136375404393,-0.138904859576,-0.141201430626,-0.143258395347,-0.145069659145,-0.146629812754,-0.14793418453,-0.148978886413,-0.149760852719,-0.150277871075,-0.150528604938,
14.5,1.59910474185e-15,-0.00560429358789,-0.0112027806682,-0.0167896227373,-0.0223589178106,-0.0279046699569,-0.0334207603584,-0.0389009203927,-0.0443387072252,-0.0497274823891,-0.055060393806,-0.0603303616858,-0.0655300687085,-0.0706519548586,-0.0756882172418,-0.0806308151589,-0.0854714806575,-0.0902017347147,-0.0948129091281,-0.0992961741145,-0.103642571523,-0.107843053481,-0.11188852619,-0.115769898495,-0.119478134744,-0.123004311368,-0.126339676508,-0.129475711957,-0.132404196566,-0.13511727026,-0.137607497717,-0.139867930747,-0.141892168428,-0.143674414002,-0.145209527633,-0.146493074131,-0.147521364831,-0.148291492913,-0.148801361538,-0.149049704315,
15.0,-1.17334991176e-15,-0.00557058078208,-0.011135190204,-0.0166878277064,-0.0222224348262,-0.0277328674809,-0.0332128697271,-0.0386560494725,-0.0440558566059,-0.0494055639965,-0.0546982517887,-0.0599267953977,-0.0650838575748,-0.0701618848779,-0.0751531088355,-0.080049552044,-0.084843039379,-0.089525214437,-0.0940875612547,-0.0985214312742,-0.102818075442,-0.106968681246,-0.110964414403,-0.114796464825,-0.118456096404,-0.121934700067,-0.125223849483,-0.12831535872,-0.1312013411,-0.133874268442,-0.136327029847,-0.138552989164,-0.140546040258,-0.142300659223,-0.143811952713,-0.145075701601,-0.146088399247,-0.146847283741,-0.147350363568,-0.147596436268,
15.5,5.53220418341e-17,-0.00553602303393,-0.0110659250479,-0.0165835585134,-0.0220827233619,-0.0275571419028,-0.0330004351582,-0.0384061010705,-0.0437674950251,-0.049077813111,-0.0543300785219,-0.0595171314682,-0.0646316229417,-0.0696660126324,-0.0746125712551,-0.0794633874895,-0.0842103796859,-0.0888453124212,-0.0933598179279,-0.0977454223431,-0.101993576651,-0.106095692115,-0.110043179914,-0.113827494617,-0.117440181065,-0.120872924131,-0.124117600783,-0.127166333811,-0.130011546505,-0.132646017559,-0.135062935426,-0.137255951343,-0.13921923023,-0.140947498702,-0.142436089444,-0.143680981247,-0.144678834061,-0.145427018503,-0.145923639334,-0.146167552508,
16.0,-5.44666294787e-16,-0.00550070235983,-0.0109951485669,-0.016477058533,-0.0219401047553,-0.0273778897442,-0.0327839248041,-0.0381516106,-0.043474219927,-0.0487448830818,-0.0539565762088,-0.0591021129671,-0.0641741398273,-0.0691651352708,-0.074067413118,-0.0788731301638,-0.0835742982419,-0.0881628007835,-0.0926304138687,-0.0969688317063,-0.101169696403,-0.105224631814,-0.109125281202,-0.112863348342,-0.116430641664,-0.119819120936,-0.123020945963,-0.126028526676,-0.128834573996,-0.13143215078,-0.133814722154,-0.135976204515,-0.137911012503,-0.139614103226,-0.141081017092,-0.142307914596,-0.143291608509,-0.144029590945,-0.14452005488,-0.144761909778,
16.5,1.32361581993e-15,-0.00546469676674,-0.0109230160648,-0.0163685589376,-0.021794883886,-0.0271954866767,-0.0325637814357,-0.0378930834353,-0.0431765939691,-0.0484073876871,-0.0535784027398,-0.0586824340482,-0.0637121299849,-0.0686599927109,-0.0735183823701,-0.078279525294,-0.0829355263184,-0.0874783852568,-0.0919000175137,-0.0961922787632,-0.100346993548,-0.104355987592,-0.108211123561,-0.111904339916,-0.115427692491,-0.118773398308,-0.121933881143,-0.124901818288,-0.127670187899,-0.130232316334,-0.132581924828,-0.13471317485,-0.136620711515,-0.138299704407,-0.139745885212,-0.140955581599,-0.141925746833,-0.142653984652,-0.143138569049,-0.143378458612,
17.0,-2.68950869542e-16,-0.00542808011147,-0.0108496745203,-0.0162582783529,-0.0216473488044,-0.0270102871948,-0.0323404222404,-0.0376309949251,-0.0428751453427,-0.0480659018569,-0.0531961729024,-0.0582587417217,-0.0632462642969,-0.0681512706972,-0.0729661700221,-0.0776832590727,-0.0822947348336,-0.0867927107949,-0.0911692370866,-0.0954163243423,-0.0995259711459,-0.103490194859,-0.107301065564,-0.110950742803,-0.114431514736,-0.117735839295,-0.120856386847,-0.123786083882,-0.126518157143,-0.129046177661,-0.131364104092,-0.133466324771,-0.135347697892,-0.137003589254,-0.138429907013,-0.139623132939,-0.140580349711,-0.141299263841,-0.141778223876,-0.142016233604,
17.5,8.4992178511e-16,-0.00539092204805,-0.0107752624968,-0.0161464227615,-0.021497770673,-0.0268226246495,-0.0321142390125,-0.0373657908096,-0.04257036849,-0.0477209627568,-0.0528104598966,-0.0578316378562,-0.062777165305,-0.0676396038818,-0.072411413787,-0.0770849628334,-0.0816525390246,-0.086106366676,-0.0904386260452,-0.0946414763808,-0.0987070822453,-0.102627642914,-0.106395424598,-0.110002795179,-0.113442261118,-0.116706506115,-0.119788431102,-0.122681195081,-0.125378256308,-0.127873413296,-0.130160845114,-0.132235150421,-0.134091384726,-0.135725095329,-0.137132353478,-0.13830978325,-0.139254586763,-0.139964565324,-0.140438136228,-0.140674344926,
18.0,-2.03329106234e-15,-0.0053532880439,-0.0106999101878,-0.0160331856002,-0.0213464039496,-0.0266328115607,-0.0318855986445,-0.0370978879432,-0.0422627251105,-0.0473730711324,-0.0524217970632,-0.0574016813275,-0.0623054098046,-0.0671255788774,-0.0718547015858,-0.0764852169862,-0.0810095027703,-0.0854198911513,-0.0897086879751,-0.0938681949647,-0.0978907349567,-0.101768679935,-0.10549448162,-0.109060704332,-0.112460059779,-0.115685443415,-0.118729971945,-0.121587021545,-0.124250266326,-0.126713716572,-0.128971756245,-0.131019179279,-0.132851224169,-0.13446360638,-0.135852548132,-0.137014805145,-0.137947689954,-0.138649091465,-0.139117490473,-0.139351970911,
18.5,-8.63771749272e-16,-0.00531523944886,-0.0106237395636,-0.0159187480031,-0.0211934867533,-0.0264411401386,-0.0316548438406,-0.0368276752392,-0.0419526453778,-0.0470226928336,-0.0520306797475,-0.0569693902462,-0.0618315314516,-0.0666097372437,-0.0712965749021,-0.075884554713,-0.0803661425863,-0.0847337756807,-0.0889798809921,-0.0930968968126,-0.0970772969198,-0.100913617312,-0.104598485261,-0.108124650403,-0.111485017565,-0.114672680972,-0.117680959451,-0.120503432234,-0.123133974922,-0.125566795179,-0.127796467686,-0.129817967926,-0.13162670434,-0.133218548428,-0.134589862389,-0.13573752391,-0.136658947773,-0.137352103967,-0.137815532043,-0.138048351529,
19.0,3.41402836289e-15,-0.0052768336037,-0.0105468645956,-0.0158032791558,-0.021039241367,-0.0262478829586,-0.0314222939905,-0.0365555147723,-0.0416405292981,-0.0466702604541,-0.0516375672406,-0.0565352442148,-0.0613560233389,-0.0660925783793,-0.0707375319724,-0.0752834654285,-0.079722931313,-0.0840484687941,-0.0882526217123,-0.0923279592755,-0.0962670992478,-0.100062733453,-0.103707655376,-0.1071947896,-0.110517222798,-0.11366823594,-0.116641337371,-0.119430296377,-0.12202917685,-0.124432370641,-0.12663463018,-0.128631099961,-0.130417346481,-0.131989386229,-0.133343711375,-0.134477312785,-0.135387700071,-0.136072918385,-0.136531561735,-0.136762782631,
19.5,-1.51053479533e-15,-0.00523812397757,-0.0104693915363,-0.0156869367268,-0.0208838748358,-0.0260532937429,-0.0311882461543,-0.0362817429859,-0.0413267481573,-0.0463161750361,-0.051242884752,-0.0560996865734,-0.0608793405142,-0.0655745623013,-0.0701780308075,-0.0746823980122,-0.0790803015185,-0.0833643796156,-0.0875272888356,-0.0915617239136,-0.0954604400219,-0.0992162771084,-0.102822186133,-0.106271256959,-0.109556747631,-0.112672114727,-0.115611044463,-0.118367484198,-0.120935673975,-0.123310177725,-0.125485913742,-0.127458184062,-0.12922270237,-0.130775620072,-0.132113550186,-0.133233588752,-0.13413333346,-0.134810899249,-0.135264930671,-0.13549461084,
20.0,2.76841953821e-16,-0.00519916032555,-0.0103914192381,-0.015569867355,-0.020727579631,-0.0258576082146,-0.0309529761186,-0.0360066719616,-0.0410116460176,-0.0459608078,-0.0508470253781,-0.0556631266068,-0.0604019024185,-0.0650561122997,-0.0696184920415,-0.0740817638218,-0.0784386486385,-0.0826818810815,-0.0868042263892,-0.0907984997034,-0.0946575873965,-0.0983744703094,-0.101942248708,-0.105354168729,-0.108603650058,-0.111684314563,-0.114590015568,-0.117314867454,-0.119853275244,-0.122199963821,-0.124350006439,-0.126298852171,-0.128042351951,-0.129576782886,-0.130898870518,-0.132005808756,-0.132895277214,-0.133565455716,-0.134015035795,-0.134243229009,
20.5,4.13444296356e-16,-0.00515998885947,-0.010313039497,-0.0154522071708,-0.0205705343565,-0.025661044994,-0.0307167394913,-0.0357305907206,-0.0406955412289,-0.04560450187,-0.0504503520411,-0.0552259416902,-0.0599240952284,-0.0645376174604,-0.0690593016112,-0.0734819394992,-0.0777983338711,-0.0820013128815,-0.0860837466659,-0.0900385659202,-0.093858782368,-0.0975375109639,-0.101067993648,-0.104443624439,-0.10765797563,-0.110704824817,-0.113578182481,-0.116272319829,-0.118781796567,-0.1211014883,-0.123226613229,-0.125152757822,-0.126875901156,-0.128392437605,-0.129699197622,-0.130793466311,-0.131672999586,-0.132336037684,-0.132781315865,-0.133008072159,
21.0,2.12966254132e-15,-0.00512065242645,-0.0102343374113,-0.0153340823373,-0.0204129044745,-0.0254638065153,-0.0304797728113,-0.035453766529,-0.0403787279311,-0.0452475739718,-0.0500531993768,-0.0547884793592,-0.0594462740938,-0.0640194350523,-0.0685008132688,-0.0728832695793,-0.0771596868465,-0.0813229841503,-0.0853661328926,-0.0892821747343,-0.0930642412501,-0.0967055751565,-0.100199552942,-0.103539708699,-0.106719758933,-0.109733628109,-0.112575474662,-0.115239717207,-0.117721060644,-0.120014521879,-0.122115454852,-0.124019574577,-0.125722979913,-0.127222174779,-0.128514087558,-0.129596088443,-0.130466004505,-0.131122132302,-0.13156324785,-0.131788613847,
21.5,4.39278014325e-15,-0.00508119069091,-0.0101553917461,-0.0152156095986,-0.0202548430397,-0.0252660799459,-0.0302422946544,-0.0351764461898,-0.0400614775297,-0.0448903160863,-0.0496558755586,-0.0543510592927,-0.0589687652651,-0.0635018927785,-0.0679433509332,-0.0722860689128,-0.0765230080897,-0.0806471759314,-0.0846516416558,-0.088529553557,-0.0922741578927,-0.0958788191971,-0.0993370418581,-0.102642492771,-0.105789024862,-0.108770701249,-0.111581819806,-0.114216937855,-0.116670896736,-0.118938845978,-0.121016266784,-0.122898994577,-0.124583240322,-0.12606561039,-0.127343124697,-0.128413232925,-0.129273828592,-0.129923260831,-0.130360343693,-0.130584362893,
22.0,2.0592176556e-15,-0.0050416403166,-0.0100762752974,-0.0150968968255,-0.0200964914264,-0.0250680380947,-0.0300045067213,-0.0348988573057,-0.0397440401288,-0.0445329970465,-0.0492586640479,-0.0539139752036,-0.0584918681073,-0.0629852908938,-0.0673872108875,-0.0716906249158,-0.0758885712906,-0.0799741434354,-0.0839405051112,-0.0877809071615,-0.0914887056772,-0.0950573814497,-0.0984805605638,-0.101752035953,-0.104865789722,-0.107816016033,-0.110597144308,-0.113203862539,-0.115631140424,-0.117874252109,-0.119928798255,-0.121790727204,-0.123456354972,-0.124922383863,-0.126185919454,-0.127244485775,-0.128096038471,-0.128738975813,-0.129172147396,-0.129394860436,
22.5,-3.13348378298e-16,-0.00500203514631,-0.00999705525106,-0.0149780435536,-0.019937980043,-0.0248698403006,-0.0297665948953,-0.0346212095033,-0.0394266459142,-0.044175864069,-0.0488618252636,-0.0534774966314,-0.0580158569992,-0.0624699041906,-0.0668326638276,-0.0710971996559,-0.0752566253981,-0.0793041181108,-0.0832329329978,-0.0870364196072,-0.090708039314,-0.0942413839688,-0.0976301955691,-0.10086838679,-0.103950062194,-0.106869539919,-0.109621373642,-0.112200374582,-0.114601633332,-0.116820541268,-0.118852811317,-0.120694497837,-0.122342015401,-0.12379215625,-0.125042106226,-0.126089458983,-0.126932228326,-0.127568858509,-0.12799823238,-0.128219677273,
23.0,1.01329627432e-15,-0.00496240637713,-0.00991779353278,-0.0148591415051,-0.0197794290248,-0.0246716332924,-0.0295287302649,-0.0343436956103,-0.0391095064771,-0.0438191442153,-0.0484655981676,-0.053041870638,-0.0575409831208,-0.0619559838584,-0.0662799567716,-0.0705060317857,-0.0746273965525,-0.078637309545,-0.0825291144782,-0.0862962559868,-0.0899322964669,-0.0934309339699,-0.0967860210128,-0.0999915841538,-0.103041844164,-0.105931236612,-0.108654432661,-0.11120635988,-0.113582222853,-0.115777523368,-0.117788079977,-0.119610046698,-0.121239930674,-0.122674608568,-0.123911341512,-0.124947788447,-0.125782017688,-0.126412516574,-0.126838199101,-0.127058411444,
23.5,-2.42003101517e-16,-0.00492278273017,-0.00983854714612,-0.0147402750943,-0.0196209489022,-0.0244735520154,-0.0292910701036,-0.0340664927811,-0.0387928160771,-0.0434630457798,-0.0480702017649,-0.0526073234042,-0.0570674761305,-0.0614437592209,-0.0657293148358,-0.0699173383347,-0.0740010898663,-0.0779739072093,-0.0818292198195,-0.0855605640165,-0.0891615992234,-0.0926261251526,-0.0959480998124,-0.0991216581923,-0.102141131469,-0.10500106656,-0.107696245849,-0.110221706886,-0.112572761864,-0.114745016682,-0.116734389385,-0.118537127786,-0.120149826082,-0.121569440268,-0.122793302196,-0.123819132094,-0.124645049426,-0.12526958195,-0.125691672878,-0.12591068605,
24.0,-1.60724440005e-15,-0.00488319061341,-0.00975936849736,-0.0146215219116,-0.019462641241,-0.0242757204228,-0.0290537588047,-0.0337897635681,-0.0384767528389,-0.0431077596019,-0.0476758365182,-0.0521740617313,-0.0565955457358,-0.0609334393578,-0.0651809428863,-0.0693313163687,-0.073377891069,-0.0773140820636,-0.081133401933,-0.0848294754849,-0.0883960554279,-0.0918270388946,-0.0951164846966,-0.0982586311802,-0.101247914532,-0.104078987381,-0.106746737519,-0.109246306575,-0.111573108448,-0.113722847322,-0.115691535073,-0.117475507891,-0.119071441936,-0.120476367849,-0.121687683978,-0.122703168156,-0.123520987905,-0.124139708945,-0.12455830192,-0.124776147258,
24.5,2.6237462206e-15,-0.00484365427741,-0.00968030570549,-0.0145029531849,-0.0193045992512,-0.0240782522268,-0.0288169287689,-0.0335136569359,-0.0381614798845,-0.0427534603041,-0.0472826856772,-0.0517422744482,-0.0561253831609,-0.0604252146151,-0.0646350270727,-0.0687481445259,-0.0727579680232,-0.0766579880304,-0.0804417977833,-0.0841031075743,-0.0876357598936,-0.0910337453316,-0.0942912191326,-0.0974025182755,-0.100362178944,-0.103164954238,-0.105805831972,-0.108280052385,-0.110583125617,-0.112710848745,-0.114659322245,-0.116424965679,-0.118004532466,-0.119395123566,-0.120594199934,-0.121599593611,-0.12240951732,-0.123022572483,-0.123437755533,-0.123654462491,
25.0,4.59044305886e-16,-0.00480419596325,-0.00960140289675,-0.0143846342185,-0.0191469083658,-0.0238812516114,-0.0285807012436,-0.0332383092199,-0.0378471464004,-0.0424003074549,-0.0468909165271,-0.0513121337282,-0.0556571625175,-0.0599192580119,-0.0640917362524,-0.0681679844388,-0.0721414721247,-0.0760057633518,-0.0797545296817,-0.0833815640697,-0.0868807955059,-0.0902463043367,-0.0934723381632,-0.096553328199,-0.099483905962,-0.10225892016,-0.104873453627,-0.10732284015,-0.109602681041,-0.111708861287,-0.113637565117,-0.115385290842,-0.116948864797,-0.118325454262,-0.119512579205,-0.120508122739,-0.121310340163,-0.121917866505,-0.122329722477,-0.122545318771,
25.5,1.05505217466e-15,-0.00476483604262,-0.00952270048339,-0.0142666248073,-0.0189896467865,-0.0236848139047,-0.0283451871143,-0.0329638450278,-0.0375338886393,-0.0420484466615,-0.0465006815559,-0.0508837963197,-0.0551910420822,-0.0594157265478,-0.0635512233108,-0.0675909820498,-0.0715285395937,-0.075357531838,-0.079071706472,-0.0826649364628,-0.0861312342272,-0.0894647664087,-0.0926598691628,-0.0957110638424,-0.0986130729631,-0.101360836322,-0.10394952713,-0.106374568023,-0.108631646795,-0.110716731721,-0.112626086304,-0.114356283321,-0.11590421801,-0.117267120276,-0.118442565783,-0.119428485817,-0.120223175822,-0.120825302509,-0.121233909465,-0.121448421213,
26.0,2.81372384925e-16,-0.00472559314999,-0.00944423542664,-0.0141489796281,-0.0188328859992,-0.0234890262117,-0.028110487649,-0.032690378087,-0.0372218308604,-0.0416980105906,-0.0461121195463,-0.0504574046937,-0.0547271654852,-0.0589147624183,-0.0630136263865,-0.0670172688284,-0.0709192926669,-0.0747134040163,-0.0783934246194,-0.0819533049643,-0.0853871380155,-0.0886891734805,-0.0918538325225,-0.0948757228179,-0.0977496538453,-0.10047065229,-0.103033977432,-0.105435136395,-0.107669899105,-0.109734312844,-0.11162471624,-0.113337752576,-0.114870382278,-0.116219894458,-0.117383917406,-0.118360427907,-0.119147759305,-0.11974460821,-0.120150039798,-0.120363491635,
26.5,1.52032904735e-15,-0.00468648430698,-0.00936604148408,-0.0140317486069,-0.0186766912569,-0.0232939680087,-0.0278766951956,-0.0324180120373,-0.0369110862091,-0.0413491199247,-0.0457253565945,-0.050033088113,-0.0542656628169,-0.058416494143,-0.0624790700057,-0.0664469628965,-0.070313840698,-0.07407347819,-0.0777197692115,-0.0812467394311,-0.0846485596629,-0.087919559656,-0.0910542422712,-0.0940472979523,-0.096893619386,-0.0995883162399,-0.102126729861,-0.104504447811,-0.106717318114,-0.108761463093,-0.110633292655,-0.112329516921,-0.113847158064,-0.115183561243,-0.116336404536,-0.117303707753,-0.118083840059,-0.118675526319,-0.119077852104,-0.119290267299,
27.0,2.77880064828e-15,-0.00464752503912,-0.00928814944176,-0.0139149772641,-0.0185211220337,-0.0230997116999,-0.0276438938362,-0.0321468411741,-0.0366017575388,-0.0410018842521,-0.0453405070593,-0.049610963628,-0.0538066516556,-0.0579210376121,-0.0619476661337,-0.0658801700696,-0.0697122811728,-0.0734378414132,-0.0770508148784,-0.0805453002167,-0.0839155435633,-0.0871559518816,-0.0902611066402,-0.0932257777354,-0.0960449375648,-0.0987137751459,-0.101227710171,-0.103582406883,-0.10577378766,-0.107798046183,-0.109651660075,-0.111331402897,-0.112834355383,-0.114157915814,-0.115299809426,-0.116258096764,-0.117031180894,-0.117617813415,-0.118017099184,-0.118228499742,
27.5,-4.31322517624e-16,-0.00460872948516,-0.00921058733156,-0.0137987070366,-0.0183662324488,-0.0229063231381,-0.0274121599966,-0.0318769511407,-0.0362939381776,-0.0406564028986,-0.0449576744462,-0.0491911370014,-0.0533502380222,-0.0574284970575,-0.0614195151484,-0.0653169848191,-0.0691147006469,-0.0728065703897,-0.0763866266387,-0.0798490389521,-0.0831881264149,-0.0863983705605,-0.089474428578,-0.0924111467251,-0.0952035738529,-0.097846974948,-0.100336844588,-0.102668920208,-0.104839195058,-0.106843930766,-0.108679669365,-0.110343244703,-0.111831793126,-0.113142763323,-0.114273925256,-0.115223378082,-0.115989556996,-0.116571238913,-0.116967546962,-0.117177953717,
28.0,-1.3281406314e-15,-0.00457011049932,-0.0091333806344,-0.0136829755805,-0.0182120716632,-0.0227138621111,-0.0271815630173,-0.0316084195746,-0.0359877126426,-0.0403127657001,-0.044576952229,-0.0487737035682,-0.0528965172659,-0.0569389659522,-0.060894706741,-0.0647574911618,-0.0685211756108,-0.0721797323009,-0.0757272606781,-0.0791579992629,-0.0824663378655,-0.085646830113,-0.0886942062186,-0.0916033859161,-0.0943694914745,-0.0969878607019,-0.0994540598441,-0.101763896279,-0.103913430903,-0.105898990119,-0.1077171773,-0.109364883663,-0.110839298426,-0.112137918172,-0.113258555336,-0.114199345724,-0.114958755006,-0.115535584118,-0.115928973507,-0.116138406208,
28.5,2.36793563242e-15,-0.00453167974671,-0.00905655246988,-0.0135678170514,-0.0180586842489,-0.0225223827946,-0.0269521656834,-0.0313413167099,-0.0356831573048,-0.0399710537219,-0.044198424614,-0.0483587490338,-0.0524455748856,-0.0564525278442,-0.0603733207505,-0.0642017634822,-0.0679317732888,-0.0715573855696,-0.0750727650665,-0.0784722174286,-0.0817502011029,-0.0849013394913,-0.0879204333094,-0.0908024730744,-0.0935426516424,-0.096136376711,-0.0985792831987,-0.100867245408,-0.102996388881,-0.104963101847,-0.106764046175,-0.108396167736,-0.10985670608,-0.111143203357,-0.112253512381,-0.113185803786,-0.113938572195,-0.114510641348,-0.11490116814,-0.115109645536,
29.0,2.13254542874e-15,-0.00449344779232,-0.00898012377312,-0.0134532623678,-0.0179061105342,-0.0223319341747,-0.0267240247199,-0.0310757059366,-0.0353803410075,-0.0396313399271,-0.0438221672486,-0.0479463502144,-0.0519974872917,-0.0559692571282,-0.0598554279347,-0.0636498672931,-0.0673465523766,-0.0709395805642,-0.0744231804181,-0.0777917229886,-0.0810397333978,-0.0841619026494,-0.0871530996028,-0.090008383043,-0.0927230137721,-0.0952924666449,-0.0977124424637,-0.0999788796475,-0.10208796559,-0.104036147612,-0.105820143432,-0.107436951057,-0.108883858015,-0.110158449854,-0.111258617832,-0.112182565721,-0.112928815681,-0.113496213138,-0.113883930618,-0.114091470524,
29.5,7.30565503212e-16,-0.00445542418386,-0.00890411345934,-0.0133393394545,-0.0177543869233,-0.0221425604404,-0.0264971912507,-0.0308116443216,-0.0350793256404,-0.0392936897965,-0.0434482478799,-0.0475365757238,-0.0515523225118,-0.0554892197605,-0.0593410906841,-0.063101859937,-0.0667655637221,-0.0703263602473,-0.0737785404991,-0.0771165392997,-0.0803349466024,-0.0834285189753,-0.0863921912135,-0.0892210880188,-0.0919105356747,-0.0944560736447,-0.0968534660163,-0.0990987127101,-0.101188060374,-0.103118012876,-0.104885341326,-0.106487093524,-0.107920602789,-0.10918349606,-0.110273701237,-0.111189453665,-0.111929301728,-0.112492111493,-0.112877070369,-0.11308368974,
30.0,-1.28678326241e-15,-0.00441761752879,-0.00882853857694,-0.0132260734703,-0.0176035461955,-0.021954301349,-0.0262717112262,-0.030549183092,-0.034780166673,-0.038958161905,-0.0430767269645,-0.0471294866092,-0.0511101408435,-0.0550124739203,-0.058830363682,-0.0625577912358,-0.0661888509538,-0.0697177607756,-0.0731388727883,-0.0764466840491,-0.0796358476085,-0.0827011836864,-0.0856376909462,-0.0884405578077,-0.0911051737332,-0.0936271404176,-0.0960022828113,-0.0982266599006,-0.100296575169,-0.102208586667,-0.103959516604,-0.105546460403,-0.106966795136,-0.108218187272,-0.10929859968,-0.110206297821,-0.110939855084,-0.111498157216,-0.111880405805,-0.112086120793,
30.5,-1.09574364894e-15,-0.004380035566,-0.00875341444983,-0.0131134870186,-0.017453617781,-0.0217671925647,-0.0260476258195,-0.0302883680838,-0.0344829136493,-0.0386248084548,-0.0427076582345,-0.0467251369411,-0.0506709954602,-0.054539070622,-0.0583232945142,-0.0620177040903,-0.0656164510612,-0.0691138120513,-0.0725041989931,-0.0757821697273,-0.0789424387687,-0.0819798881937,-0.0848895785959,-0.0876667600557,-0.0903068830622,-0.092805609322,-0.0951588223891,-0.097362638045,-0.0994134143583,-0.101307761353,-0.103042550216,-0.104614921968,-0.106022295545,-0.107262375209,-0.108333157247,-0.109232935884,-0.109960308384,-0.110514179274,-0.110893763672,-0.111098589687,
31.0,-1.10194259402e-16,-0.00434268523227,-0.00867875480952,-0.0130016003437,-0.017304628019,-0.0215812659738,-0.025824971795,-0.0300292401584,-0.0341876106465,-0.0382936757709,-0.0423410892212,-0.0463235743593,-0.0502349329709,-0.0540690542808,-0.0578199242338,-0.0614816350339,-0.0650483949303,-0.0685145382322,-0.0718745355255,-0.0751230040623,-0.0782547182841,-0.0812646204357,-0.0841478312234,-0.0868996604615,-0.0895156176533,-0.0919914224436,-0.0943230148813,-0.0965065654256,-0.0985384846309,-0.100415432444,-0.102134327044,-0.103692353171,-0.105086969864,-0.106315917568,-0.107377224542,-0.108269212521,-0.108990501588,-0.10954001422,-0.109916978463,-0.110120930223,
31.5,-2.78066053668e-16,-0.00430557272404,-0.00860457191778,-0.0128904315122,-0.0171566003954,-0.0213965499763,-0.0256037818491,-0.0297718355881,-0.0338942967001,-0.0379648047588,-0.0419770617407,-0.0459248405778,-0.0498019939379,-0.0536024632366,-0.0573202878822,-0.0609496147446,-0.0644847078388,-0.0679199582018,-0.0712498939407,-0.0744691904211,-0.0775726805603,-0.080555365185,-0.0834124234074,-0.0861392229703,-0.0887313305078,-0.0911845216646,-0.0934947910145,-0.0956583617188,-0.0976716948605,-0.0995314983944,-0.101234735651,-0.102778633332,-0.104160688945,-0.105378677618,-0.106430658238,-0.10731497888,-0.108030281472,-0.108575505664,-0.108949891869,-0.109152983452,
32.0,1.71339257594e-15,-0.00426870355468,-0.00853087668029,-0.0127799965821,-0.0170095557644,-0.0212130697564,-0.0253840849268,-0.0295161864142,-0.033603006198,-0.03763823133,-0.0416156123431,-0.0455289718528,-0.0493722133569,-0.0531393302384,-0.0568244149711,-0.0604216685177,-0.0639254099119,-0.067330086003,-0.0706302813419,-0.0738207281782,-0.0768963165365,-0.079852104331,-0.0826833274769,-0.0853854099522,-0.087953973758,-0.090384848725,-0.0926740821119,-0.0948179479365,-0.0968129559841,-0.0986558604337,-0.100343668045,-0.101873645852,-0.103243328306,-0.104450523817,-0.105493320655,-0.106370092146,-0.107079501153,-0.107620503778,-0.107992352278,-0.108194597163,
32.5,1.93029871595e-15,-0.00423208260749,-0.00845767875211,-0.0126703097585,-0.0168635125533,-0.0210308475338,-0.0251659065146,-0.0292623207776,-0.0333137692451,-0.0373139867942,-0.0412567727283,-0.0451359994152,-0.0489456210995,-0.0526796828913,-0.0563323299279,-0.0598978167023,-0.0633705165445,-0.0667449312384,-0.0700157007526,-0.0731776130561,-0.0762256139869,-0.0791548171391,-0.081960513724,-0.0846381823651,-0.087183498777,-0.0895923452794,-0.0918608200938,-0.0939852463709,-0.0959621808927,-0.0977884223969,-0.0994610194696,-0.100977277953,-0.102334767821,-0.10353132947,-0.104565079381,-0.105434415125,-0.10613801965,-0.106674864838,-0.107044214309,-0.107245625421,
33.0,3.08860549003e-15,-0.00419571418494,-0.0083849866353,-0.0125613835389,-0.0167184869526,-0.0208499027954,-0.0249492689122,-0.0290102632262,-0.0330266120006,-0.0369920982238,-0.0409005701309,-0.0447459498708,-0.0485222423239,-0.0522235440704,-0.0558440525072,-0.0593780751047,-0.0628200387897,-0.0661644994392,-0.0694061514614,-0.0725398374384,-0.0755605577992,-0.0784634804898,-0.0812439505993,-0.0838974999038,-0.0864198562805,-0.0888069529472,-0.0910549374776,-0.0931601805426,-0.0951192843276,-0.0969290905743,-0.0985866881976,-0.100089420429,-0.10143489144,-0.102620972398,-0.103645806916,-0.104507815862,-0.10520570148,-0.105738450812,-0.106105338383,-0.10630592813,
33.5,6.9030532134e-16,-0.00415960205423,-0.0083128077694,-0.0124532288471,-0.0165744930912,-0.0206702525107,-0.0247341914834,-0.0287600349982,-0.0327415569911,-0.03667258879,-0.0405470276758,-0.0443588455706,-0.048102097853,-0.0517709323031,-0.0553595981709,-0.0588624553607,-0.0622739837188,-0.0655887924066,-0.0688016293384,-0.0719073906591,-0.074901130231,-0.0777780690983,-0.0805336048923,-0.0831633211375,-0.085662996418,-0.0880286133584,-0.0902563673753,-0.0923426751515,-0.0942841827854,-0.0960777735696,-0.0977205753503,-0.0992099674227,-0.100543586919,-0.101719334648,-0.102735380342,-0.103590167286,-0.104282416288,-0.104811128965,-0.105175590327,-0.105375370634,
34.0,1.31720919721e-15,-0.00412374948938,-0.00824114861516,-0.0123458551571,-0.0164315431998,-0.0204919113306,-0.0245206908889,-0.028511654285,-0.0324586233993,-0.0363554780742,-0.0401961647076,-0.0439747049525,-0.0476852045254,-0.0513218621227,-0.054878978439,-0.0583509652794,-0.0617323547521,-0.0650178085255,-0.0682021271282,-0.0712802592688,-0.0742473111456,-0.0770985557169,-0.0798294418963,-0.0824356036358,-0.0849128688581,-0.0872572681952,-0.0894650434923,-0.0915326560308,-0.0934567944281,-0.0952343821688,-0.0968625847237,-0.0983388162137,-0.0996607455789,-0.100826302212,-0.101833681021,-0.102681346889,-0.103368038501,-0.103892771506,-0.104254841008,-0.104453823351,
34.5,-8.19023200864e-16,-0.00408815931036,-0.00817001473203,-0.0122392706082,-0.0162896477613,-0.0203148917717,-0.0243087813011,-0.0282651364743,-0.0321778273312,-0.0360407823562,-0.0398479970948,-0.043593542858,-0.0472715755185,-0.0508763443941,-0.0544022012147,-0.0578436091611,-0.0611951519655,-0.064451543055,-0.0676076347195,-0.0706584272799,-0.0735990782296,-0.0764249113208,-0.0791314255604,-0.0817143040836,-0.0841694228649,-0.0864928592296,-0.0886809001239,-0.0907300501039,-0.0926370390001,-0.0943988292178,-0.0960126226302,-0.0974758670268,-0.0987862620766,-0.0999417647712,-0.100940594313,-0.101781236418,-0.102462447006,-0.102983255255,-0.103342965994,-0.103541161429,
35.0,-4.13418669655e-16,-0.00405283391911,-0.0080994108499,-0.0121334821113,-0.0161488156499,-0.0201392043869,-0.0240984746033,-0.0280204943746,-0.0318991820637,-0.0357285148802,-0.0395025375111,-0.0432153708246,-0.0468612206481,-0.0504343866162,-0.0539292710833,-0.0573403880902,-0.0606623723729,-0.0638899883961,-0.067018139394,-0.070041876393,-0.0729564071934,-0.0757571052797,-0.0784395186296,-0.0809993783877,-0.0834326073693,-0.0857353283571,-0.0879038721525,-0.089934785344,-0.0918248377514,-0.0935710295095,-0.0951705977509,-0.0966210228506,-0.0979200341987,-0.0990656154638,-0.100056009319,-0.100889721598,-0.101565524861,-0.102082461337,-0.102439845242,-0.102637264436,
35.5,-1.36079119775e-15,-0.00401777533301,-0.00802934093541,-0.0120284954471,-0.0160090542601,-0.0199648579224,-0.0238897805739,-0.0277777384232,-0.031622698273,-0.0354186861007,-0.0391597956953,-0.0428401973555,-0.0464541466445,-0.0499959931996,-0.0534601895891,-0.0568413002059,-0.0601340101866,-0.0633331343383,-0.0664336260558,-0.0694305862058,-0.0723192719554,-0.0750951055158,-0.077753682773,-0.0802907817738,-0.0827023710329,-0.0849846176277,-0.0871338950438,-0.0891467907357,-0.0910201133646,-0.092750899679,-0.0943364209988,-0.0957741892719,-0.0970619626654,-0.0981977506636,-0.0991798186401,-0.100006691879,-0.100677159018,-0.101190274902,-0.101545362809,-0.101742016062,
36.0,1.24872118623e-15,-0.00398298521576,-0.00795980825329,-0.011924315357,-0.0158703696261,-0.0197918594642,-0.0236827070562,-0.0275368768781,-0.0313483842462,-0.0351113039101,-0.0388197786916,-0.0424680281693,-0.0460503574077,-0.0495611657245,-0.0529949554909,-0.0563463409522,-0.0596100570586,-0.0627809682878,-0.0658540774431,-0.0688245344049,-0.0716876448124,-0.0744388786485,-0.0770738787023,-0.0795884688761,-0.0819786623075,-0.0842406692737,-0.0863709048429,-0.0883659962395,-0.0902227898887,-0.0919383581051,-0.0935100053924,-0.0949352743211,-0.0962119509523,-0.0973380697789,-0.0983119181548,-0.0991320401882,-0.0997972400761,-0.10030658486,-0.100659406585,-0.100855303857,
36.5,-9.0451335934e-16,-0.00394846490592,-0.00789081542309,-0.0118209456274,-0.0157327665316,-0.0196202145719,-0.0234772601157,-0.0272979159958,-0.0310762460759,-0.0348063738491,-0.0384824910718,-0.0420988664311,-0.0456498542435,-0.0491299031779,-0.0525335649976,-0.0558555033085,-0.0590905023021,-0.0622334754773,-0.0652794743235,-0.0682236969436,-0.071061496596,-0.0737883901287,-0.0764000662804,-0.078892393819,-0.081261429489,-0.083503425735,-0.0856148381701,-0.0875923327585,-0.0894327926761,-0.0911333248208,-0.0926912659376,-0.0941041883294,-0.0953699051234,-0.0964864750651,-0.0974522068142,-0.0982656627181,-0.0989256620426,-0.0994312836413,-0.0997818680471,-0.0999770189763,
37.0,-7.43672307698e-16,-0.00391421544335,-0.0078223644716,-0.0117183891669,-0.015596248612,-0.019449927404,-0.0232734441856,-0.0270608601953,-0.0308062878414,-0.0345038993004,-0.0381479351399,-0.0417327129648,-0.0452526360809,-0.0487022021731,-0.0520760119864,-0.0553687780025,-0.0585753330967,-0.0616906391605,-0.0647097956738,-0.0676280482048,-0.0704407968174,-0.0731436043615,-0.0757322046211,-0.0782025102929,-0.0805506207673,-0.0827728296817,-0.0848656322172,-0.0868257321066,-0.0886500483246,-0.0903357214283,-0.091880119519,-0.0932808437967,-0.0945357336777,-0.0956428714518,-0.096600586452,-0.0974074587166,-0.0980623221226,-0.0985642669734,-0.0989126420274,-0.0991070559545,
37.5,1.66490492851e-15,-0.00388023759358,-0.00775445688131,-0.0116166480787,-0.015460818448,-0.0192810008324,-0.0230712622011,-0.0268257122096,-0.0305385117749,-0.0342038816683,-0.0378161111223,-0.04136956645,-0.0448586996736,-0.048278057152,-0.0516222882031,-0.0548861537067,-0.0580645346772,-0.0611524407902,-0.0641450188461,-0.067037561152,-0.0698255137999,-0.0725044848197,-0.0750702521818,-0.0775187716231,-0.0798461842708,-0.082048824035,-0.0841232247421,-0.0860661269793,-0.0878744846232,-0.0895454710209,-0.0910764847987,-0.0924651552684,-0.0937093474066,-0.0948071663821,-0.0957569616085,-0.0965573303007,-0.0972071205173,-0.0977054336728,-0.0980516265053,-0.0982453124904,
38.0,2.91728324171e-16,-0.00384653187039,-0.00768709363519,-0.0115157237262,-0.0153264776531,-0.0191134365489,-0.0228707157234,-0.0265924732258,-0.0302729184159,-0.0339063205448,-0.0374870173417,-0.0410094236041,-0.0444680397853,-0.0478574605728,-0.0511723834485,-0.0544076172198,-0.0575580905086,-0.0606188601839,-0.0635851197208,-0.0664522074677,-0.0692156148014,-0.0718709941482,-0.0744141668473,-0.076841130833,-0.0791480681084,-0.0813313519856,-0.0833875540651,-0.085313450926,-0.0871060305014,-0.0887624981108,-0.0902802821224,-0.0916570392222,-0.0928906592617,-0.0939792696645,-0.0949212393677,-0.0957151822803,-0.09635996024,-0.0968546854539,-0.0971987224101,-0.0973916892503,
38.5,-2.5554312769e-17,-0.00381309855664,-0.00762027525804,-0.0114156167953,-0.0151932269536,-0.0189472351633,-0.0226718050543,-0.0263611430147,-0.0300095067531,-0.0336112138618,-0.0371606503798,-0.0406522793494,-0.0440806493613,-0.0474404030815,-0.0507262857487,-0.0539331536337,-0.0570559824464,-0.0600898756757,-0.0630300728477,-0.0658719576819,-0.0686110661277,-0.0712430942596,-0.073763906008,-0.076169540703,-0.0784562204071,-0.0806203570105,-0.0826585590639,-0.0845676383238,-0.0863446159827,-0.087986728561,-0.0894914334323,-0.0908564139621,-0.0920795842325,-0.0931590933347,-0.0940933292062,-0.0948809219969,-0.0955207469453,-0.0960119267524,-0.0963538334402,-0.096546089686,
39.0,1.9734114852e-16,-0.00377993772352,-0.00755400185476,-0.01131632735,-0.015061066263,-0.0187823962945,-0.0224745293422,-0.0261317200501,-0.0297482743558,-0.033318558033,-0.0368370052256,-0.0402981269682,-0.043696519687,-0.0470268736722,-0.0502839815138,-0.0534627464885,-0.0565581908854,-0.0595654642565,-0.062479851576,-0.0652967812893,-0.068011833236,-0.0706207464233,-0.073119426631,-0.0755039538233,-0.0777705893467,-0.0799157828881,-0.0819361791691,-0.0838286243533,-0.0855901721401,-0.0872180895228,-0.0887098621862,-0.0900631995209,-0.0912760392329,-0.0923465515285,-0.0932731428539,-0.0940544591734,-0.094689388771,-0.0951770645606,-0.0955168658952,-0.0957084198655,
39.5,6.86903479593e-16,-0.00374704924832,-0.00748827314558,-0.0112178548855,-0.0149299947503,-0.0186189186536,-0.0222788866799,-0.0259042016192,-0.0294892174957,-0.0330283480844,-0.0365160754135,-0.0399469582459,-0.0433156405333,-0.0466168598336,-0.0498454556836,-0.0529963779142,-0.0560646948965,-0.0590456017037,-0.0619344281742,-0.0647266468585,-0.0674178808305,-0.0700039113461,-0.072480685326,-0.0748443226432,-0.0770911231911,-0.0792175737119,-0.0812203543595,-0.0830963449758,-0.0848426310553,-0.0864565093775,-0.0879354932825,-0.0892773175691,-0.0904799429959,-0.0915415603638,-0.0924605941642,-0.093235705775,-0.0938657961911,-0.0943500082754,-0.0946877285213,-0.094878588317,
40.0,1.99169276647e-16,-0.00371443283086,-0.00742308849874,-0.0111201983759,-0.0148000109036,-0.018456800122,-0.0220848741946,-0.0256785839245,-0.0292323312583,-0.0327405777744,-0.0361978531504,-0.0395987636028,-0.0429380002921,-0.0462103476847,-0.0494106918617,-0.0525340287627,-0.0555754723531,-0.0585302626999,-0.0613937739409,-0.0641615221317,-0.0668291729509,-0.0693925492472,-0.0718476384057,-0.0741905995159,-0.076417770317,-0.0785256739024,-0.0805110251573,-0.0823707369112,-0.0841019257807,-0.0857019176816,-0.0871682529901,-0.0884986913312,-0.0896912159763,-0.0907440378306,-0.0916555989941,-0.0924245758807,-0.0930498818811,-0.0935306695584,-0.0938663323668,-0.0940565058839,
40.5,6.89531699707e-16,-0.00368208800868,-0.00735844696052,-0.0110233563195,-0.0146711125884,-0.0182960378221,-0.0218924881318,-0.0254548621779,-0.0289776096464,-0.0324552397053,-0.0358823294333,-0.0392535322159,-0.0425635861004,-0.0458073221002,-0.04897967244,-0.0520756787284,-0.0550905000474,-0.0580194209435,-0.0608578593061,-0.0636013741168,-0.0662456730531,-0.0687866199271,-0.0712202419409,-0.0735427367398,-0.0757504792408,-0.0778400282182,-0.0798081326234,-0.0816517376185,-0.0833679903037,-0.0849542451167,-0.0864080688841,-0.0877272455068,-0.0889097802598,-0.0899539036896,-0.0908580750932,-0.0916209855638,-0.0922415605911,-0.0927189622045,-0.0930525906495,-0.0932420855907,
41.0,4.20014016702e-16,-0.00365001417099,-0.00729434728311,-0.0109273267791,-0.0145432971015,-0.0181366281839,-0.0217017239318,-0.0252330306874,-0.028725045676,-0.0321723254258,-0.035569494157,-0.0389112521313,-0.042192383955,-0.0454077668258,-0.048552378713,-0.0516213064603,-0.0546097537977,-0.0575130492497,-0.0603266539252,-0.0630461691726,-0.065667344084,-0.0681860828306,-0.0705984518114,-0.072900686596,-0.0750891986417,-0.0771605817658,-0.0791116183527,-0.0809392852757,-0.0826407595133,-0.0842134234421,-0.085654869785,-0.0869629061984,-0.0881355594794,-0.0891710793784,-0.0900679420002,-0.0908248527813,-0.0914407490304,-0.0919148020218,-0.0922464186329,-0.0924352425187,
41.5,1.12614997228e-15,-0.00361821057164,-0.0072307879502,-0.0108321074208,-0.0144165612208,-0.0179785670055,-0.0215125763007,-0.0250130829375,-0.0284746314637,-0.0318918255257,-0.0352593362146,-0.0385719103676,-0.0418243788184,-0.0450116645845,-0.0481287909835,-0.051170889665,-0.0541332085473,-0.0570111196436,-0.0598001267656,-0.0624958730866,-0.0650941485501,-0.0675908971052,-0.069982223753,-0.0722644013829,-0.0744338773838,-0.0764872800078,-0.0784214244698,-0.0802333187626,-0.0819201691688,-0.083479385451,-0.0849085857032,-0.086205600844,-0.0873684787372,-0.0883954879233,-0.0892851209475,-0.0900360972717,-0.0906473657588,-0.0911181067193,-0.0914477335118,-0.091635893691,
42.0,-3.62303092274e-16,-0.00358667634101,-0.00716776720072,-0.0107376955487,-0.0142909012517,-0.0178218495095,-0.0213250392766,-0.0247950116631,-0.0282263583086,-0.0316137297234,-0.0349518435893,-0.0382354930121,-0.0414595547166,-0.0446189971754,-0.0477088886595,-0.0507244052014,-0.0536608384559,-0.056513603447,-0.0592782461861,-0.0619504511469,-0.0645260485804,-0.0670010216543,-0.0693715133998,-0.0716338334478,-0.0737844645359,-0.0758200687708,-0.0777374936235,-0.0795337776436,-0.0812061558709,-0.0827520649298,-0.0841691477863,-0.0854552581542,-0.0866084645322,-0.0876270538591,-0.0885095347727,-0.0892546404595,-0.0898613310865,-0.0903287958032,-0.0906564543068,-0.0908439579654,
42.5,-3.26490562555e-16,-0.00355541049708,-0.00710528305068,-0.0106440881374,-0.0141663130687,-0.0176664703944,-0.0211391062893,-0.0245788089176,-0.0279802167669,-0.0313380269463,-0.0346470034399,-0.0379019853085,-0.0410978948293,-0.0442297455637,-0.0472926503446,-0.0502818291686,-0.0531926169836,-0.0560204713568,-0.0587609800102,-0.0614098682087,-0.063963005985,-0.066416415186,-0.0687662763241,-0.0710089352154,-0.0731409093896,-0.0751588942523,-0.077059768983,-0.0788406021513,-0.0804986570347,-0.0820313966196,-0.0834364882709,-0.0847118080539,-0.0858554446927,-0.0868657031532,-0.0877411078358,-0.0884804053673,-0.0890825669818,-0.0895467904807,-0.0898725017653,-0.0900593559357,
43.0,3.45742528802e-16,-0.00352441195553,-0.00704333331335,-0.0105512818618,-0.0140427921556,-0.0175124238831,-0.0209547702166,-0.024364466136,-0.0277361967213,-0.0310647054054,-0.0343448021788,-0.0375713717387,-0.0407393815723,-0.0438438899646,-0.0468800539201,-0.0498431369862,-0.052728516968,-0.0555316935185,-0.0582482955934,-0.0608740887546,-0.0634049823079,-0.0658370362587,-0.0681664680716,-0.0703896592147,-0.0725031614751,-0.0745037030263,-0.0763881942325,-0.0781537331718,-0.0797976108635,-0.0813173161809,-0.0827105404376,-0.0839751816285,-0.0851093483144,-0.0861113631359,-0.0869797659433,-0.0877133165338,-0.088310996984,-0.0887720135704,-0.0890957982706,-0.0892820098396,
43.5,8.69823463893e-16,-0.00349367953915,-0.00698191561786,-0.0104592731248,-0.0139203336405,-0.0173597037667,-0.0207720234357,-0.0241519741929,-0.0274942874448,-0.030793752664,-0.0340452255446,-0.0372436360973,-0.040383996675,-0.0434614099202,-0.0464710766215,-0.049408303469,-0.0522685106959,-0.0550472395932,-0.0577401598854,-0.0603430769513,-0.0628519388763,-0.065262843322,-0.067572044195,-0.0697759581025,-0.0718711705761,-0.0738544420483,-0.0757227135671,-0.0774731122302,-0.0791029563254,-0.0806097601605,-0.0819912385685,-0.083245311073,-0.0843701057018,-0.0853639624353,-0.0862254362769,-0.0869532999378,-0.0875465461243,-0.0880043894199,-0.0883262677575,-0.0885118434738,
44.0,3.7475576941e-16,-0.0034632119865,-0.00692102742638,-0.0103680580826,-0.0137989323303,-0.0172083034451,-0.0205908578707,-0.0239413234564,-0.0272544776592,-0.0305251557005,-0.033748258669,-0.0369187615613,-0.0400317212502,-0.0430822843701,-0.0460656951088,-0.0489773028952,-0.0518125699686,-0.0545670788196,-0.0572365394874,-0.0598167967003,-0.0623038368458,-0.0646937947545,-0.0669829602838,-0.0691677846857,-0.0712448867433,-0.0732110586602,-0.0750632716882,-0.0767986814767,-0.0784146331308,-0.0799086659601,-0.0812785179081,-0.0825221296453,-0.0836376483145,-0.0846234309171,-0.0854780473277,-0.0862002829279,-0.0867891408509,-0.0872438438283,-0.0875638356332,-0.0877487821145,
44.5,8.1117123516e-16,-0.00343300795986,-0.00686066604998,-0.0102776326682,-0.0136785827403,-0.0170582159649,-0.0204112650363,-0.0237325038369,-0.0270167555901,-0.0302589009673,-0.0334538861377,-0.0365967307536,-0.0396825358598,-0.0427064917173,-0.0456638855312,-0.0485501090694,-0.0513606661627,-0.0540911800708,-0.0567374007042,-0.059295211686,-0.0617606372412,-0.0641298488989,-0.0663991719919,-0.0685650919409,-0.0706242603062,-0.0725735005936,-0.0744098137985,-0.0761303836745,-0.0777325817112,-0.0792139718075,-0.0805723146271,-0.0818055716226,-0.0829119087167,-0.0838896996286,-0.084737528835,-0.0854541941564,-0.0860387089607,-0.0864903039755,-0.086808428705,-0.0869927524445,
45.0,-7.70165346569e-16,-0.0034030660526,-0.0068008286632,-0.0101879926133,-0.0135592791235,-0.0169094340535,-0.0202332360785,-0.0235255048333,-0.0267811090163,-0.029994974444,-0.0331620920478,-0.0362775258019,-0.0393364205742,-0.0423340098883,-0.0452656235864,-0.0481266953812,-0.0509127702855,-0.0536195119066,-0.0562427095927,-0.0587782854183,-0.0612223009951,-0.0635709640936,-0.065820635063,-0.0679678330328,-0.0700092418839,-0.0719417159732,-0.0737622855982,-0.0754681621868,-0.0770567431997,-0.0785256167297,-0.0798725657876,-0.0810955722606,-0.0821928205309,-0.0831627007463,-0.0840038117294,-0.0847149635191,-0.0852951795345,-0.0857436983552,-0.0860599751122,-0.0862436824845,
45.5,9.653342195e-16,-0.00337338479598,-0.00674151231754,-0.0100991334677,-0.013441015496,-0.0167619501517,-0.0200567618115,-0.0233203155747,-0.0265475253161,-0.0297333616875,-0.0328728600594,-0.0359611283924,-0.0389933550279,-0.0419648163883,-0.0448708845759,-0.0477070348578,-0.0504688530263,-0.0531520426219,-0.0557524320064,-0.0582659812733,-0.0606887889821,-0.063017098702,-0.0652473053532,-0.0673759613304,-0.0693997823945,-0.0713156533193,-0.0731206332797,-0.0748119609657,-0.076387059412,-0.077843540527,-0.079179209312,-0.0803920677554,-0.0814803183939,-0.0824423675272,-0.0832768280798,-0.0839825220983,-0.0845584828782,-0.0850039567136,-0.0853184042633,-0.0855015015301,
46.0,8.67979097328e-16,-0.0033439626654,-0.00668271395391,-0.0100110506182,-0.0133237856618,-0.0166157564426,-0.0198818327522,-0.0231169248592,-0.0263159915101,-0.0294740478773,-0.0325861734446,-0.0356475198206,-0.0386533184701,-0.0415988883524,-0.0444796434553,-0.047291100214,-0.0500288848035,-0.0526887402906,-0.0552665336358,-0.0577582625294,-0.0601600620511,-0.0624682111387,-0.0646791388525,-0.0667894304224,-0.0687958330641,-0.0706952615503,-0.0724848035238,-0.0741617245409,-0.0757234728291,-0.0771676837499,-0.0784921839525,-0.0796949952086,-0.0807743379164,-0.081728634264,-0.0825565110441,-0.0832568021099,-0.0838285504668,-0.084271009992,-0.0845836467775,-0.084766140093,
46.5,-2.07942997097e-16,-0.00331479808614,-0.00662443041402,-0.00992373930556,-0.0132075832343,-0.0164708448791,-0.0197084391519,-0.0229153211893,-0.0260864943,-0.0292170178578,-0.0323020151307,-0.0353366810361,-0.0383162898119,-0.0412362025929,-0.0440918748807,-0.0468788638969,-0.0495928358077,-0.0522295728068,-0.0547849800464,-0.057255092401,-0.0596360810545,-0.0619242598946,-0.0641160917033,-0.0662081941302,-0.0681973454345,-0.0700804899836,-0.0718547434951,-0.0735173980095,-0.0750659265813,-0.0764979876761,-0.0778114292637,-0.0790042925936,-0.0800748156453,-0.0810214362428,-0.0818427948234,-0.0825377368552,-0.0831053148937,-0.0835447902737,-0.0838556344305,-0.0840375298457,
47.0,8.91321943641e-16,-0.00328588943872,-0.00656665845096,-0.00983719463959,-0.0130924016572,-0.0163272072085,-0.0195365710252,-0.0227154928052,-0.0258590201049,-0.0289622561769,-0.0320203677421,-0.0350285926859,-0.0379822476692,-0.0408767356423,-0.0437075532517,-0.0464702981276,-0.0491606760417,-0.0517745079217,-0.0543077367123,-0.0567564340694,-0.0591168068746,-0.0613852035583,-0.0635581202183,-0.0656322065205,-0.0676042713696,-0.0694712883379,-0.0712304008374,-0.0728789270257,-0.0744143644316,-0.0758343942904,-0.0771368855767,-0.0783198987252,-0.0793816890284,-0.0803207097038,-0.0811356146196,-0.0818252606745,-0.0823887098218,-0.0828252307343,-0.0831343001035,-0.0833156035715,
47.5,-9.50231664348e-16,-0.00325723506379,-0.00650939473895,-0.00975141161415,-0.0129782342235,-0.0161848349959,-0.0193662181773,-0.0225174277148,-0.0256335550943,-0.0287097471217,-0.0317412136372,-0.0347232351527,-0.037651170402,-0.0405204637929,-0.0433266527505,-0.0460653749398,-0.0487323753573,-0.0513235132781,-0.0538347690485,-0.0562622507109,-0.0586022004483,-0.0608510008373,-0.0630051808962,-0.0650614219159,-0.0670165630618,-0.0688676067332,-0.0706117236697,-0.0722462577914,-0.0737687307621,-0.0751768462641,-0.0764684939742,-0.0776417532307,-0.0786948963815,-0.0796263918048,-0.0804349065951,-0.0811193089052,-0.0816786699401,-0.0821122655954,-0.0824195777367,-0.0826002951161,
48.0,4.14346002024e-17,-0.00322883326659,-0.00645263588222,-0.00966638512009,-0.0128650740922,-0.0160437196453,-0.0191973702283,-0.0223211137216,-0.025410085219,-0.0284594747515,-0.0314645349435,-0.0344205885912,-0.0373230361519,-0.0401673631342,-0.0429491473784,-0.0456640662145,-0.0483079034882,-0.0508765564419,-0.0533660424393,-0.0557725055229,-0.0580922227897,-0.0603216105757,-0.0624572304355,-0.0644957949053,-0.0664341730368,-0.0682693956916,-0.0699986605816,-0.0716193370472,-0.0731289705595,-0.0745252869374,-0.0758061962683,-0.0769697965231,-0.0780143768573,-0.0789384205871,-0.0797406078359,-0.0804198178418,-0.0809751309211,-0.0814058300821,-0.081711402285,-0.0818915393444,
48.5,-2.99708873391e-16,-0.00320068232117,-0.00639637842336,-0.00958210995756,-0.0127529143052,-0.0159038524191,-0.0190300166362,-0.0221265384507,-0.0251885962393,-0.0282114229279,-0.0311903135891,-0.0341206329606,-0.0369978228745,-0.0398174095857,-0.0425750109887,-0.0452663437126,-0.0478872300816,-0.0504336049309,-0.0529015222648,-0.0552871617471,-0.0575868350099,-0.0597969917716,-0.0619142257485,-0.0639352803524,-0.0658570541591,-0.0676766061377,-0.0693911606292,-0.0709981120634,-0.0724950294024,-0.0738796603018,-0.0751499349784,-0.0763039697756,-0.0773400704175,-0.0782567349438,-0.0790526563176,-0.0797267246996,-0.0802780293828,-0.0807058603826,-0.0810097096776,-0.0811892720988,
49.0,9.42520115632e-16,-0.00317278047419,-0.00634061885081,-0.00949858084725,-0.0126417478011,-0.015765224456,-0.0188641467178,-0.0219336893717,-0.0249690737505,-0.0279655753428,-0.0309185313319,-0.0338233480551,-0.0366755083713,-0.0394705789283,-0.0422042173173,-0.0448721791041,-0.0474703247259,-0.0499946262415,-0.0524411739254,-0.0548061826914,-0.0570859983364,-0.059277103592,-0.0613761239719,-0.0633798334039,-0.0652851596349,-0.0670891893983,-0.0687891733311,-0.070382530632,-0.0718668534485,-0.0732399109835,-0.0744996533119,-0.075644214898,-0.0766719178051,-0.0775812745895,-0.078370990872,-0.0790399675795,-0.0795873028522,-0.0800122936108,-0.0803144367794,-0.0804934301612,
49.5,-9.77906169555e-16,-0.00314512594845,-0.00628535360594,-0.00941579244075,-0.0125315674297,-0.0156278267878,-0.018699749668,-0.0217425538212,-0.0247515032071,-0.0277219155436,-0.0306491697873,-0.0335287135321,-0.0363560703173,-0.0391268468327,-0.041836740011,-0.0444815439962,-0.0470571569769,-0.0495595878728,-0.0519849628639,-0.0543295317498,-0.0565896741293,-0.0587619053872,-0.0608428824784,-0.0628294094963,-0.0647184430163,-0.066507097202,-0.0681926486635,-0.0697725410583,-0.0712443894231,-0.0726059842282,-0.0738552951447,-0.074990474515,-0.07600986052,-0.0769119800334,-0.077695551158,-0.0783594854366,-0.078902889732,-0.0793250677722,-0.0796255213562,-0.0798039512173,
