Coordinates:
0.0,0.714285714286,1.42857142857,2.14285714286,2.85714285714,3.57142857143,4.28571428571,5.0,5.71428571429,6.42857142857,7.14285714286,7.85714285714,8.57142857143,9.28571428571,10.0,
Volumes:
0.357142857143,0.714285714286,0.714285714286,0.714285714286,0.714285714286,0.714285714286,0.714285714286,0.714285714286,0.714285714286,0.714285714286,0.714285714286,0.714285714286,0.714285714286,0.714285714286,0.357142857143,

 Time(s), Error (-) on vertices
1.0,0.0,76985.770494,19412.8327488,4904.758522,1240.83850337,314.208524897,79.6202822771,20.1866893521,5.12029865498,1.29921304088,0.32975766771,0.0837180817259,0.0212587624371,0.00539931340892,0.00137154691348,0.00034845433752,8.85393870755e-05,2.24999533155e-05,5.71843903842e-06,1.45335113999e-06,3.69392432371e-07,9.3821603292e-08,2.40013572648e-08,5.91745518488e-09,1.60537537384e-09,3.81108202577e-10,
2.0,5594.41755696,1162.13873298,250.080765964,55.3245502728,12.5035839584,2.87297513268,0.668735419295,0.157274146756,0.037298632002,0.00890684486799,0.00213926011833,0.000516338213116,0.000125151875987,3.04464487922e-05,7.43084530472e-06,1.81879036433e-06,4.46398613408e-07,1.09884429058e-07,2.70705452623e-08,6.59415002006e-09,1.71862941841e-09,4.26557586128e-10,
3.0,3685.77448164,822.649316614,187.048575421,43.1588670137,10.0759243588,2.37483082425,0.564128883525,0.134882922914,0.0324286570444,0.00783335495828,0.0018999274819,0.000462459171183,0.000112921308294,2.76499252042e-05,6.78742610994e-06,1.66983327544e-06,4.11851252336e-07,1.01600431536e-07,2.51382098019e-08,6.36368333529e-09,1.46164194727e-09,5.38020396388e-10,
4.0,1515.79960089,350.993279898,82.1564778049,19.4014743271,4.61560129328,1.10487838715,0.265883906087,0.0642748127653,0.0155992154158,0.00379898848121,0.000928034881718,0.000227326194307,5.58219378113e-05,1.3738273384e-05,3.38798596451e-06,8.37034221275e-07,2.07187243056e-07,5.14077572746e-08,1.28052617701e-08,3.08460273228e-09,8.26142560329e-10,
5.0,533.863578351,126.296096341,30.0871197008,7.21008875747,1.73660359077,0.420110189088,0.102020220229,0.0248583139034,0.00607513542185,0.00148868684783,0.000365679195201,9.00225935366e-05,2.22062638454e-05,5.48786665475e-06,1.35853165933e-06,3.36919518316e-07,8.36332102044e-08,2.08005507779e-08,5.17672155751e-09,1.27061536666e-09,3.13400625766e-10,
6.0,234.217093482,56.1853891719,13.543962628,3.27874442141,0.796674971181,0.194213287283,0.0474837773369,0.0116399289924,0.0028601266307,0.000704300794543,0.000173776550417,4.29553921892e-05,1.06360462953e-05,2.63773416966e-06,6.55128043143e-07,1.62913653761e-07,4.05898708079e-08,1.01404256412e-08,2.53340934182e-09,6.23746181028e-10,
7.0,123.329928968,34.4971725454,9.68664772599,2.72921674861,0.771279678849,0.218553664507,0.0620815151397,0.0176737431288,0.00504168476597,0.00144090315501,0.000412521678951,0.000118293439544,3.39728333408e-05,9.77060197132e-06,2.81380910438e-06,8.11362773929e-07,2.34244170121e-07,6.76995338381e-08,1.96040834952e-08,5.66695158314e-09,1.64039923045e-09,4.79172695393e-10,
8.0,70.0836289979,18.3909023125,4.84003977385,1.27710624583,0.337777305462,0.0895300881793,0.0237774924436,0.00632639259107,0.00168609863118,0.00045008833565,0.000120325526981,3.22125576752e-05,8.63509088165e-06,2.31767027392e-06,6.22805128576e-07,1.67545111031e-07,4.51267963119e-08,1.21604976485e-08,3.28269971298e-09,8.86864569657e-10,
9.0,43.8429554455,10.7585376852,2.64595584617,0.652086929832,0.161009523063,0.0398254147147,0.00986687000943,0.00244829232801,0.000608375669243,0.000151380352559,3.7715904661e-05,9.40822206105e-06,2.349593793e-06,5.87420397952e-07,1.47016985169e-07,3.68397989525e-08,9.23400358125e-09,2.32321615124e-09,5.82653086278e-10,
10.0,29.5742002705,6.76639157764,1.55086553835,0.356049245853,0.0818686955978,0.0188519506877,0.00434699221659,0.00100365169481,0.000232011451178,5.36959272458e-05,1.24409696498e-05,2.88552632255e-06,6.69936148812e-07,1.55687760283e-07,3.62153776671e-08,8.42814786285e-09,1.97173998217e-09,4.52400754935e-10,
11.0,21.1890729343,4.50701444904,0.960032865609,0.204770587418,0.0437322115778,0.00935101999558,0.00200176994156,0.000428985987988,9.20287912857e-05,1.97622058606e-05,4.24774857652e-06,9.13852517254e-07,1.96769001849e-07,4.24061776832e-08,9.14483696147e-09,1.97096262834e-09,4.29220949021e-10,
12.0,15.9442148802,3.14339526225,0.620431448182,0.122592364462,0.0242485487963,0.00480109601906,0.000951498979718,0.000188743363962,3.7472574337e-05,7.44591109273e-06,1.48070642036e-06,2.94681110391e-07,5.86897144496e-08,1.1697166519e-08,2.33126346988e-09,4.64342164954e-10,
13.0,12.4923176073,2.27524885691,0.41477481859,0.0756792705443,0.0138199683833,0.00252573637041,0.000461961542941,8.45565036782e-05,1.54881172161e-05,2.83888717898e-06,5.20693529239e-07,9.55625686268e-08,1.75502391047e-08,3.22390410564e-09,5.94870608011e-10,
14.0,10.1230542181,1.69703792128,0.284695549246,0.0477933670371,0.00802863112939,0.00134955871997,0.000226990805272,3.82015462195e-05,6.43280597385e-06,1.08381665057e-06,1.8269931024e-07,3.08137950719e-08,5.19958947288e-09,8.7747321573e-10,
15.0,8.43900139526,1.29673075251,0.199360312809,0.0306655084858,0.00471929148104,0.000726626704162,0.000111930057056,1.72494772356e-05,2.65945194323e-06,4.10191590854e-07,6.32942924845e-08,9.76983288084e-09,1.50846077557e-09,2.34274279862e-10,
16.0,7.20629879618,1.0100833806,0.141632130859,0.0198664950286,0.00278760336985,0.000391278873415,5.49392844161e-05,7.71642785288e-06,1.08413116803e-06,1.52362316161e-07,2.14188433097e-08,3.01120451378e-09,4.24787886129e-10,
17.0,6.28124275933,0.798614729156,0.101561105826,0.0129185388362,0.00164358725209,0.000209152509356,2.66208496498e-05,3.3889642869e-06,4.31513348669e-07,5.49563372345e-08,7.00078320443e-09,8.91626546346e-10,
18.0,5.57215376677,0.638389422014,0.0731470735053,0.00838215997722,0.000960642272767,0.000110106571938,1.2621462679e-05,1.44693800556e-06,1.65896002997e-07,1.90214611342e-08,2.18125581404e-09,2.501551305e-10,
19.0,5.01859591832,0.514022242331,0.0526496779385,0.00539291383881,0.000552414451195,5.6587461348e-05,5.79680681505e-06,5.93841760127e-07,6.0835746691e-08,6.23412322495e-09,6.36782486596e-10,
20.0,4.57956785835,0.415334961749,0.0376679960977,0.00341622587441,0.000309828006603,2.80992553401e-05,2.54840908264e-06,2.31122118757e-07,2.09616109332e-08,1.90078235151e-09,1.71407566806e-10,
21.0,4.22653908871,0.335421119456,0.0266201680057,0.00211274110141,0.000167686112928,1.33095545267e-05,1.05644092984e-06,8.38584274764e-08,6.65636461853e-09,5.28190193975e-10,
22.0,3.93920618796,0.269487950233,0.0184392561395,0.00126189617442,8.63739659975e-05,5.91321981412e-06,4.04900997932e-07,2.77312215084e-08,1.89983212075e-09,1.30558686104e-10,
23.0,3.70282924572,0.214142528758,0.0123901482198,0.000717246872245,4.15426546476e-05,2.40751303341e-06,1.39607514231e-07,8.10129376118e-09,4.70866552656e-10,
24.0,3.50651515795,0.166939990741,0.00795637642588,0.000379660377503,1.81409023123e-05,8.68096401865e-07,4.16084700383e-08,1.99822483279e-09,9.58500379003e-11,
25.0,3.3420843259,0.126091059512,0.00476848230387,0.000180841451391,6.88100475983e-06,2.62829452994e-07,1.00834149492e-08,3.8836007899e-10,
26.0,3.2033060394,0.0902698110431,0.00255773104425,7.29883542113e-05,2.10168470261e-06,6.11906459242e-08,1.80628132018e-09,5.37134140444e-11,
27.0,3.08537230037,0.0584901802986,0.00112577511789,2.21689847802e-05,4.50528206222e-07,9.51706026045e-09,2.10418797103e-10,
28.0,2.98452915064,0.030063545161,0.000325395862202,3.98995435149e-06,5.62341860577e-08,8.7717457775e-10,
29.0,2.89781407995,0.00591068217479,4.54200958768e-05,3.97942726622e-07,3.74188575271e-09,4.42184472564e-11,
30.0,2.82286616495,0.0204730549073,0.000151180204048,1.11687540204e-06,8.25349965884e-09,6.06876933198e-11,
31.0,2.7584863937,0.00911587913548,3.07590582708e-05,1.1089428885e-07,6.20728093828e-10,
32.0,2.70225059172,0.00455240727804,3.25234665471e-05,2.81618186371e-07,2.51711007649e-09,2.56292913908e-11,
33.0,2.65266261051,0.00399539649436,1.79683515982e-05,1.2003175792e-07,8.87166060698e-10,
34.0,2.60906645019,0.00855816158848,2.84217114342e-05,9.74171769253e-08,4.04770845994e-10,
35.0,2.57061620728,0.0136143040847,7.23725228128e-05,3.85212821727e-07,2.05379693632e-09,1.29827132972e-11,
36.0,2.53669958573,0.0108615786675,4.65185845746e-05,1.99358378419e-07,8.58943154353e-10,
37.0,2.5066084197,0.00818561294559,2.69280085494e-05,9.00904515725e-08,3.24632533094e-10,
38.0,2.47984634983,0.00559301481222,1.4231547081e-05,5.19706391145e-08,2.7782166253e-10,
39.0,2.45599202298,0.00314833256918,1.00540994188e-05,6.4122623822e-08,4.35999831368e-10,
40.0,2.43465585235,0.00423553667546,1.00841374846e-05,4.78585918955e-08,2.96149827287e-10,
41.0,2.41556638446,0.00539153439985,1.29947224109e-05,4.19412754802e-08,2.0255480417e-10,
42.0,2.39845760351,0.00656875524926,1.82763048533e-05,5.36119587708e-08,1.82433021774e-10,
43.0,2.38309976343,0.00774993719339,2.52671790107e-05,8.28383411343e-08,2.75711682382e-10,
44.0,2.36930339498,0.00708958264743,2.13222268531e-05,6.50365491647e-08,2.0708605005e-10,
45.0,2.35688358016,0.00643894685401,1.77560345352e-05,5.0592098922e-08,1.59427523092e-10,
46.0,2.34568937521,0.00579679674889,1.45622092519e-05,3.93093194488e-08,1.32020976821e-10,
47.0,2.33558858834,0.00516208288003,1.17380774327e-05,3.10224493635e-08,1.20289233543e-10,
48.0,2.3264651067,0.00453393074121,9.28566319689e-06,2.55151519251e-08,1.19749424561e-10,
49.0,2.31821665625,0.00391164840856,7.21332031875e-06,2.23807913545e-08,1.23138139019e-10,
50.0,2.31075026589,0.00419433644739,8.01570394812e-06,2.16160788938e-08,1.05194999873e-10,
51.0,2.3039891244,0.00447849365514,8.96796232853e-06,2.20933693648e-08,9.24261426373e-11,
52.0,2.29786220708,0.00476362707459,1.00461195085e-05,2.37852824978e-08,8.39662054e-11,
53.0,2.29230635911,0.00504940777382,1.12332923879e-05,2.65738722677e-08,8.09005921844e-11,
54.0,2.28726531059,0.00533561653914,1.25180157001e-05,3.03170001737e-08,8.47412377583e-11,
55.0,2.28268964303,0.00517475528856,1.1798575044e-05,2.78422150566e-08,7.6895681519e-11,
56.0,2.27853348049,0.00501545534095,1.11039589978e-05,2.55200698924e-08,7.03328147763e-11,
57.0,2.27475661399,0.00485754088765,1.04334810926e-05,2.33419879642e-08,6.48291381859e-11,
58.0,2.27132297417,0.00470085578501,9.78652579828e-06,2.12999586018e-08,5.87710808861e-11,
59.0,2.26820015954,0.00454526126712,9.16257353532e-06,1.93917750446e-08,5.41422445479e-11,
60.0,2.26535902551,0.00439063391032,8.56115239962e-06,1.76123462641e-08,4.95184884995e-11,
61.0,2.26277332534,0.0042368638968,7.98185801106e-06,1.59522118357e-08,4.52631287672e-11,
62.0,2.26041939546,0.00408385345377,7.42433742693e-06,1.44094623404e-08,4.0215932129e-11,
63.0,2.25827587916,0.00393151549501,6.88827791638e-06,1.29816336546e-08,3.76779147325e-11,
64.0,2.25632348321,0.00377977242596,6.37341015086e-06,1.16606152811e-08,3.58333250829e-11,
65.0,2.25454476308,0.00362855508893,5.87949907776e-06,1.04442767641e-08,3.23778035257e-11,
66.0,2.25292393289,0.00347780182912,5.40634061634e-06,9.32686747142e-09,2.87921292592e-11,
67.0,2.25144669696,0.00332745766269,4.95375683222e-06,8.3061063915e-09,2.84325379197e-11,
68.0,2.25010010012,0.00317747356734,4.52160046259e-06,7.37636306387e-09,2.47920481859e-11,
69.0,2.24887239455,0.00302780580206,4.1097384088e-06,6.53343423833e-09,2.43405939549e-11,
70.0,2.24775292093,0.002878415363,3.7180602056e-06,5.77629243203e-09,2.27003336099e-11,
71.0,2.24673200242,0.00272926745734,3.3464709256e-06,5.09658435391e-09,2.1743404897e-11,
72.0,2.24580084969,0.00258033106325,2.99490521983e-06,4.49393750418e-09,2.0218278043e-11,
73.0,2.24495147586,0.00243157851312,2.66329587742e-06,3.95940274847e-09,1.89884178016e-11,
74.0,2.24417662024,0.00228298513696,2.35160013775e-06,3.49478967371e-09,1.80573461359e-11,
75.0,2.24346967972,0.00213452897196,2.05979306973e-06,3.09200474357e-09,1.65029244271e-11,
76.0,2.2428246471,0.00198619044476,1.78786071985e-06,2.74692792652e-09,1.51724764871e-11,
77.0,2.24223605554,0.00183795216114,1.53581698596e-06,2.4524897797e-09,1.52611388947e-11,
78.0,2.24169888044,0.00191123239804,1.65165551008e-06,2.36200212198e-09,1.32444263377e-11,
79.0,2.24120864672,0.00198453103573,1.77408580512e-06,2.31997021973e-09,1.25991881139e-11,
80.0,2.240761226,0.00205784424864,1.90267015322e-06,2.32833208219e-09,1.13196845277e-11,
81.0,2.24035285736,0.00213116904638,2.03707145561e-06,2.38128427505e-09,9.43805099102e-12,
82.0,2.23998011388,0.00220450307563,2.17704528832e-06,2.47794190538e-09,8.98378097153e-12,
83.0,2.23963987241,0.0022778444707,2.32240510457e-06,2.61401732172e-09,8.04033205643e-12,
84.0,2.23932928613,0.00235119171815,2.47301776451e-06,2.78548750246e-09,6.8374516194e-12,
85.0,2.23904575968,0.00242454356738,2.62877032872e-06,2.98938217843e-09,7.56199912341e-12,
86.0,2.23878693815,0.00238742167628,2.54884316395e-06,2.84455806801e-09,7.70057165501e-12,
87.0,2.23855064468,0.00240557068903,2.58743774068e-06,2.88359164509e-09,9.05257274872e-12,
88.0,2.2383349199,0.00239612401451,2.56704535913e-06,2.83261233972e-09,4.02114727405e-12,
89.0,2.23813796582,0.00238670048733,2.54681915527e-06,2.79186838985e-09,7.14846080743e-12,
90.0,2.23795814387,0.00239110407181,2.55613329805e-06,2.79046504828e-09,4.61456481798e-12,
91.0,2.23779396121,0.00239552476752,2.56553950082e-06,2.79605108911e-09,3.56903343763e-12,
92.0,2.23764405472,0.00239996100287,2.57501989658e-06,2.8036880094e-09,4.52842224233e-12,
93.0,2.23750718091,0.00239750983086,2.5697608527e-06,2.78758309735e-09,4.19395116395e-12,
94.0,2.23738220429,0.00239507229748,2.56455352707e-06,2.7755000744e-09,6.01352563211e-12,
95.0,2.23726808885,0.00239609760596,2.56676820858e-06,2.77492422348e-09,3.90473093142e-12,
96.0,2.23716388942,0.00239713387191,2.56901335478e-06,2.77192368831e-09,3.72422057793e-12,
97.0,2.23706874313,0.00239818010273,2.57128282749e-06,2.77012914807e-09,1.34786847613e-12,
98.0,2.23698186243,0.00239923541254,2.57358069062e-06,2.77173061131e-09,1.53380496394e-12,
99.0,2.23690252847,0.00239857405357,2.57220153917e-06,2.77044167644e-09,4.19306756404e-12,
100.0,2.23683008495,0.00239878277636,2.57268797126e-06,2.76811818695e-09,5.34346127137e-12,
101.0,2.23676393285,0.00239856719671,2.57226376395e-06,2.76459684027e-09,1.19175883925e-12,
102.0,2.2367035253,0.00239835793561,2.57185326084e-06,2.76683086767e-09,3.60906258394e-12,
103.0,2.23664836304,0.00239837002839,2.57191794609e-06,2.76496729977e-09,5.57410144786e-12,
104.0,2.23659799028,0.00239827955693,2.57175801219e-06,2.76205885515e-09,3.94299305592e-12,
105.0,2.23655199089,0.00239819386552,2.57160704268e-06,2.76095524926e-09,1.0781794861e-12,
106.0,2.23650998493,0.00239811253372,2.57146796459e-06,2.7580670028e-09,7.59739850596e-13,
107.0,2.23647162551,0.00239803517247,2.57133293227e-06,2.75697970497e-09,2.51906186871e-12,
108.0,2.23643659592,0.00239801531929,2.57132059822e-06,2.75990219252e-09,3.28665241152e-12,
109.0,2.23640460697,0.0023979718254,2.57125710655e-06,2.75857661867e-09,2.04462699594e-12,
110.0,2.23637539462,0.00239793134448,2.57119471684e-06,2.75667712967e-09,1.84771622979e-12,
111.0,2.23634871776,0.00239789361603,2.57113690574e-06,2.7603382635e-09,7.70499668246e-12,
112.0,2.23632435625,0.00239787186331,2.57111515081e-06,2.75863887969e-09,5.47259086804e-12,
113.0,2.23630210906,0.0023978523984,2.57109516807e-06,2.7567579715e-09,2.35501084158e-12,
114.0,2.23628179264,0.00239783502325,2.57108092669e-06,2.75846674556e-09,1.38849293955e-12,
115.0,2.23626323938,0.00239781954699,2.57106434064e-06,2.75971574657e-09,6.43365937839e-12,
116.0,2.23624629623,0.00239779907306,2.57103819192e-06,2.7575440227e-09,2.82369546627e-13,
117.0,2.23623082341,0.00239778018734,2.57101104031e-06,2.75532535266e-09,3.00147819231e-12,
118.0,2.23621669332,0.00239776611267,2.57099396147e-06,2.75305694458e-09,1.69876136975e-12,
119.0,2.2362037894,0.00239775336996,2.57097969709e-06,2.75407231249e-09,5.63340738203e-13,
120.0,2.23619200523,0.00239774182939,2.57097308573e-06,2.76220874121e-09,6.93076263865e-12,
121.0,2.23618124364,0.00239772970613,2.57095688058e-06,2.76054365293e-09,2.47529969406e-12,
122.0,2.23617141586,0.00239771858889,2.57094327569e-06,2.76217561165e-09,6.35751084637e-12,
123.0,2.23616244087,0.00239770922721,2.5709320463e-06,2.76020022023e-09,4.62457141239e-12,
124.0,2.23615424466,0.00239770070281,2.57092054379e-06,2.75380166409e-09,8.70487092899e-13,
125.0,2.23614675963,0.00239769294953,2.57091504558e-06,2.75813579153e-09,4.81636929071e-12,
126.0,2.23613992408,0.00239768546786,2.57090034088e-06,2.75683596963e-09,2.45448042647e-12,
127.0,2.23613368164,0.00239767862943,2.57089721344e-06,2.75739602923e-09,4.03483346531e-12,
128.0,2.23612798085,0.00239767257891,2.57088920047e-06,2.75911743787e-09,5.05637812638e-12,
129.0,2.2361227747,0.00239766695384,2.57088137201e-06,2.75623144336e-09,3.05550606936e-12,
130.0,2.23611802028,0.00239766181707,2.57087449433e-06,2.75604563812e-09,5.5441076185e-12,
131.0,2.23611367838,0.00239765717976,2.57087438194e-06,2.75929541657e-09,2.06728139512e-12,
132.0,2.23610971321,0.0023976529414,2.57087210992e-06,2.76080075336e-09,3.121460084e-12,
133.0,2.23610609209,0.00239764904014,2.5708628201e-06,2.7616024572e-09,9.6224368688e-12,
134.0,2.23610278515,0.00239764550084,2.57085808755e-06,2.75573341948e-09,6.8577251793e-13,
135.0,2.23609976513,0.00239764226778,2.57085536434e-06,2.75582867587e-09,4.73897353294e-12,
136.0,2.23609700715,0.00239763930262,2.57084882476e-06,2.75811131226e-09,1.65304935431e-12,
137.0,2.23609448846,0.0023976366001,2.5708489919e-06,2.75611638511e-09,3.11027515443e-12,
138.0,2.2360921883,0.00239763413288,2.57084487283e-06,2.75497770377e-09,2.74597822984e-12,
139.0,2.23609008772,0.00239763187835,2.57085027525e-06,2.75258125974e-09,9.19516318639e-13,
140.0,2.23608816939,0.00239762982564,2.5708362703e-06,2.7548022666e-09,6.47970401722e-13,
141.0,2.23608641749,0.00239762794273,2.57083715644e-06,2.75692259905e-09,6.41307316219e-12,
142.0,2.2360848176,0.00239762622638,2.57083028464e-06,2.75237023615e-09,2.17842144388e-12,
143.0,2.23608335652,0.0023976246604,2.57083457125e-06,2.75559253544e-09,7.33840124252e-13,
144.0,2.23608202221,0.00239762322872,2.5708319239e-06,2.75356635005e-09,9.68730432951e-13,
145.0,2.23608080366,0.00239762192562,2.57083035611e-06,2.75466786314e-09,2.12802689266e-12,
146.0,2.23607969084,0.00239762072739,2.57083445314e-06,2.75703552601e-09,1.20674760905e-12,
147.0,2.23607867457,0.00239761964119,2.57082808524e-06,2.75465638701e-09,1.42644682087e-12,
148.0,2.23607774648,0.0023976186469,2.57082790856e-06,2.75591086126e-09,7.68015664667e-12,
149.0,2.23607689891,0.00239761773775,2.57082642206e-06,2.7493510053e-09,2.28028406148e-12,
150.0,2.23607612487,0.00239761691065,2.57083178774e-06,2.75982881105e-09,3.9852939932e-12,
151.0,2.23607541799,0.00239761615261,2.57082897599e-06,2.75754363896e-09,7.21327286954e-12,
152.0,2.23607477245,0.00239761546004,2.57083257305e-06,2.75814786009e-09,3.34749911167e-13,
153.0,2.23607418291,0.00239761482225,2.57082414998e-06,2.75429107909e-09,1.91257188502e-12,
154.0,2.23607364452,0.00239761424481,2.57082227524e-06,2.75538281673e-09,2.22917413605e-12,
155.0,2.23607315284,0.00239761372504,2.57082839999e-06,2.75840203979e-09,4.00332827277e-12,
156.0,2.23607270382,0.00239761323815,2.57082542994e-06,2.75425146823e-09,1.34984092638e-12,
157.0,2.23607229376,0.00239761279338,2.57081829018e-06,2.75046401595e-09,2.15371427799e-12,
158.0,2.23607191927,0.00239761239732,2.57082411112e-06,2.75783862362e-09,9.60454453994e-13,
159.0,2.23607157728,0.00239761203137,2.57081777094e-06,2.75387884264e-09,4.40258818628e-12,
160.0,2.23607126496,0.00239761170072,2.57082512262e-06,2.75794449858e-09,3.22995281615e-12,
161.0,2.23607097973,0.00239761138693,2.57082260346e-06,2.76108250238e-09,2.54573228485e-12,
162.0,2.23607071926,0.002397611105,2.57081666186e-06,2.75135526341e-09,1.07107259534e-12,
163.0,2.23607048138,0.00239761085592,2.57081787847e-06,2.75699629613e-09,9.49255442909e-12,
164.0,2.23607026414,0.00239761062153,2.57082855502e-06,2.76041845179e-09,1.20325077645e-12,
165.0,2.23607006575,0.0023976104084,2.57081989538e-06,2.75448742343e-09,7.48003635069e-12,
166.0,2.23606988457,0.0023976102135,2.5708155964e-06,2.75152014066e-09,3.18278473869e-12,
167.0,2.23606971911,0.00239761003641,2.57081876827e-06,2.74954884063e-09,5.21940507335e-12,
168.0,2.236069568,0.00239760987583,2.57081806833e-06,2.75768240638e-09,5.63681111651e-12,
169.0,2.23606943001,0.00239760972711,2.57082225739e-06,2.75333947323e-09,1.55455917379e-12,
170.0,2.23606930399,0.00239760959602,2.57082489741e-06,2.75881671396e-09,1.0342265992e-11,
171.0,2.2360691889,0.00239760947026,2.57082417589e-06,2.75672957549e-09,5.97352281702e-12,
172.0,2.2360690838,0.0023976093592,2.57082498757e-06,2.75913225928e-09,6.50232997414e-12,
173.0,2.23606898782,0.00239760925058,2.57081418027e-06,2.75882140031e-09,1.06772605127e-11,
174.0,2.23606890016,0.00239760916353,2.5708243026e-06,2.76038193541e-09,3.95905093426e-12,
175.0,2.23606882011,0.00239760906604,2.57081783427e-06,2.75874599261e-09,5.61790596253e-12,
176.0,2.236068747,0.00239760899274,2.57081956138e-06,2.75637733956e-09,2.15470521199e-12,
177.0,2.23606868024,0.00239760892824,2.57081753968e-06,2.75172265334e-09,2.34878441714e-12,
178.0,2.23606861927,0.00239760884775,2.57081372838e-06,2.75382464759e-09,2.77764444115e-12,
179.0,2.23606856359,0.00239760880078,2.57082011791e-06,2.76559638425e-09,3.70935110497e-12,
180.0,2.23606851274,0.00239760875192,2.57081565648e-06,2.75999466012e-09,9.25030574104e-12,
181.0,2.2360684663,0.00239760869336,2.5708178444e-06,2.7514673006e-09,1.86159036051e-12,
182.0,2.23606842389,0.0023976086631,2.57082839223e-06,2.75708512196e-09,2.8609646299e-12,
183.0,2.23606838516,0.00239760861023,2.57081796985e-06,2.753239289e-09,6.58636292032e-12,
184.0,2.23606834979,0.00239760856696,2.57081532595e-06,2.75264225466e-09,4.04930419467e-12,
185.0,2.23606831749,0.00239760853823,2.570817083e-06,2.75349703899e-09,2.45679107799e-12,
186.0,2.23606828799,0.00239760850716,2.57081944047e-06,2.74790831677e-09,2.47976510381e-12,
187.0,2.23606826106,0.00239760847102,2.57081289206e-06,2.74806144021e-09,1.87222398715e-12,
188.0,2.23606823645,0.00239760844861,2.57081554669e-06,2.75233561582e-09,4.82914829451e-12,
189.0,2.23606821399,0.00239760842264,2.57081681214e-06,2.75439531968e-09,3.07423372525e-12,
190.0,2.23606819347,0.00239760840075,2.57081063668e-06,2.75728540451e-09,1.62363946402e-11,
191.0,2.23606817473,0.00239760837675,2.57082288344e-06,2.7557159619e-09,6.22988783913e-12,
192.0,2.23606815762,0.00239760836723,2.57082401899e-06,2.75829045706e-09,3.07455068094e-12,
193.0,2.23606814199,0.00239760834659,2.57082133107e-06,2.75618054332e-09,7.88105510092e-12,
194.0,2.23606812772,0.00239760833099,2.57081746931e-06,2.76772204225e-09,8.66242120514e-12,
195.0,2.23606811469,0.00239760831117,2.570817629e-06,2.76464537866e-09,7.61314232245e-12,
196.0,2.23606810278,0.00239760830988,2.57082019566e-06,2.75192290831e-09,6.13834059583e-12,
197.0,2.23606809192,0.00239760829461,2.57082016178e-06,2.74865543299e-09,3.10829838662e-12,
198.0,2.23606808199,0.00239760828242,2.57082412102e-06,2.75361143779e-09,5.29653533526e-12,
199.0,2.23606807292,0.00239760826731,2.57081639022e-06,2.7516445967e-09,6.42414585011e-12,
200.0,2.23606806464,0.00239760825187,2.5708071325e-06,2.75032418965e-09,2.59197484267e-12,
201.0,2.23606805708,0.002397608256,2.57082185703e-06,2.75647753397e-09,2.260695164e-12,
202.0,2.23606805018,0.00239760825281,2.57082168291e-06,2.76075393862e-09,6.8359878615e-12,
203.0,2.23606804387,0.00239760823736,2.57081310424e-06,2.75962113196e-09,1.60439135905e-11,
204.0,2.23606803811,0.0023976082359,2.57082729253e-06,2.76030421586e-09,9.69580099804e-12,
205.0,2.23606803285,0.00239760823071,2.57082532404e-06,2.7625067648e-09,3.09713945404e-12,
206.0,2.23606802805,0.00239760823219,2.57082874227e-06,2.77418492906e-09,1.70816013178e-11,
207.0,2.23606802367,0.00239760822169,2.57082145532e-06,2.75573610988e-09,5.95857667799e-12,
208.0,2.23606801966,0.00239760820368,2.57081694027e-06,2.76240964089e-09,8.87554729009e-12,
209.0,2.236068016,0.00239760820188,2.570813017e-06,2.75906441726e-09,3.74650727587e-12,
210.0,2.23606801266,0.00239760820941,2.57081728529e-06,2.7466075259e-09,1.01948374059e-11,
211.0,2.23606800961,0.00239760819955,2.57082161207e-06,2.75222032008e-09,6.51185031596e-12,
212.0,2.23606800683,0.00239760821648,2.57083109965e-06,2.7618148324e-09,2.48295549422e-12,
213.0,2.23606800428,0.00239760819651,2.57082567547e-06,2.76879737498e-09,1.21944081731e-11,
214.0,2.23606800196,0.00239760819351,2.5708014195e-06,2.74441906077e-09,5.96528822748e-12,
215.0,2.23606799984,0.00239760819601,2.57082632998e-06,2.77872546578e-09,1.82374643026e-11,
216.0,2.2360679979,0.00239760819722,2.5708145836e-06,2.75594467226e-09,3.84700627277e-12,
217.0,2.23606799613,0.00239760819014,2.57081389895e-06,2.75061576189e-09,2.27999721462e-12,
218.0,2.23606799451,0.0023976081842,2.57082433402e-06,2.75613255344e-09,5.02475641876e-12,
219.0,2.23606799304,0.00239760818482,2.57081981309e-06,2.75394983548e-09,6.02533998657e-12,
220.0,2.23606799169,0.00239760818499,2.5708189719e-06,2.76778444152e-09,1.13023360264e-11,
221.0,2.23606799046,0.00239760817482,2.57081787004e-06,2.76192548963e-09,2.852022085e-12,
222.0,2.23606798933,0.00239760818983,2.57082217087e-06,2.76174376766e-09,3.73815163332e-12,
223.0,2.23606798831,0.0023976081821,2.57081765045e-06,2.75074400282e-09,1.13869206081e-11,
224.0,2.23606798737,0.00239760817608,2.57081552174e-06,2.74088934955e-09,1.87669009427e-11,
225.0,2.23606798651,0.00239760816441,2.5708087027e-06,2.75605888722e-09,1.47067081153e-11,
226.0,2.23606798573,0.00239760818014,2.57081874957e-06,2.76921020145e-09,1.41677043058e-11,
227.0,2.23606798502,0.00239760816696,2.5708030093e-06,2.75354430522e-09,1.06293637096e-11,
228.0,2.23606798436,0.00239760817677,2.57082332903e-06,2.77158350343e-09,3.09009349372e-12,
229.0,2.23606798377,0.00239760817422,2.5708119195e-06,2.74160031992e-09,3.3993629096e-12,
230.0,2.23606798322,0.00239760817351,2.57081443519e-06,2.7549778158e-09,4.54661793422e-12,
231.0,2.23606798273,0.00239760817766,2.57083003423e-06,2.75280151587e-09,1.38764896728e-11,
232.0,2.23606798227,0.00239760817184,2.57081187517e-06,2.74727443283e-09,1.00465232539e-11,
233.0,2.23606798186,0.00239760818162,2.57082500999e-06,2.75043761031e-09,1.13208300674e-11,
234.0,2.23606798148,0.00239760816375,2.57081329125e-06,2.74971539445e-09,4.78220374612e-12,
235.0,2.23606798114,0.0023976081774,2.57083674757e-06,2.77136876734e-09,1.26083294149e-11,
236.0,2.23606798082,0.00239760817175,2.57081997211e-06,2.76399650672e-09,2.33486946676e-12,
237.0,2.23606798053,0.00239760819195,2.57082815056e-06,2.75384300909e-09,6.57488042391e-12,
238.0,2.23606798027,0.00239760816793,2.57082440393e-06,2.77317254532e-09,2.90191479444e-11,
239.0,2.23606798003,0.00239760815788,2.57081343641e-06,2.77058802852e-09,1.90421065804e-11,
240.0,2.23606797981,0.00239760817557,2.5708239388e-06,2.77372203503e-09,1.84980826987e-11,
241.0,2.23606797961,0.00239760817354,2.57082144337e-06,2.76230022284e-09,1.5326934478e-11,
242.0,2.23606797943,0.00239760816677,2.57080592468e-06,2.74124392977e-09,1.57306423583e-11,
243.0,2.23606797926,0.00239760818724,2.57083669653e-06,2.7605377384e-09,2.05804017495e-12,
244.0,2.23606797911,0.00239760814712,2.5707939478e-06,2.75315710209e-09,2.88753297903e-12,
245.0,2.23606797897,0.00239760817337,2.57082508922e-06,2.75908958839e-09,9.81240511001e-12,
246.0,2.23606797884,0.00239760816439,2.57082638011e-06,2.77086597863e-09,2.81003838249e-12,
247.0,2.23606797872,0.00239760817179,2.57083247909e-06,2.75729918665e-09,1.16682440004e-11,
248.0,2.23606797862,0.00239760817647,2.57080562869e-06,2.73168655105e-09,2.9892097025e-12,
249.0,2.23606797852,0.00239760817133,2.57081487636e-06,2.73937446869e-09,1.82327760843e-11,
250.0,2.23606797843,0.00239760815743,2.57081118736e-06,2.75429509021e-09,6.99122833185e-12,
251.0,2.23606797835,0.00239760815741,2.5708046712e-06,2.74828752045e-09,1.18265106167e-11,
252.0,2.23606797828,0.0023976081903,2.57084232064e-06,2.76254627028e-09,4.08860412858e-12,
253.0,2.23606797821,0.0023976081762,2.57083107244e-06,2.7610422121e-09,2.82871373714e-12,
254.0,2.23606797815,0.00239760816975,2.57081066176e-06,2.75024186926e-09,5.95470143452e-12,
255.0,2.23606797809,0.00239760815812,2.57081887553e-06,2.76767167382e-09,1.23368860049e-11,
256.0,2.23606797804,0.00239760816807,2.57082878451e-06,2.76972867704e-09,1.26678337796e-11,
257.0,2.23606797799,0.00239760816943,2.57082378088e-06,2.74917556631e-09,1.01375772432e-11,
258.0,2.23606797795,0.00239760816643,2.57081618323e-06,2.74898983603e-09,9.47158416828e-12,
259.0,2.23606797791,0.00239760817497,2.57081990841e-06,2.74944775712e-09,1.25595899667e-11,
260.0,2.23606797788,0.00239760817101,2.57081757631e-06,2.74815032831e-09,4.39146253419e-12,
261.0,2.23606797784,0.00239760815467,2.57081186198e-06,2.75769857947e-09,4.18791850266e-12,
262.0,2.23606797781,0.00239760816991,2.5708277843e-06,2.75435671507e-09,2.49913244987e-12,
263.0,2.23606797779,0.00239760815496,2.57081480597e-06,2.75861908753e-09,9.11752752116e-12,
264.0,2.23606797776,0.00239760816889,2.57082116509e-06,2.76128257917e-09,3.1947818944e-11,
265.0,2.23606797774,0.00239760815698,2.57081482994e-06,2.75211805125e-09,4.09535562622e-12,
266.0,2.23606797772,0.00239760819463,2.57082194073e-06,2.74516916873e-09,1.89035719777e-11,
267.0,2.2360679777,0.00239760815662,2.57082444573e-06,2.7721317081e-09,7.05115465203e-12,
268.0,2.23606797768,0.00239760815707,2.5707956868e-06,2.74511307635e-09,1.07172149869e-11,
269.0,2.23606797766,0.00239760814124,2.57079280288e-06,2.73399347598e-09,1.92547716779e-11,
270.0,2.23606797765,0.0023976081711,2.57080735124e-06,2.758723929e-09,5.10586676704e-12,
271.0,2.23606797764,0.00239760815256,2.57078477713e-06,2.73501659602e-09,7.56117452038e-12,
272.0,2.23606797763,0.00239760816537,2.57079149858e-06,2.74883198174e-09,1.32408280861e-11,
273.0,2.23606797762,0.00239760817906,2.57083158788e-06,2.7542480083e-09,9.7706860527e-12,
274.0,2.23606797761,0.00239760816412,2.57081839049e-06,2.75957427655e-09,7.44204779793e-12,
275.0,2.2360679776,0.0023976081915,2.57080553378e-06,2.73772505866e-09,2.41890733103e-11,
276.0,2.23606797759,0.00239760816322,2.57079924264e-06,2.74904106266e-09,8.79534081223e-12,
277.0,2.23606797758,0.00239760816516,2.57080282908e-06,2.72299775512e-09,5.72715071181e-12,
278.0,2.23606797757,0.00239760816993,2.57081935093e-06,2.77145205463e-09,9.74360429782e-12,
279.0,2.23606797757,0.00239760817211,2.5708189196e-06,2.74961173936e-09,1.41044581928e-11,
280.0,2.23606797756,0.00239760820323,2.57085968933e-06,2.78911889942e-09,1.1194491643e-11,
281.0,2.23606797756,0.00239760817209,2.57084150618e-06,2.77948345201e-09,2.10430507429e-12,
282.0,2.23606797755,0.00239760814843,2.57080388612e-06,2.73927639028e-09,8.58231259952e-12,
283.0,2.23606797755,0.00239760815072,2.57083202857e-06,2.74965422131e-09,1.24089460913e-11,
284.0,2.23606797754,0.00239760816872,2.57084922102e-06,2.7438334858e-09,3.66733366672e-11,
285.0,2.23606797754,0.00239760816675,2.57082392211e-06,2.75767125465e-09,8.64512506766e-12,
286.0,2.23606797754,0.00239760817073,2.57082181989e-06,2.74362635786e-09,4.27607482052e-11,
287.0,2.23606797753,0.00239760817865,2.57084584335e-06,2.76075104704e-09,1.82090829648e-11,
288.0,2.23606797753,0.00239760820984,2.57085907964e-06,2.75520140952e-09,1.17731781877e-11,
289.0,2.23606797753,0.00239760818005,2.57079575843e-06,2.70381194091e-09,9.59203936498e-12,
290.0,2.23606797753,0.00239760816468,2.57080039619e-06,2.75110305756e-09,2.71702096047e-11,
291.0,2.23606797752,0.00239760820708,2.57081748045e-06,2.7372478688e-09,1.97236035422e-11,
292.0,2.23606797752,0.00239760819054,2.57085925875e-06,2.74451234325e-09,4.209534193e-11,
293.0,2.23606797752,0.00239760816242,2.57083857368e-06,2.76165172296e-09,8.72992323455e-12,
294.0,2.23606797752,0.00239760816503,2.5708155488e-06,2.7679679138e-09,9.4592759841e-12,
295.0,2.23606797752,0.00239760816933,2.57081307305e-06,2.75559943561e-09,4.04454974659e-12,
296.0,2.23606797751,0.00239760815565,2.57080379353e-06,2.75380266669e-09,1.14972539217e-11,
297.0,2.23606797751,0.00239760816,2.57080588459e-06,2.77837950032e-09,2.70808161102e-11,
298.0,2.23606797751,0.00239760816025,2.57082527139e-06,2.77944801918e-09,3.96490259869e-12,
299.0,2.23606797751,0.00239760816604,2.57083275104e-06,2.783425388e-09,4.15811622356e-11,
300.0,2.23606797751,0.00239760813836,2.57082247968e-06,2.7531087753e-09,3.81085712226e-11,
301.0,2.23606797751,0.00239760818803,2.57083747171e-06,2.76602333903e-09,2.52435907996e-11,
302.0,2.23606797751,0.00239760816939,2.57081867881e-06,2.77106891302e-09,2.59113167944e-11,
303.0,2.23606797751,0.00239760818387,2.57085678688e-06,2.78072774583e-09,2.15863734874e-11,
304.0,2.23606797751,0.00239760813942,2.5708406594e-06,2.77297573566e-09,8.81894691886e-12,
305.0,2.23606797751,0.00239760814471,2.57080239681e-06,2.71163045773e-09,4.35780444568e-11,
306.0,2.23606797751,0.00239760819313,2.5708152921e-06,2.73931347484e-09,4.8419936571e-11,
307.0,2.2360679775,0.00239760814045,2.57077797797e-06,2.7412075495e-09,1.54942636792e-11,
308.0,2.2360679775,0.00239760819535,2.57081610453e-06,2.7275421476e-09,1.11435467425e-11,
309.0,2.2360679775,0.00239760816272,2.57083623703e-06,2.77288375665e-09,2.64600894606e-11,
310.0,2.2360679775,0.00239760812684,2.57082674474e-06,2.81387030486e-09,2.72042012768e-11,
311.0,2.2360679775,0.00239760813257,2.57080888616e-06,2.80975691604e-09,4.68150282279e-11,
312.0,2.2360679775,0.0023976081768,2.57081794345e-06,2.75089723934e-09,3.40475775668e-11,
313.0,2.2360679775,0.00239760816416,2.57083156051e-06,2.77220595837e-09,1.10810881536e-11,
314.0,2.2360679775,0.00239760816804,2.57083113178e-06,2.79297756767e-09,2.06602025767e-11,
315.0,2.2360679775,0.00239760815301,2.57083552935e-06,2.7774800909e-09,1.37564847276e-11,
316.0,2.2360679775,0.00239760815074,2.57085794388e-06,2.7822813868e-09,1.121410818e-11,
317.0,2.2360679775,0.00239760815987,2.57080929163e-06,2.78090887383e-09,4.9164155635e-11,
318.0,2.2360679775,0.00239760816824,2.57084897521e-06,2.83250239757e-09,3.97816146988e-11,
319.0,2.2360679775,0.00239760817774,2.5708106685e-06,2.75594736502e-09,1.80462423733e-11,
320.0,2.2360679775,0.0023976081717,2.5707822413e-06,2.74247048392e-09,1.81458415625e-11,
321.0,2.2360679775,0.00239760814789,2.57079815021e-06,2.76892149435e-09,2.09691542861e-11,
322.0,2.2360679775,0.0023976081345,2.57077911712e-06,2.72158581311e-09,2.58895258143e-11,
323.0,2.2360679775,0.00239760815647,2.57077570656e-06,2.70499503441e-09,1.23478971645e-11,
324.0,2.2360679775,0.00239760817842,2.57085095233e-06,2.78738493303e-09,1.62346741746e-11,
325.0,2.2360679775,0.00239760816401,2.57084250387e-06,2.7579890831e-09,6.02276474587e-11,
326.0,2.2360679775,0.00239760813697,2.5708340005e-06,2.80521708628e-09,1.16619388962e-11,
327.0,2.2360679775,0.00239760812605,2.57078987966e-06,2.73214415642e-09,7.93959736382e-12,
328.0,2.2360679775,0.00239760813577,2.57080074733e-06,2.70499274369e-09,5.15992973328e-11,
329.0,2.2360679775,0.00239760815696,2.57081454994e-06,2.77579912705e-09,1.79835572284e-11,
330.0,2.2360679775,0.00239760814592,2.57081474725e-06,2.71208968871e-09,2.12608438131e-11,
331.0,2.2360679775,0.00239760827736,2.57083973671e-06,2.72233747187e-09,5.0102134373e-11,
332.0,2.2360679775,0.00239760818003,2.57089052064e-06,2.79069353359e-09,3.57399076568e-11,
333.0,2.2360679775,0.00239760816354,2.57081241792e-06,2.72026356256e-09,1.43397180762e-11,
334.0,2.2360679775,0.00239760815328,2.5708446258e-06,2.81765856275e-09,6.96897400008e-11,
335.0,2.2360679775,0.0023976081087,2.57081178524e-06,2.75966364735e-09,8.97585925471e-12,
336.0,2.2360679775,0.00239760819604,2.57079792327e-06,2.74839339362e-09,2.57699352468e-11,
337.0,2.2360679775,0.00239760817007,2.57086462341e-06,2.71797784633e-09,3.71269798934e-11,
338.0,2.2360679775,0.0023976082032,2.57079323158e-06,2.78144076422e-09,6.31053136562e-11,
339.0,2.2360679775,0.00239760809882,2.57079840153e-06,2.74535953278e-09,7.82254453384e-11,
340.0,2.2360679775,0.00239760817856,2.57079956298e-06,2.82196640183e-09,3.7322276808e-11,
341.0,2.2360679775,0.00239760815893,2.57079986786e-06,2.74478679507e-09,1.9952143659e-11,
342.0,2.2360679775,0.0023976081141,2.57077440323e-06,2.76283030291e-09,1.15906065596e-11,
343.0,2.2360679775,0.00239760822103,2.57082536879e-06,2.80318788342e-09,1.0859149161e-10,
344.0,2.2360679775,0.00239760816336,2.57077512353e-06,2.72428237121e-09,1.3572792254e-11,
345.0,2.2360679775,0.00239760817878,2.57080614983e-06,2.75065578461e-09,1.25683387037e-11,
346.0,2.2360679775,0.00239760817342,2.57081588002e-06,2.70502995919e-09,5.92513998594e-11,
347.0,2.2360679775,0.00239760812996,2.57087278896e-06,2.87302291527e-09,1.02062895334e-10,
348.0,2.2360679775,0.00239760817539,2.57083773264e-06,2.76261453509e-09,1.24572582975e-11,
349.0,2.2360679775,0.00239760811251,2.57075584682e-06,2.69069823479e-09,1.00484290445e-10,
350.0,2.2360679775,0.00239760817049,2.57084722667e-06,2.7458296024e-09,4.17564908576e-11,
351.0,2.2360679775,0.00239760815203,2.57078526003e-06,2.77342194221e-09,2.71782483934e-11,
352.0,2.2360679775,0.00239760816656,2.57087608245e-06,2.79268747631e-09,1.25205751224e-11,
353.0,2.2360679775,0.0023976081282,2.5707369341e-06,2.69484016542e-09,1.59100356379e-11,
354.0,2.2360679775,0.00239760815528,2.57081667211e-06,2.75234365454e-09,5.25395701709e-11,
355.0,2.2360679775,0.00239760815616,2.57080014279e-06,2.73083427042e-09,2.52907246253e-11,
356.0,2.2360679775,0.00239760812421,2.57080209208e-06,2.71611349986e-09,3.25754655837e-11,
357.0,2.2360679775,0.00239760823638,2.57099549617e-06,2.82165705658e-09,2.47005138207e-11,
358.0,2.2360679775,0.00239760819686,2.5708895797e-06,2.81710991649e-09,4.77130302969e-11,
359.0,2.2360679775,0.00239760818288,2.57079540399e-06,2.7899519655e-09,5.4739765389e-12,
360.0,2.2360679775,0.00239760818222,2.57092966631e-06,2.84046286321e-09,1.51774338518e-11,
361.0,2.2360679775,0.00239760813764,2.57077432918e-06,2.74863220745e-09,6.751192832e-11,
362.0,2.2360679775,0.00239760809165,2.5706927831e-06,2.63289952826e-09,7.07646116062e-11,
363.0,2.2360679775,0.00239760822436,2.57083575088e-06,2.75169597375e-09,3.71297245701e-11,
364.0,2.2360679775,0.00239760812594,2.57085966576e-06,2.80031674276e-09,9.99051045868e-12,
365.0,2.2360679775,0.0023976081837,2.57085347919e-06,2.75877920276e-09,1.80967256324e-11,
366.0,2.23606797749,0.00239760813198,2.57079060938e-06,2.74038331425e-09,2.3159903326e-11,
367.0,2.23606797749,0.00239760815439,2.57079018195e-06,2.69831249743e-09,9.34926999911e-11,
368.0,2.2360679775,0.00239760825849,2.57078634531e-06,2.75818115083e-09,8.08989803684e-11,
369.0,2.2360679775,0.0023976081323,2.57084567605e-06,2.75349662849e-09,9.22246988104e-11,
370.0,2.2360679775,0.00239760818842,2.57083731531e-06,2.73607413754e-09,5.36362798285e-11,
371.0,2.2360679775,0.00239760817603,2.57082155151e-06,2.79597547264e-09,6.10968236699e-11,
372.0,2.2360679775,0.00239760819391,2.57077946169e-06,2.67725261096e-09,4.31116863942e-11,
373.0,2.2360679775,0.00239760815187,2.5708208318e-06,2.72271527449e-09,9.86315901588e-11,
374.0,2.2360679775,0.00239760819471,2.5708103622e-06,2.68790479243e-09,3.39314475057e-11,
375.0,2.2360679775,0.0023976081196,2.57077712342e-06,2.76865740885e-09,5.43589606274e-11,
376.0,2.2360679775,0.00239760815531,2.57080401946e-06,2.80403006332e-09,7.95486556949e-11,
377.0,2.2360679775,0.00239760823638,2.57072886709e-06,2.60219618033e-09,4.10864754955e-11,
378.0,2.2360679775,0.00239760804551,2.57073977042e-06,2.85544680908e-09,6.29032702235e-11,
379.0,2.2360679775,0.00239760815561,2.57088701331e-06,2.87387838466e-09,2.13288525073e-11,
380.0,2.23606797749,0.00239760817479,2.57074830995e-06,2.71756863983e-09,7.29459947502e-12,
381.0,2.2360679775,0.002397608156,2.57078644614e-06,2.74083331425e-09,9.84967807548e-12,
382.0,2.2360679775,0.00239760822157,2.57083234765e-06,2.69875401927e-09,2.11912676986e-11,
383.0,2.2360679775,0.00239760814353,2.5707531685e-06,2.64711773999e-09,1.61670774795e-10,
384.0,2.2360679775,0.00239760822075,2.5709139227e-06,2.83047471061e-09,4.59302619376e-11,
385.0,2.2360679775,0.00239760817601,2.57078221647e-06,2.66694467965e-09,8.14750734031e-11,
386.0,2.2360679775,0.00239760826001,2.57085731413e-06,2.709386021e-09,1.84403218891e-11,
387.0,2.2360679775,0.00239760823802,2.57087720975e-06,2.76222686366e-09,2.77420046087e-11,
388.0,2.2360679775,0.00239760818119,2.57086664311e-06,2.79731401406e-09,1.58137012855e-11,
389.0,2.2360679775,0.00239760815419,2.57078622918e-06,2.80750394814e-09,2.39057500813e-11,
390.0,2.2360679775,0.00239760812985,2.570828329e-06,2.76115569963e-09,1.77206484238e-11,
391.0,2.2360679775,0.00239760800519,2.57070316419e-06,2.7397690781e-09,9.67602500223e-11,
392.0,2.2360679775,0.00239760823683,2.57077877807e-06,2.71051224754e-09,5.17889690701e-11,
393.0,2.2360679775,0.00239760821257,2.57078863464e-06,2.81117968429e-09,5.56785880745e-11,
394.0,2.2360679775,0.00239760823834,2.57078103472e-06,2.73976005026e-09,8.18770598111e-11,
395.0,2.23606797751,0.00239760804701,2.57079076031e-06,2.84768388502e-09,4.77090280257e-11,
396.0,2.2360679775,0.00239760817759,2.57074664406e-06,2.65831432045e-09,6.95480378531e-11,
397.0,2.2360679775,0.00239760817911,2.57074233764e-06,2.65897634722e-09,1.99514864415e-11,
398.0,2.2360679775,0.00239760810518,2.57074564244e-06,2.6523596978e-09,3.9827203647e-11,
399.0,2.2360679775,0.00239760825187,2.57084890992e-06,2.71594012969e-09,5.25108381144e-11,
400.0,2.2360679775,0.00239760814356,2.57086165372e-06,2.82866678733e-09,7.37465200396e-11,
401.0,2.2360679775,0.00239760820229,2.57082551369e-06,2.77850339804e-09,1.73407496911e-11,
402.0,2.2360679775,0.00239760816845,2.57082549145e-06,2.75863237641e-09,5.59508325696e-11,
403.0,2.2360679775,0.00239760824913,2.57092341532e-06,2.7323788165e-09,5.03367703995e-11,
404.0,2.2360679775,0.00239760802403,2.57079993009e-06,2.78711271561e-09,9.79019690418e-11,
405.0,2.23606797749,0.00239760808472,2.57072199582e-06,2.62263865546e-09,1.44549065852e-10,
406.0,2.2360679775,0.00239760814983,2.57082356745e-06,2.68201186728e-09,1.11165037471e-10,
407.0,2.2360679775,0.00239760824175,2.57082907337e-06,2.78354295574e-09,4.34236796734e-11,
408.0,2.2360679775,0.00239760825164,2.57089168928e-06,2.67799121272e-09,1.36185132467e-10,
409.0,2.2360679775,0.00239760819169,2.57084853153e-06,2.74569849943e-09,3.48756256549e-11,
410.0,2.2360679775,0.00239760825576,2.57089778758e-06,2.76865577134e-09,9.87240212685e-11,
411.0,2.2360679775,0.0023976080932,2.57095330056e-06,2.77220314983e-09,1.6193199769e-10,
412.0,2.2360679775,0.00239760818806,2.57067339344e-06,2.6877274867e-09,2.0298236307e-11,
413.0,2.2360679775,0.00239760827682,2.57077753744e-06,2.73253182598e-09,6.86929528477e-11,
414.0,2.2360679775,0.00239760817073,2.57085704312e-06,2.82666078653e-09,3.72138629671e-11,
415.0,2.2360679775,0.0023976081955,2.57086709794e-06,2.82487775035e-09,4.26177221593e-11,
416.0,2.23606797749,0.0023976082329,2.5707632263e-06,2.7281878959e-09,3.77481500358e-11,
417.0,2.2360679775,0.00239760812578,2.57082698288e-06,2.69839535672e-09,1.06235453705e-10,
418.0,2.2360679775,0.00239760809446,2.57084047103e-06,2.68182710359e-09,1.24839558718e-10,
419.0,2.2360679775,0.0023976081188,2.57091010626e-06,2.81263409114e-09,1.18603558786e-10,
420.0,2.2360679775,0.0023976082397,2.57091762467e-06,2.78453051006e-09,1.66993364118e-10,
421.0,2.2360679775,0.00239760813311,2.57071408872e-06,2.65241031507e-09,1.09945608299e-10,
422.0,2.2360679775,0.00239760829743,2.57090103343e-06,2.84233992297e-09,1.24616513818e-10,
423.0,2.2360679775,0.00239760823481,2.57089857926e-06,2.82978227778e-09,6.9541062804e-11,
424.0,2.2360679775,0.00239760808415,2.57079738755e-06,2.71982558615e-09,1.67661025457e-10,
425.0,2.2360679775,0.00239760811174,2.57090125282e-06,2.94503905334e-09,1.83197209302e-10,
426.0,2.2360679775,0.00239760822339,2.57088287686e-06,2.65764423303e-09,3.79575098797e-11,
427.0,2.23606797749,0.00239760818655,2.57091546932e-06,2.76920211831e-09,9.08087981475e-11,
428.0,2.23606797749,0.00239760813522,2.57074953301e-06,2.71229073403e-09,9.23865837585e-11,
429.0,2.2360679775,0.00239760814306,2.57099279159e-06,2.93246055707e-09,1.13403622195e-10,
430.0,2.23606797749,0.00239760826259,2.57089039943e-06,2.752867788e-09,5.86569406113e-11,
431.0,2.23606797749,0.00239760810522,2.57080649305e-06,2.90290693799e-09,3.78784601457e-11,
432.0,2.2360679775,0.00239760805108,2.57077051365e-06,2.80980381398e-09,2.04133813874e-10,
433.0,2.2360679775,0.00239760825863,2.57075761443e-06,2.58781901166e-09,3.64039646195e-11,
434.0,2.23606797749,0.00239760828257,2.57108623422e-06,2.85900336199e-09,6.16409487056e-11,
435.0,2.2360679775,0.00239760815692,2.57073774824e-06,2.70780726784e-09,7.68437620183e-11,
436.0,2.2360679775,0.0023976082647,2.57089581453e-06,2.81327037423e-09,1.56678149021e-10,
437.0,2.2360679775,0.00239760814003,2.57070581675e-06,2.66160574727e-09,4.39694399791e-11,
438.0,2.2360679775,0.00239760828292,2.57101858899e-06,2.72546336153e-09,6.64152431634e-11,
439.0,2.2360679775,0.00239760806604,2.57082768108e-06,2.82463704122e-09,3.57673159532e-11,
440.0,2.23606797749,0.00239760816715,2.57088140245e-06,2.77447764331e-09,9.67166553478e-11,
441.0,2.2360679775,0.00239760822736,2.57063253936e-06,2.75481830188e-09,6.1957134937e-11,
442.0,2.2360679775,0.00239760824979,2.57076591248e-06,2.65019116511e-09,9.56130576472e-11,
443.0,2.2360679775,0.00239760827194,2.57093227758e-06,2.69905028785e-09,7.99350315363e-11,
444.0,2.2360679775,0.00239760826427,2.57081830632e-06,2.76533470965e-09,1.07930065038e-10,
445.0,2.23606797749,0.00239760814098,2.57058314367e-06,2.52689173615e-09,7.7709531349e-11,
446.0,2.2360679775,0.00239760826355,2.57084739864e-06,2.69559362427e-09,1.01288653776e-10,
447.0,2.23606797749,0.00239760810596,2.57069876007e-06,2.69085112688e-09,1.65285141619e-10,
448.0,2.2360679775,0.00239760805356,2.57074963747e-06,2.89931557594e-09,3.52305707043e-11,
449.0,2.23606797749,0.0023976081454,2.57081243552e-06,2.69493659269e-09,1.40896062191e-10,
450.0,2.2360679775,0.00239760798423,2.570859134e-06,2.90168662588e-09,3.35739749642e-11,
451.0,2.23606797749,0.00239760815476,2.57089983532e-06,2.68572796397e-09,9.49845164426e-11,
452.0,2.2360679775,0.00239760813892,2.57067564747e-06,2.58411476441e-09,8.67348217509e-11,
453.0,2.23606797749,0.00239760808572,2.57056944194e-06,2.63229661799e-09,5.46519502737e-11,
454.0,2.2360679775,0.00239760798051,2.57060966226e-06,2.47877826691e-09,1.84404569694e-10,
455.0,2.23606797749,0.00239760815861,2.57077769576e-06,2.70600441012e-09,1.64071977709e-10,
456.0,2.2360679775,0.00239760850826,2.57109832553e-06,2.90984146322e-09,1.0502948562e-10,
457.0,2.23606797749,0.00239760807195,2.57088366292e-06,2.84993135718e-09,2.83893013307e-10,
458.0,2.2360679775,0.0023976079678,2.57078241345e-06,2.8538398465e-09,7.16193276533e-11,
459.0,2.2360679775,0.00239760816868,2.57109500052e-06,3.08661919699e-09,1.45012816312e-10,
460.0,2.2360679775,0.00239760817461,2.57099668217e-06,2.78059053747e-09,3.52654213589e-11,
461.0,2.23606797751,0.00239760833154,2.57085782046e-06,2.60844564391e-09,3.17095425759e-10,
462.0,2.2360679775,0.00239760816355,2.57060703822e-06,2.49769784432e-09,4.02743396989e-11,
463.0,2.2360679775,0.00239760814202,2.57090345743e-06,2.79105566787e-09,4.62997089197e-11,
464.0,2.23606797749,0.00239760827193,2.57086026422e-06,2.64303921056e-09,5.74161537414e-11,
465.0,2.2360679775,0.0023976082102,2.57081708844e-06,2.82304770822e-09,1.45697972427e-10,
466.0,2.2360679775,0.00239760842576,2.57073751794e-06,2.40864205491e-09,2.04639448143e-10,
467.0,2.2360679775,0.00239760829918,2.5709819857e-06,2.61164887754e-09,4.70488581186e-11,
468.0,2.2360679775,0.00239760817513,2.57072171995e-06,2.88949092571e-09,1.36869298537e-10,
469.0,2.23606797749,0.00239760805531,2.57050388066e-06,2.66612651904e-09,1.16785994605e-10,
470.0,2.2360679775,0.00239760812831,2.57086182942e-06,2.94021143699e-09,5.59594148889e-11,
471.0,2.2360679775,0.00239760820117,2.57071696294e-06,2.78814318601e-09,6.36787665357e-11,
472.0,2.2360679775,0.00239760834617,2.57094549975e-06,2.54078356917e-09,2.58468929557e-10,
473.0,2.2360679775,0.002397608424,2.57079294513e-06,2.57455140383e-09,1.40902974275e-10,
474.0,2.23606797751,0.00239760761694,2.57057893551e-06,2.94645852678e-09,1.39605396058e-10,
475.0,2.2360679775,0.00239760800153,2.57062917945e-06,2.68370816282e-09,2.27231097968e-10,
476.0,2.2360679775,0.00239760812611,2.57074802652e-06,2.42865965227e-09,2.73089805752e-10,
477.0,2.23606797749,0.00239760793673,2.57051908713e-06,2.44997740761e-09,5.8293592774e-11,
478.0,2.23606797749,0.00239760848908,2.57105693427e-06,2.58241160127e-09,2.30679904534e-10,
479.0,2.23606797749,0.00239760792499,2.57085276881e-06,2.89434253273e-09,1.36648480619e-10,
480.0,2.23606797749,0.00239760788041,2.5707794081e-06,2.70245568278e-09,2.32464535712e-10,
481.0,2.23606797749,0.00239760795551,2.57079504088e-06,2.78547735883e-09,7.80486988282e-11,
482.0,2.23606797749,0.00239760797376,2.57075211616e-06,2.68113909026e-09,1.09545133846e-10,
483.0,2.23606797748,0.00239760812802,2.5706591013e-06,2.55115963132e-09,1.488823607e-10,
484.0,2.23606797748,0.00239760774711,2.57087864783e-06,3.19655868253e-09,2.00987209427e-10,
485.0,2.23606797747,0.00239760838888,2.57093122665e-06,2.77261609625e-09,7.20349392093e-11,
486.0,2.23606797747,0.00239760808254,2.57081699878e-06,2.80052219803e-09,1.34877867855e-10,
487.0,2.23606797748,0.00239760798402,2.57059997601e-06,2.83631556977e-09,5.96064586996e-11,
488.0,2.23606797748,0.00239760839666,2.5710496472e-06,2.73588150102e-09,1.83450340011e-10,
489.0,2.23606797747,0.00239760801215,2.57096644708e-06,2.88199213032e-09,7.48218447898e-11,
490.0,2.23606797748,0.00239760839437,2.57102587291e-06,2.91125198782e-09,3.25858798385e-10,
491.0,2.23606797748,0.00239760823529,2.57085419839e-06,2.51208706659e-09,5.61921556939e-11,
492.0,2.23606797748,0.00239760803134,2.57077760196e-06,2.52537074755e-09,1.23186539578e-10,
493.0,2.23606797748,0.00239760848465,2.5709713826e-06,2.45641635005e-09,1.34257557145e-10,
494.0,2.23606797747,0.00239760821012,2.57130236991e-06,3.11120091288e-09,3.85380208303e-10,
495.0,2.23606797746,0.00239760791473,2.57046634428e-06,2.38577981313e-09,2.19232452008e-10,
496.0,2.23606797746,0.00239760830023,2.57056552652e-06,2.77273706467e-09,2.12655387896e-10,
497.0,2.23606797747,0.00239760851034,2.571128902e-06,2.69004545174e-09,1.32686899917e-10,
498.0,2.23606797748,0.00239760857133,2.57092807857e-06,2.58516685911e-09,9.5435376469e-11,
499.0,2.23606797748,0.00239760774006,2.57030915873e-06,2.40855360131e-09,2.33559351045e-10,
500.0,2.23606797747,0.00239760822338,2.57088653106e-06,3.07319362432e-09,3.31316379761e-11,
501.0,2.23606797749,0.00239760803234,2.57081887073e-06,2.68971711531e-09,1.65011700228e-10,
502.0,2.23606797748,0.00239760851864,2.57123400892e-06,2.95470423481e-09,2.43641790179e-10,
503.0,2.23606797748,0.00239760848064,2.57093959844e-06,2.91318859897e-09,7.04888872494e-11,
504.0,2.23606797749,0.00239760814081,2.5710112695e-06,2.76902491026e-09,3.51717455505e-10,
505.0,2.23606797748,0.00239760834147,2.5709450936e-06,3.06310723427e-09,6.98940501816e-11,
506.0,2.23606797749,0.00239760791786,2.57094474468e-06,2.86575378605e-09,5.13406388238e-10,
507.0,2.23606797748,0.00239760829422,2.57091420692e-06,2.47326321546e-09,3.29575976332e-10,
508.0,2.23606797749,0.00239760871293,2.57108089726e-06,2.43611030464e-09,3.3454805021e-10,
509.0,2.23606797747,0.00239760821947,2.57059896474e-06,2.80650262485e-09,8.90848908979e-11,
510.0,2.23606797749,0.00239760793945,2.57063070534e-06,2.92218769173e-09,5.15674906104e-10,
511.0,2.23606797749,0.00239760804705,2.57034865637e-06,2.30645479539e-09,2.82823763017e-10,
512.0,2.23606797749,0.00239760815851,2.57096981535e-06,2.86539658321e-09,1.18699095931e-10,
513.0,2.23606797749,0.0023976079965,2.5705692225e-06,2.88076145233e-09,2.83484916607e-10,
514.0,2.23606797749,0.00239760791918,2.57104072687e-06,2.79042742622e-09,6.95430410348e-10,
515.0,2.23606797749,0.00239760805435,2.57093726585e-06,3.02944602603e-09,1.15272139105e-10,
516.0,2.23606797749,0.0023976080176,2.57120258148e-06,2.65169063909e-09,3.16792506159e-10,
517.0,2.2360679775,0.00239760804461,2.57091877323e-06,2.83635675201e-09,1.20519048427e-10,
518.0,2.23606797751,0.00239760791728,2.57097838933e-06,2.8941722891e-09,4.88535905907e-10,
519.0,2.2360679775,0.00239760827144,2.5708271856e-06,2.67349653052e-09,6.57743376616e-11,
520.0,2.2360679775,0.0023976079976,2.5708135315e-06,2.51020155432e-09,6.1873604907e-11,
521.0,2.23606797749,0.00239760769281,2.57076900753e-06,3.21389468761e-09,2.42810797e-10,
522.0,2.23606797748,0.00239760856633,2.57097528246e-06,2.70141324682e-09,4.06857452164e-10,
523.0,2.23606797749,0.00239760811403,2.57123432703e-06,3.4497876979e-09,2.42638140814e-10,
524.0,2.23606797748,0.00239760772268,2.57109648139e-06,2.84393563137e-09,1.40331410103e-10,
525.0,2.22875519889,0.00238976700165,2.56233837528e-06,2.79073970381e-09,7.53264900133e-10,
526.0,2.20229417426,0.00236139400028,2.53192201771e-06,3.01784911964e-09,1.99936155798e-10,
527.0,2.17614730968,0.00233335848594,2.50169598221e-06,2.3769784432e-09,2.11888202381e-10,
528.0,2.15031087526,0.00230565600941,2.47236322557e-06,2.69515750563e-09,3.57212627082e-10,
529.0,2.12478118538,0.00227828146295,2.44273477537e-06,2.91488939622e-09,1.05695775836e-10,
530.0,2.09955459824,0.00225123250151,2.41373499525e-06,2.35516919183e-09,1.18339532282e-10,
531.0,2.0746275152,0.00222450431459,2.38511898451e-06,2.57313285466e-09,9.84278952948e-11,
532.0,2.04999638036,0.00219809390438,2.35640560328e-06,2.18558710954e-09,1.80460864949e-10,
533.0,2.02565768015,0.0021719969086,2.32869301614e-06,2.33509539871e-09,1.22265875202e-10,
534.0,2.00160794252,0.00214620990479,2.30110254642e-06,2.18359348291e-09,6.74052990837e-11,
535.0,1.97784373679,0.00212072912608,2.27369685356e-06,1.99922089507e-09,5.12863402017e-10,
536.0,1.95436167298,0.00209555060045,2.24696638349e-06,2.61817501802e-09,2.98046422592e-10,
537.0,1.93115840134,0.00207067098059,2.2207623424e-06,2.85013184841e-09,1.14942009621e-10,
538.0,1.90823061185,0.00204608695359,2.1937484561e-06,2.18720951798e-09,2.91351648068e-10,
539.0,1.88557503386,0.00202179427087,2.16768633655e-06,2.44842717196e-09,2.51848306631e-10,
540.0,1.86318843554,0.00199779121139,2.14175140776e-06,1.75319660813e-09,4.32867397665e-10,
541.0,1.84106762339,0.00197407154463,2.11620636328e-06,2.41537336644e-09,7.46722261018e-10,
542.0,1.81920944187,0.00195063450142,2.09172675375e-06,2.38223177552e-09,1.44136845291e-10,
543.0,1.79761077287,0.00192747555727,2.06710856424e-06,2.47474016968e-09,3.1559494354e-10,
544.0,1.77626853531,0.0019045906553,2.04213924053e-06,2.05956865389e-09,1.06323177338e-10,
545.0,1.75517968468,0.00188197927522,2.01763734049e-06,1.60851437406e-09,1.86443699275e-10,
546.0,1.73434121266,0.00185963533723,1.99426604815e-06,2.3338603163e-09,2.00528255436e-10,
547.0,1.71375014662,0.00183755669715,1.97045365757e-06,2.35843054511e-09,5.51238472941e-10,
548.0,1.69340354915,0.00181574060378,1.94741897042e-06,2.2657323964e-09,1.89533647462e-10,
549.0,1.67329851788,0.00179418278145,1.92363879079e-06,2.2403611212e-09,8.60015009127e-11,
550.0,1.65343218473,0.00177288108216,1.90114108531e-06,2.00612280233e-09,3.9815749599e-10,
551.0,1.63380171579,0.0017518324454,1.87859877176e-06,2.56414128488e-09,2.22643291475e-10,
552.0,1.6144043107,0.00173103444102,1.85699092124e-06,1.93393738793e-09,3.53075760756e-10,
553.0,1.59523720243,0.00171048204045,1.83441186813e-06,2.45429144642e-09,7.38213767118e-10,
554.0,1.57629765676,0.00169017411726,1.81241559333e-06,1.88064100665e-09,1.35588693726e-10,
555.0,1.55758297193,0.00167010727968,1.7907428878e-06,1.74189861532e-09,3.57352390139e-10,
556.0,1.53909047826,0.00165027921094,1.76984529301e-06,2.05833010944e-09,7.58688600203e-11,
557.0,1.52081753781,0.0016306866956,1.74923787816e-06,2.17076219737e-09,1.15135793711e-10,
558.0,1.5027615439,0.00161132579591,1.72768991665e-06,1.39801424351e-09,1.43288613763e-10,
559.0,1.48491992082,0.00159219505722,1.70709527021e-06,2.00992079011e-09,6.55386470781e-10,
560.0,1.46729012341,0.00157329171934,1.68684494934e-06,1.4955922398e-09,3.77326067976e-10,
561.0,1.44986963683,0.00155461295805,1.66658588002e-06,1.53678159501e-09,2.69992168777e-10,
562.0,1.43265597597,0.00153615512827,1.64687952053e-06,1.64434034798e-09,2.81792180209e-10,
563.0,1.41564668528,0.00151791690202,1.62749505577e-06,1.78210555399e-09,1.30128111321e-10,
564.0,1.39883933836,0.00149989511036,1.60831053975e-06,2.16593071847e-09,6.52363466132e-10,
565.0,1.38223153765,0.00148208829957,1.58932365393e-06,1.96447353546e-09,5.8946925776e-11,
566.0,1.36582091401,0.00146449201564,1.5705146787e-06,1.7861182893e-09,3.39437683504e-10,
567.0,1.34960512645,0.00144710436373,1.55116165783e-06,1.30729348001e-09,7.26444334342e-11,
568.0,1.33358186178,0.0014299236567,1.53339546872e-06,1.95566009646e-09,1.07645142944e-10,
569.0,1.31774883421,0.00141294641681,1.51484414067e-06,1.53964736994e-09,2.10003375421e-10,
570.0,1.3021037852,0.00139617177994,1.4969885575e-06,9.6576123247e-10,
571.0,1.28664448292,0.00137959551407,1.4794874913e-06,1.33397440875e-09,8.15499937458e-10,
572.0,1.2713687221,0.00136321588435,1.46116512856e-06,1.22893622227e-09,2.36983070377e-10,
573.0,1.25627432364,0.00134703144529,1.44456027967e-06,1.32854261027e-09,4.12317150603e-10,
574.0,1.24135913427,0.0013310382989,1.42759707445e-06,2.04274435496e-09,1.53756954967e-10,
575.0,1.22662102636,0.00131523499196,1.40963284873e-06,1.46655089379e-09,2.2146998502e-10,
576.0,1.2120578975,0.00129962043323,1.39377569907e-06,1.46225891019e-09,3.19607620606e-10,
577.0,1.19766767021,0.00128419095767,1.37670605688e-06,1.5668516155e-09,1.83232736664e-10,
578.0,1.18344829174,0.00126894370979,1.36026551236e-06,9.82021622904e-10,
579.0,1.16939773366,0.00125387840419,1.34450925687e-06,1.49806728511e-09,2.90461072974e-10,
580.0,1.15551399162,0.00123899151226,1.32817315528e-06,1.55540681127e-09,2.07855139467e-10,
581.0,1.14179508512,0.00122428179249,1.3128155946e-06,1.70159110421e-09,3.70102526517e-10,
582.0,1.12823905714,0.00120974619298,1.29747876369e-06,1.98596134263e-09,1.58470627153e-10,
583.0,1.11484397388,0.00119538353422,1.28201690485e-06,1.72936447753e-09,3.79553015518e-10,
584.0,1.1016079245,0.00118119018988,1.26577436893e-06,1.21691325939e-09,4.20949910927e-10,
585.0,1.08852902088,0.0011671678304,1.25153372327e-06,1.3155329266e-09,1.76075897587e-10,
586.0,1.07560539731,0.00115331060492,1.23680789903e-06,1.0813527093e-09,3.76166166372e-10,
587.0,1.06283521024,0.00113961714721,1.22173457917e-06,1.12990494304e-09,2.37698847438e-10,
588.0,1.05021663789,0.00112608688427,1.20700813164e-06,1.0693233907e-09,9.99931738263e-11,
589.0,1.03774788029,0.00111271765378,1.19305304818e-06,1.30540368032e-09,4.58146913434e-10,
590.0,1.02542715874,0.00109950700152,1.17831063522e-06,6.30511244594e-10,
591.0,1.01325271566,0.00108645273979,1.16484435039e-06,1.72275792176e-09,6.49626768204e-10,
592.0,1.00122281436,0.00107355348245,1.15104167228e-06,1.72237147687e-09,7.12685790468e-11,
593.0,0.989335738781,0.00106080845703,1.1374355264e-06,1.27277823413e-09,1.06112406861e-10,
594.0,0.977589793152,0.0010482142397,1.1238746666e-06,7.91387950885e-10,
595.0,0.965983301977,0.00103576862335,1.11040308521e-06,7.28989184847e-10,
596.0,0.954514609507,0.00102347143894,1.09711362116e-06,8.11882861205e-10,
597.0,0.943182079757,0.00101132095497,1.08448124468e-06,7.87614476641e-10,
598.0,0.931984096119,0.000999312696545,1.07183638967e-06,1.6190733067e-09,1.90153125341e-10,
599.0,0.920919061204,0.000987449357518,1.05900055029e-06,1.48389893301e-09,1.55561237988e-10,
600.0,0.909985396536,0.000975724926323,1.04616369701e-06,1.42492861498e-09,8.95878310081e-11,
601.0,0.899181542471,0.00096414087103,1.03372608582e-06,7.44814739925e-10,
602.0,0.888505957739,0.000952694280318,1.02121879375e-06,3.02580611042e-10,
603.0,0.877957119504,0.00094138361264,1.00940084239e-06,1.05596747739e-09,1.0309255923e-10,
604.0,0.867533522969,0.0009302063936,9.97270337191e-07,1.51394836712e-09,3.4403935325e-10,
605.0,0.857233681198,0.000919162863521,9.85345379987e-07,6.23133224361e-10,
606.0,0.847056124899,0.000908249721478,9.73463769837e-07,8.1376382282e-10,
607.0,0.836999402198,0.000897466697868,9.6188267787e-07,6.8820776189e-10,
608.0,0.827062078534,0.00088681081445,9.5056106449e-07,9.39396953427e-10,
609.0,0.817242736308,0.00087628271368,9.39176364866e-07,5.42645345485e-10,
610.0,0.807539974784,0.000865878783208,9.2803435491e-07,8.82621199353e-10,
611.0,0.797952409867,0.000855598491867,9.17185839833e-07,6.17997794309e-10,
612.0,0.78847867385,0.000845440640803,9.06417196403e-07,1.04051000921e-09,3.3116073093e-10,
613.0,0.779117415348,0.000835403234852,8.96106827637e-07,1.0296565373e-09,2.19914394223e-10,
614.0,0.769867298906,0.000825484568415,8.85058231356e-07,8.3432855094e-10,
615.0,0.760727004986,0.000815684510777,8.74534259162e-07,1.14167944091e-09,1.34591847127e-10,
616.0,0.751695229755,0.000805999508918,8.64415432137e-07,8.86296512699e-10,
617.0,0.742770684799,0.000796430739643,8.53850864717e-07,7.64075401347e-10,
618.0,0.733952097019,0.000786975116308,8.43725078692e-07,7.51276600157e-10,
619.0,0.725238208439,0.00077763215264,8.34302669313e-07,1.0540513058e-09,2.55065191167e-10,
620.0,0.716627775988,0.00076839932526,8.23767057162e-07,3.14540883274e-10,
621.0,0.708119571367,0.000759276265072,8.14068488533e-07,1.75766713941e-09,6.57755056597e-10,
622.0,0.699712380931,0.000750261569843,8.04205108137e-07,1.07602142817e-09,2.40886089796e-10,
623.0,0.691405005349,0.000741354334772,7.95007808359e-07,8.36862612311e-10,
624.0,0.68319625954,0.000732552389352,7.85729861722e-07,1.12120290028e-09,4.33121487876e-10,
625.0,0.675084972553,0.000723855473864,7.76610567227e-07,1.08813453583e-09,1.27231118795e-10,
626.0,0.667069987297,0.000715260680228,7.66446494391e-07,8.43649800059e-10,
627.0,0.659150160405,0.000706769528323,7.57319573702e-07,5.28926644816e-10,
628.0,0.651324362109,0.00069837772356,7.49083804314e-07,9.06644824443e-10,
629.0,0.643591476053,0.000690086534486,7.40222359256e-07,1.47755462411e-09,5.24416334478e-10,
630.0,0.635950399155,0.00068189332997,7.31270910956e-07,7.6143245187e-10,
631.0,0.628400041364,0.000673796815653,7.22019591509e-07,6.21201912633e-10,
632.0,0.620939325645,0.000665797598504,7.13791771092e-07,1.62337615747e-09,7.32645909555e-10,
633.0,0.613567187676,0.000657893099091,7.05771906045e-07,8.46205599435e-10,
634.0,0.606282575868,0.000650082076358,6.97220048231e-07,2.86039197893e-10,
635.0,0.599084451022,0.000642363453921,6.88247823648e-07,3.67130093782e-10,
636.0,0.591971786314,0.000634737320265,6.80560409783e-07,5.93471356559e-10,
637.0,0.584943567143,0.000627201812223,6.72617916363e-07,9.91992211893e-10,
638.0,0.577998790918,0.000619755138943,6.64634716421e-07,8.50475354163e-10,
639.0,0.571136466941,0.000612397373304,6.57017718103e-07,4.65095348985e-10,
640.0,0.56435561629,0.000605126729249,6.48437930541e-07,5.68971570488e-10,
641.0,0.557655271708,0.000597941884242,6.41058373225e-07,1.5424743377e-10,
642.0,0.551034477336,0.00059084275165,6.33256455138e-07,4.98209904249e-10,
643.0,0.544492288716,0.000583827829797,6.25923372224e-07,9.96331469112e-10,
644.0,0.538027772622,0.000576896933719,6.1916127436e-07,4.57545978529e-10,
645.0,0.531640006865,0.000570047038882,6.10790679862e-07,1.00555245528e-09,5.32630366671e-10,
646.0,0.525328080239,0.000563279238101,6.03953940479e-07,4.63084798768e-10,
647.0,0.519091092285,0.000556591345185,5.96275748762e-07,5.38242785667e-10,
648.0,0.512928153378,0.000549983585763,5.89859334388e-07,1.18667042202e-09,3.83419459714e-10,
649.0,0.506838384301,0.000543453851221,5.82024883289e-07,6.31499004394e-10,
650.0,0.500820916356,0.000537001781859,5.75593442317e-07,3.59089538067e-10,
651.0,0.494874891137,0.000530626275176,5.69371735408e-07,8.60184948195e-10,
652.0,0.488999460469,0.000524326058228,5.62075208544e-07,1.18271253593e-09,8.61916777923e-10,
653.0,0.483193786178,0.00051810137802,5.55536948575e-07,6.89352315885e-10,
654.0,0.47745704007,0.000511950201971,5.49033344762e-07,6.0529930752e-10,
655.0,0.471788403846,0.000505871789524,5.42285189959e-07,9.44627421382e-10,
656.0,0.466187068799,0.00049986571645,5.3653589312e-07,8.56647402296e-10,
657.0,0.460652235955,0.000493930603903,5.28886753054e-07,2.72454068327e-10,
658.0,0.455183115726,0.00048806729554,5.23864568581e-07,1.10388609706e-09,1.19889483297e-10,
659.0,0.44977892794,0.000482271931434,5.16560061474e-07,2.1598625545e-10,
660.0,0.444438901661,0.000476546359093,5.10812597063e-07,8.26051513401e-10,
661.0,0.439162275191,0.000470889011689,5.05170523713e-07,6.62867534015e-10,
662.0,0.433948295758,0.000465298130715,4.99136087402e-07,6.74769647196e-10,
663.0,0.428796219599,0.000459773918668,4.92731486714e-07,7.72047135178e-11,
664.0,0.42370531175,0.000454315358702,4.87526958129e-07,6.18289259634e-10,
665.0,0.418674846008,0.000448921623415,4.81457570326e-07,5.06678433422e-10,
666.0,0.413704104762,0.000443591675649,4.75509156953e-07,1.62992643436e-10,
667.0,0.408792378903,0.000438324485271,4.69898086167e-07,4.05902348263e-10,
668.0,0.403938967816,0.000433120634036,4.63929822696e-07,2.29342768454e-10,
669.0,0.399143179117,0.000427978381436,4.58903926741e-07,1.17886019605e-09,6.70590689038e-10,
670.0,0.394404328715,0.000422897242699,4.53169474936e-07,3.74812670944e-10,
671.0,0.389721740569,0.000417876823437,4.48527390851e-07,5.84758055915e-10,
672.0,0.385094746738,0.000412915809221,4.42943221845e-07,1.81336146317e-10,
673.0,0.380522687154,0.000408012813307,4.37437461708e-07,2.22276665158e-10,
674.0,0.376004909592,0.000403168539902,4.32047258296e-07,2.22863270009e-10,
675.0,0.371540769633,0.000398382245347,4.27386906999e-07,4.88077176692e-10,
676.0,0.367129630434,0.000393652344032,4.22130069726e-07,9.02341761871e-10,
677.0,0.362770862725,0.000388979059482,4.17610447758e-07,6.21648408276e-10,
678.0,0.358463844727,0.000384360215369,4.11729198607e-07,1.31455514001e-10,
679.0,0.354207962065,0.000379797086222,4.07177685693e-07,5.98592830069e-10,
680.0,0.350002607618,0.000375288111635,4.02804774361e-07,4.95488202364e-10,
681.0,0.345847181481,0.000370831213495,3.97267359318e-07,5.40818873301e-10,
682.0,0.341741090869,0.00036642913589,3.92631768104e-07,5.82324066177e-10,
683.0,0.337683750056,0.000362078491581,3.8775362707e-07,1.70374718783e-10,
684.0,0.333674580252,0.000357780260327,3.83795107219e-07,5.52532924958e-10,
685.0,0.329713009568,0.000353532831288,3.79388296913e-07,3.80930683213e-10,
686.0,0.325798472821,0.000349334573234,3.7436740944e-07,1.28707580664e-10,
687.0,0.321930411691,0.000345187835214,3.7031413733e-07,5.50746489607e-10,
688.0,0.318108274305,0.000341089730488,3.65814052994e-07,6.95407962366e-10,
689.0,0.314331515466,0.000337039237726,3.60886583859e-07,6.39733007722e-10,
690.0,0.31059959644,0.000333038478275,3.56714283849e-07,5.00762740244e-10,
691.0,0.306911984832,0.000329083825552,3.52920587122e-07,5.34524196991e-10,
692.0,0.303268154583,0.000325177048673,3.48837977987e-07,2.93492826223e-10,
693.0,0.299667585931,0.000321316500529,3.4501421403e-07,5.622660575e-10,
694.0,0.296109765241,0.000317501842846,3.40219935426e-07,1.63253180727e-10,
695.0,0.292594184949,0.000313731877166,3.3616302516e-07,2.45102873442e-10,
696.0,0.289120343638,0.000310006766824,3.32360595496e-07,4.21385414525e-10,
697.0,0.285687745669,0.0003063266133,3.28839207682e-07,1.38996949731e-10,
698.0,0.282295901419,0.000302689803399,3.24409515384e-07,1.04802763972e-10,
699.0,0.27894432705,0.000299096150974,3.2060490981e-07,2.94534254327e-10,
700.0,0.275632544468,0.000295544792149,3.17170779711e-07,3.33368839471e-10,
701.0,0.272360081179,0.000292035692748,3.13450044173e-07,2.96622015178e-10,
702.0,0.269126470379,0.000288568535498,3.09278942714e-07,3.17872332424e-10,
703.0,0.265931250855,0.000285143145268,3.05924672404e-07,2.95604116923e-10,
704.0,0.262773966747,0.000281757337557,3.017460475e-07,5.68938530355e-10,
705.0,0.25965416768,0.00027841196296,2.97903823428e-07,3.55551949338e-11,
706.0,0.256571408589,0.00027510674483,2.94253636951e-07,7.67728013288e-11,
707.0,0.253525249754,0.000271840747814,2.91531708983e-07,1.49925763342e-10,
708.0,0.250515256607,0.000268613217912,2.87880417913e-07,1.03952981697e-10,
709.0,0.247540999762,0.000265424099371,2.85295935987e-07,6.06425498988e-10,
710.0,0.244602054981,0.000262273071804,2.81214406562e-07,1.03723827196e-10,
711.0,0.241698002972,0.000259159065633,2.77520441035e-07,2.37513817613e-10,
712.0,0.238828429501,0.000256082019863,2.74298987899e-07,8.06951892781e-11,
713.0,0.235992925207,0.0002530417901,2.71094159015e-07,2.52972253317e-10,
714.0,0.233191085588,0.000250037480331,2.68008585744e-07,1.23463036899e-10,
715.0,0.230422510981,0.000247069029458,2.65236779789e-07,6.953367406e-10,
716.0,0.227686806419,0.000244135588038,2.61861912595e-07,2.4196275422e-10,
717.0,0.224983581675,0.00024123659732,2.5846688266e-07,2.77408130036e-10,
718.0,0.222312451121,0.000238372939424,2.55894740972e-07,8.44428303486e-10,
719.0,0.219673033747,0.000235542754767,2.52535900363e-07,3.36976382694e-10,
720.0,0.217064952984,0.000232746413676,2.49398818101e-07,2.09053776784e-10,
721.0,0.214487836799,0.000229982563559,2.46225998399e-07,1.11362180766e-10,
722.0,0.211941317579,0.000227252435268,2.44070344751e-07,1.6932316049e-10,
723.0,0.209425032066,0.000224554864592,2.41098297799e-07,1.97440861544e-10,
724.0,0.206938621291,0.000221888420433,2.37946489426e-07,2.71121024408e-10,
725.0,0.20448173057,0.000219253930751,2.35326425693e-07,7.02913219664e-10,
726.0,0.202054009447,0.000216650760632,2.32018615274e-07,8.45945709377e-11,
727.0,0.199655111564,0.00021407858011,2.29482051876e-07,5.12564661525e-10,
728.0,0.197284694752,0.000211537425606,2.26470039727e-07,2.6778024902e-10,
729.0,0.194942420824,0.000209026280793,2.24234760323e-07,2.95716984602e-10,
730.0,0.192627955711,0.000206544257659,2.21800096455e-07,3.92913524654e-10,
731.0,0.190340969194,0.000204092307075,2.1869528679e-07,4.22444126543e-10,
732.0,0.188081135061,0.000201668738326,2.16410838616e-07,5.95712675067e-10,
733.0,0.185848130938,0.000199274514316,2.13582807677e-07,3.09354424904e-10,
734.0,0.183641638301,0.000196908710571,2.10748869235e-07,1.98020499521e-10,
735.0,0.181461342358,0.00019457062521,2.08711952196e-07,2.75814469193e-10,
736.0,0.179306932102,0.000192260711606,2.0646360494e-07,4.39460645524e-10,
737.0,0.177178100213,0.000189977775698,2.03693827032e-07,5.69504462069e-10,
738.0,0.175074543004,0.000187722210335,2.01377565992e-07,5.70357962465e-10,
739.0,0.172995960397,0.000185493481102,1.98141002373e-07,7.86840760928e-10,
740.0,0.170942055854,0.000183290950718,1.96508683627e-07,8.90457100954e-10,
741.0,0.168912536449,0.000181115201749,1.94019009388e-07,1.89907587728e-10,
742.0,0.166907112627,0.000178965251376,1.91836093098e-07,1.61852183366e-10,
743.0,0.164925498307,0.000176839821719,1.89266044292e-07,2.116728197e-10,
744.0,0.162967410802,0.000174740489359,1.87072911646e-07,4.88787778464e-10,
745.0,0.161032570843,0.000172665388471,1.84898806911e-07,1.23069151674e-10,
746.0,0.159120702351,0.000170616527723,1.83299900631e-07,2.08527034893e-10,
747.0,0.157231532621,0.000168590503259,1.80588012116e-07,1.71216151362e-10,
748.0,0.155364792179,0.000166589093999,1.79254841547e-07,5.38109218909e-10,
749.0,0.153520214742,0.000164611387917,1.7636453218e-07,6.17547050313e-10,
750.0,0.151697537143,0.000162657499557,1.74892260926e-07,2.61659951375e-10,
751.0,0.149896499399,0.000160725090671,1.72364437413e-07,4.20440564121e-10,
752.0,0.148116844546,0.000158817329944,1.70406612643e-07,5.18200663535e-10,
753.0,0.146358318797,0.000156931695829,1.68156672362e-07,1.00006338823e-10,
754.0,0.1446206712,0.0001550688609,1.6667466134e-07,6.72132692448e-10,
755.0,0.14290365396,0.000153227309674,1.6422872516e-07,2.82858388472e-10,
756.0,0.14120702207,0.000151408275512,1.62202020379e-07,2.15634088683e-10,
757.0,0.139530533573,0.00014961082792,1.60737074968e-07,3.60264041584e-11,
758.0,0.137873949246,0.000147834874745,1.58930068706e-07,4.8477280933e-10,
759.0,0.136237032837,0.000146079476955,1.56783348991e-07,2.37034289791e-10,
760.0,0.134619550821,0.000144345622282,1.55329692359e-07,2.55723553186e-10,
761.0,0.133021272463,0.000142631343891,1.53067500576e-07,1.21106554655e-10,
762.0,0.131441969714,0.000140938448604,1.51653561188e-07,2.06920068179e-10,
763.0,0.129881417366,0.00013926449309,1.48885464382e-07,6.72218668899e-11,
764.0,0.128339392744,0.000137611099294,1.47782259954e-07,4.70712421839e-10,
765.0,0.126815675911,0.000135977530502,1.46221380568e-07,3.47239869391e-10,
766.0,0.125310049501,0.000134362749617,1.44401496795e-07,1.84705998807e-10,
767.0,0.123822298665,0.000132767392948,1.42194646104e-07,3.25688964884e-11,
768.0,0.122352211308,0.000131190809008,1.40842971539e-07,6.18458335115e-10,
769.0,0.120899577601,0.000129633557598,1.39597527573e-07,7.27118372413e-10,
770.0,0.11946419041,0.000128094715064,1.37737747347e-07,2.92252188178e-10,
771.0,0.118045844916,0.000126573634861,1.35810157585e-07,8.2831854179e-10,
772.0,0.116644338806,0.000125071375796,1.34096704587e-07,3.41010800868e-10,
773.0,0.115259472184,0.000123586501179,1.32294939078e-07,6.74899931487e-10,
774.0,0.113891047453,0.000122118762881,1.3143108097e-07,1.03296971549e-09,6.73453596233e-10,
775.0,0.112538869425,0.00012066880235,1.29351151981e-07,4.24673222855e-10,
776.0,0.111202745215,0.000119236368604,1.27848372753e-07,4.84668712373e-10,
777.0,0.109882484202,0.000117820451441,1.26086153217e-07,1.96689857156e-10,
778.0,0.108577898075,0.000116421937094,1.24877273699e-07,2.32011306649e-10,
779.0,0.107288800709,0.000115039380681,1.23233986518e-07,3.4634369618e-10,
780.0,0.106015008245,0.000113673905622,1.22117194576e-07,1.49227006518e-10,
781.0,0.104756338951,0.000112324439037,1.20688766452e-07,3.77028291924e-10,
782.0,0.103512613269,0.00011099064267,1.18814578657e-07,4.32405427746e-10,
783.0,0.102283653804,0.000109673569296,1.17880391591e-07,2.30686330005e-10,
784.0,0.101069285245,0.000108371045998,1.16477026909e-07,6.0843238453e-10,
785.0,0.099869334323,0.000107084614738,1.15457319082e-07,5.59024359904e-10,
786.0,0.0986836298936,0.000105813123696,1.1369542008e-07,1.35225486132e-10,
787.0,0.0975120027938,0.000104556549863,1.12198956181e-07,2.43145472066e-10,
788.0,0.0963542859273,0.000103315148861,1.10730775944e-07,1.38772526466e-10,
789.0,0.0952103141163,0.000102088849425,1.09488488178e-07,3.88924545165e-10,
790.0,0.0940799241634,0.000100876187371,1.0831094453e-07,1.14726741356e-10,
791.0,0.0929629548278,9.96786280276e-05,1.06592032918e-07,1.63595058929e-10,
792.0,0.0918592467809,9.84958997642e-05,1.0567753467e-07,1.88383293298e-10,
793.0,0.0907686425904,9.73259262939e-05,1.04460425422e-07,1.27162370582e-10,
794.0,0.0896909866307,9.6169826818e-05,1.02842510167e-07,2.96640331361e-10,
795.0,0.0886261252099,9.50286551402e-05,1.02057700837e-07,4.0045407629e-10,
796.0,0.0875739064287,9.39003168459e-05,1.00392783987e-07,1.09256573795e-10,
797.0,0.0865341802001,9.27860930038e-05,9.98110129543e-08,6.32030155148e-10,
798.0,0.0855067981657,9.16836661347e-05,9.85299901711e-08,5.30551872918e-10,
799.0,0.084491613757,9.05960160189e-05,9.68333135678e-08,1.94048282915e-10,
800.0,0.0834884821989,8.95193981913e-05,9.61000943048e-08,6.1847670193e-10,
801.0,0.0824972603914,8.84571068266e-05,9.47200942027e-08,2.28115075177e-10,
802.0,0.0815178069114,8.74068464305e-05,9.35708998235e-08,5.02789888557e-10,
803.0,0.0805499820325,8.63690489659e-05,9.18979439532e-08,5.71395573111e-10,
804.0,0.0795936477237,8.5343800787e-05,9.13959544658e-08,2.58772746655e-10,
805.0,0.0786486675392,8.43307609948e-05,9.05684711142e-08,1.66136771619e-10,
806.0,0.0777149067167,8.33287684635e-05,8.96284860033e-08,5.93047424915e-10,
807.0,0.0767922319981,8.23398961814e-05,8.85099203491e-08,1.60767872704e-10,
808.0,0.075880511781,8.13619053181e-05,8.75976827269e-08,7.64142125292e-10,
809.0,0.074979616043,8.03961081077e-05,8.64978379959e-08,5.23691376537e-10,
810.0,0.0740894162071,7.94412513795e-05,8.46175673555e-08,5.50816168307e-10,
811.0,0.0732097853543,7.84985696444e-05,8.36846019295e-08,1.94207288305e-10,
812.0,0.0723405979468,7.75661743301e-05,8.30685867194e-08,2.85157068841e-10,
813.0,0.0714817300376,7.66459574987e-05,8.24314839496e-08,4.53086768605e-10,
814.0,0.0706330590759,7.57359085134e-05,8.11877060869e-08,5.42326656836e-10,
815.0,0.0697944640017,7.48373312516e-05,8.04812127534e-08,3.23323071177e-10,
816.0,0.0689658252063,7.39480137827e-05,7.88832307013e-08,1.27422853848e-10,
817.0,0.0681470244713,7.30700496219e-05,7.82412887143e-08,9.63668831806e-11,
818.0,0.0673379449942,7.2202829037e-05,7.74656292541e-08,3.79186455741e-10,
819.0,0.0665384713663,7.13451258833e-05,7.58777042061e-08,1.91854007459e-10,
820.0,0.065748489517,7.04980970303e-05,7.55427154926e-08,1.71110081039e-10,
821.0,0.0649678867896,6.96616034463e-05,7.53245800464e-08,1.76314486281e-10,
822.0,0.0641965517943,6.88339315961e-05,7.39016057777e-08,2.06988398728e-10,
823.0,0.0634343745384,6.80173121978e-05,7.27013097661e-08,2.81462530713e-10,
824.0,0.0626812462549,6.72094062015e-05,7.22999674121e-08,1.1119031952e-10,
825.0,0.0619370595497,6.64117262372e-05,7.13128225071e-08,3.66299968669e-10,
826.0,0.0612017082519,6.5622693403e-05,7.0004457474e-08,3.61220420902e-10,
827.0,0.0604750874223,6.48443600536e-05,6.95981729668e-08,1.17658595957e-10,
828.0,0.0597570934765,6.40743994918e-05,6.93888940828e-08,8.37649576903e-10,
829.0,0.0590476239364,6.33132808189e-05,6.82543110085e-08,4.08970315101e-10,
830.0,0.058346577623,6.25618366365e-05,6.72538728002e-08,9.7046939152e-11,
831.0,0.0576538545177,6.18186939645e-05,6.6818231805e-08,2.15459093191e-10,
832.0,0.0569693558106,6.10849546734e-05,6.52752283131e-08,1.15866174136e-10,
833.0,0.0562929838376,6.03596973303e-05,6.4578978823e-08,7.41201479072e-11,
834.0,0.0556246421496,5.9643018186e-05,6.4113002372e-08,1.39015624301e-10,
835.0,0.0549642353617,5.893511394e-05,6.35804156266e-08,1.26716998197e-10,
836.0,0.0543116693009,5.82353202054e-05,6.23031754664e-08,1.75024950852e-10,
837.0,0.0536668508734,5.75437643151e-05,6.13538793227e-08,4.05413796093e-10,
838.0,0.0530296881117,5.68606438735e-05,6.05211950575e-08,8.33250786954e-11,
839.0,0.0524000900693,5.61854448431e-05,5.9559311886e-08,4.37431811762e-10,
840.0,0.0517779669865,5.55190459413e-05,5.97272424553e-08,4.58820087104e-10,
841.0,0.0511632300918,5.48595553167e-05,5.88674585539e-08,1.53294399542e-10,
842.0,0.0505557916845,5.42085514119e-05,5.78886632472e-08,2.41995909162e-10,
843.0,0.0499555651513,5.35644932527e-05,5.77610686723e-08,8.60661988239e-11,
844.0,0.0493624648178,5.29284354758e-05,5.7042021084e-08,5.20406983323e-10,
845.0,0.048776406092,5.23000168095e-05,5.60332822225e-08,1.1032356098e-10,
846.0,0.0481973054027,5.16792440141e-05,5.54831126636e-08,2.51972752847e-10,
847.0,0.0476250801157,5.10658063335e-05,5.46881836078e-08,9.23577214804e-11,
848.0,0.0470596485969,5.04594567138e-05,5.4366792832e-08,3.55415975205e-10,
849.0,0.0465009302159,4.9860865408e-05,5.39730112736e-08,4.18306554178e-10,
850.0,0.0459488452447,4.92688785058e-05,5.35028322427e-08,2.18328315002e-10,
851.0,0.0454033149425,4.86833970842e-05,5.21549734435e-08,2.96100135901e-10,
852.0,0.0448642614548,4.81054294953e-05,5.16707611773e-08,3.45262075062e-10,
853.0,0.0443316079258,4.75343650112e-05,5.1125190761e-08,1.57253656894e-10,
854.0,0.0438052783528,4.69706378651e-05,5.04596234254e-08,9.67619049616e-11,
855.0,0.043285197669,4.64125209087e-05,4.96131964055e-08,1.6436784639e-10,
856.0,0.0427712916683,4.58607722718e-05,4.86986054134e-08,1.69641400585e-10,
857.0,0.0422634870399,4.5316608915e-05,4.87225835165e-08,3.16206853335e-10,
858.0,0.0417617113412,4.4778311955e-05,4.78446254155e-08,2.84592603074e-10,
859.0,0.041265893023,4.42469064896e-05,4.75195411222e-08,9.64505337365e-11,
860.0,0.0407759613227,4.37213931389e-05,4.66806972769e-08,3.59209451571e-10,
861.0,0.0402918463704,4.32018048177e-05,4.59524221984e-08,4.52158797778e-10,
862.0,0.0398134791011,4.26897808193e-05,4.58606902032e-08,2.35301120452e-10,
863.0,0.0393407912744,4.21825801189e-05,4.50614619869e-08,1.28312835094e-10,
864.0,0.0388737154442,4.16822932794e-05,4.47551345994e-08,3.70888089464e-10,
865.0,0.0384121850259,4.1187469322e-05,4.45309397823e-08,3.62843784778e-10,
866.0,0.0379561341505,4.06987258127e-05,4.40916844344e-08,3.39889670327e-10,
867.0,0.037505497763,4.02147385481e-05,4.2784819038e-08,2.49213602443e-10,
868.0,0.0370602115847,3.97374986012e-05,4.27957377948e-08,3.89837959794e-10,
869.0,0.0366202120667,3.92658520358e-05,4.17013511103e-08,1.86147695966e-10,
870.0,0.0361854364996,3.87996710618e-05,4.19233584707e-08,2.26910846384e-10,
871.0,0.0357558227944,3.83388028404e-05,4.11342693523e-08,4.90670964937e-10,
872.0,0.0353313097484,3.78834281792e-05,4.08637641112e-08,7.56520328598e-10,
873.0,0.034911836727,3.74346114039e-05,4.04760937137e-08,5.59803382538e-11,
874.0,0.0344973439238,3.69896147485e-05,3.98285820103e-08,2.2284767403e-10,
875.0,0.0340877722417,3.65503840395e-05,3.93218618918e-08,4.33950374517e-10,
876.0,0.0336830631849,3.61162309981e-05,3.86655472722e-08,1.1634531338e-10,
877.0,0.0332831590767,3.56874209486e-05,3.81983255661e-08,1.82930772487e-10,
878.0,0.0328880028516,3.52638444216e-05,3.74785241144e-08,1.5157210169e-10,
879.0,0.0324975381572,3.48458788073e-05,3.77362108423e-08,2.41514951849e-10,
880.0,0.0321117092732,3.44317028464e-05,3.70637702624e-08,2.06602961091e-10,
881.0,0.0317304611277,3.40222164209e-05,3.64393476778e-08,7.38847802577e-11,
882.0,0.0313537393969,3.36190540269e-05,3.67579387375e-08,8.08132209241e-10,
883.0,0.030981490329,3.32198172461e-05,3.56440943385e-08,1.48133343074e-10,
884.0,0.0306136607958,3.28243713114e-05,3.41487809448e-08,2.88453736044e-10,
885.0,0.03025019835,3.24356349016e-05,3.49254546414e-08,3.7219434832e-10,
886.0,0.0298910511263,3.20502084798e-05,3.45034903212e-08,2.45507219735e-10,
887.0,0.0295361678888,3.16700196588e-05,3.45053298027e-08,4.76251457376e-10,
888.0,0.02918549805,3.12938833662e-05,3.29516436017e-08,4.47727938415e-10,
889.0,0.0288389915433,3.09225533408e-05,3.35339193181e-08,5.93064731364e-10,
890.0,0.0284965989525,3.05548325258e-05,3.29627782351e-08,4.18841992495e-10,
891.0,0.0281582714358,3.0193028913e-05,3.26217351538e-08,4.64783569388e-10,
892.0,0.0278239607397,2.98337370822e-05,3.13535907287e-08,2.71025095021e-10,
893.0,0.0274936191608,2.94800757175e-05,3.20864022695e-08,3.22167007149e-10,
894.0,0.0271671995878,2.91300934086e-05,3.1380033234e-08,7.1737662156e-10,
895.0,0.0268446554413,2.87838481767e-05,3.08767536449e-08,3.4065893211e-10,
896.0,0.0265259407186,2.84422961491e-05,3.03760739944e-08,1.81282792414e-10,
897.0,0.0262110099568,2.81045092987e-05,3.03455860773e-08,6.81091463159e-10,
898.0,0.0258998182343,2.77711418953e-05,2.96829423706e-08,1.96178246074e-10,
899.0,0.0255923211531,2.7441181866e-05,2.95837954152e-08,2.79323497088e-10,
900.0,0.0252884748444,2.71153683613e-05,2.92255504998e-08,1.77899765554e-10,
901.0,0.0249882359858,2.67932713361e-05,2.85706454891e-08,9.30428793385e-11,
902.0,0.0246915616853,2.64757427342e-05,2.86480847669e-08,3.1252570953e-10,
903.0,0.0243984097161,2.61608600922e-05,2.7727731776e-08,4.32692779004e-10,
904.0,0.0241087381912,2.5850442252e-05,2.76757702851e-08,9.64931055458e-11,
905.0,0.023822505818,2.55435186662e-05,2.71467973005e-08,3.80104148114e-10,
906.0,0.0235396717233,2.52399940443e-05,2.6706873015e-08,2.20027890946e-10,
907.0,0.023260195617,2.49402389973e-05,2.68388757427e-08,1.73022242717e-10,
908.0,0.0229840375928,2.46442859079e-05,2.65781972552e-08,4.20708905386e-10,
909.0,0.0227111582972,2.43524788345e-05,2.64054663539e-08,1.76932384308e-10,
910.0,0.0224415187614,2.40631628748e-05,2.61049997838e-08,4.58032634807e-10,
911.0,0.0221750805374,2.37768780665e-05,2.56643126722e-08,1.69747017592e-10,
912.0,0.02191180561,2.34944440604e-05,2.52025672066e-08,3.76292845095e-10,
913.0,0.021651656435,2.32158760623e-05,2.49005100745e-08,1.77153515285e-10,
914.0,0.0213945959007,2.2940660791e-05,2.50830632195e-08,3.23573780021e-10,
915.0,0.0211405873427,2.26682509514e-05,2.48942283783e-08,1.85128493892e-10,
916.0,0.0208895944789,2.2398692109e-05,2.39149729939e-08,1.96706028379e-10,
917.0,0.0206415815679,2.21326054402e-05,2.34376815365e-08,7.23935664086e-11,
918.0,0.0203965132078,2.18698302725e-05,2.29060916372e-08,5.65980462188e-10,
919.0,0.0201543544043,2.1610084925e-05,2.29988401205e-08,7.19690897973e-10,
920.0,0.019915070671,2.13539620631e-05,2.27527766816e-08,6.19472977359e-11,
921.0,0.0196786278593,2.11002256291e-05,2.23298638999e-08,2.65995684581e-10,
922.0,0.019444992203,2.08494944427e-05,2.24349132972e-08,5.53555091869e-10,
923.0,0.0192141304165,2.06022408398e-05,2.22097959048e-08,2.51394772317e-10,
924.0,0.0189860095476,2.03582128709e-05,2.23115346653e-08,7.52453922586e-10,
925.0,0.0187605970723,2.01159589082e-05,2.17475324553e-08,8.81986764276e-11,
926.0,0.0185378607995,1.98773893627e-05,2.16246348603e-08,4.04688638442e-11,
927.0,0.0183177689755,1.96410606769e-05,2.06216278976e-08,1.52956312231e-10,
928.0,0.0181002902127,1.94076146069e-05,2.0355972291e-08,5.30283803458e-10,
929.0,0.0178853934576,1.91777802138e-05,2.08817442305e-08,5.50661628385e-10,
930.0,0.0176730480827,1.8949888082e-05,2.05937410138e-08,4.94889746484e-10,
931.0,0.0174632238146,1.87250385456e-05,1.99560949242e-08,1.22517808945e-10,
932.0,0.0172558906837,1.85022551904e-05,1.96662288694e-08,2.37174892908e-10,
933.0,0.017051019112,1.82833574357e-05,1.96413249864e-08,1.37048822052e-10,
934.0,0.0168485799287,1.80655909756e-05,1.95617366478e-08,4.59904410098e-10,
935.0,0.0166485441856,1.78515761613e-05,1.90422814997e-08,4.87075202328e-10,
936.0,0.0164508833913,1.76388002583e-05,1.91529508266e-08,4.55000766326e-10,
937.0,0.0162555693271,1.74306109544e-05,1.93302991718e-08,2.16258565017e-10,
938.0,0.0160625741318,1.72230881721e-05,1.87145077724e-08,2.58852440242e-11,
939.0,0.0158718702894,1.70186384607e-05,1.83411461881e-08,1.49003200439e-10,
940.0,0.015683430605,1.68161441445e-05,1.78207405239e-08,5.96224296585e-10,
941.0,0.0154972281614,1.66170547748e-05,1.84532235836e-08,6.45006092571e-10,
942.0,0.0153132364211,1.64192967042e-05,1.69825316743e-08,6.19291792375e-10,
943.0,0.0151314291439,1.62243858577e-05,1.71998588053e-08,3.48350483487e-10,
944.0,0.0149517803625,1.60324407069e-05,1.71990960385e-08,5.51690909466e-10,
945.0,0.0147742644942,1.58414887122e-05,1.6986063051e-08,3.85490292188e-10,
946.0,0.0145988561801,1.56534525332e-05,1.63735440059e-08,2.84979808504e-10,
947.0,0.0144255304389,1.54677504838e-05,1.63609865689e-08,1.34165489976e-10,
948.0,0.0142542624841,1.528349022e-05,1.64104531551e-08,4.07454573572e-10,
949.0,0.0140850279367,1.51026331558e-05,1.60578023588e-08,4.09150884115e-11,
950.0,0.0139178026352,1.49231324451e-05,1.61352697759e-08,3.84663270739e-10,
951.0,0.0137525627219,1.47456114307e-05,1.57674751945e-08,7.32150549384e-11,
952.0,0.0135892846207,1.4570848627e-05,1.53329743247e-08,2.99142323227e-10,
953.0,0.0134279450458,1.43984870741e-05,1.53142801999e-08,3.8361958969e-10,
954.0,0.0132685209922,1.42273902506e-05,1.54958798088e-08,2.00983719282e-10,
955.0,0.01311098973,1.405820889e-05,1.47358204353e-08,2.45843587664e-10,
956.0,0.012955328751,1.38908771539e-05,1.47537479861e-08,7.36023257316e-11,
957.0,0.012801515855,1.37265516769e-05,1.51127361183e-08,3.68422678916e-10,
958.0,0.0126495291164,1.35637165459e-05,1.44112633635e-08,4.37202715749e-10,
959.0,0.0124993468633,1.34026087516e-05,1.42968532916e-08,3.99458470285e-10,
960.0,0.0123509476607,1.32430282537e-05,1.35710456509e-08,3.20361993068e-10,
961.0,0.0122043103166,1.30861023809e-05,1.42486687773e-08,1.20450643438e-10,
962.0,0.0120594139395,1.293032675e-05,1.34998484894e-08,4.51855693547e-10,
963.0,0.0119162378425,1.27770617039e-05,1.41170781057e-08,2.40583738432e-10,
964.0,0.011774761613,1.26257571963e-05,1.36552334168e-08,2.59038488241e-10,
965.0,0.0116349650893,1.24756900879e-05,1.27236880329e-08,5.7281738838e-10,
966.0,0.0114968283083,1.23276741952e-05,1.38240549887e-08,9.89692947602e-10,
967.0,0.0113603315543,1.21810446305e-05,1.27413500469e-08,7.48742984278e-10,
968.0,0.0112254553582,1.20361539861e-05,1.27562380193e-08,1.7956038064e-10,
969.0,0.0110921804875,1.18934101484e-05,1.31188107036e-08,4.96701052521e-11,
970.0,0.0109604879275,1.17524782482e-05,1.24255420729e-08,3.48525401087e-10,
971.0,0.0108303589254,1.16130815583e-05,1.25248326839e-08,7.73240255386e-11,
972.0,0.0107017748536,1.1475403957e-05,1.24948578637e-08,4.01066080145e-10,
973.0,0.0105747174262,1.13384510784e-05,1.12483655489e-08,5.84719283884e-10,
974.0,0.0104491684767,1.12046677505e-05,1.21452464164e-08,2.28498578686e-10,
975.0,0.0103251101337,1.10704575245e-05,1.17339421323e-08,3.11991148482e-10,
976.0,0.0102025246414,1.09399771734e-05,1.18621150299e-08,6.60061240221e-11,
977.0,0.0100813945815,1.08094979821e-05,1.17473401662e-08,6.11300806198e-10,
978.0,0.0099617026631,1.06814063061e-05,1.11167826772e-08,1.71346720839e-10,
979.0,0.009843431766,1.05549092073e-05,1.13714849883e-08,2.65842870445e-10,
980.0,0.00972656505169,1.04292158528e-05,1.11828108912e-08,1.06531518638e-10,
981.0,0.00961108585339,1.03053479067e-05,1.12516506226e-08,1.38515153195e-10,
982.0,0.00949697767644,1.01832438474e-05,1.15397193558e-08,5.73038898851e-10,
983.0,0.00938422427914,1.00623393619e-05,1.08037077856e-08,1.77000441654e-10,
984.0,0.00927280951207,9.94282718186e-06,1.12224475003e-08,7.17801534032e-10,
985.0,0.00916271756583,9.82476658032e-06,1.0008535823e-08,4.96914415891e-10,
986.0,0.00905393266477,9.70800158559e-06,9.95627874828e-09,1.7058711113e-10,
987.0,0.00894643932396,9.59251397073e-06,9.31962483277e-09,4.99447654946e-10,
988.0,0.00884022221277,9.47886921019e-06,9.90811020244e-09,5.99682125577e-11,
989.0,0.00873526618104,9.36603631729e-06,9.63280053455e-09,2.85996898056e-10,
990.0,0.00863155621432,9.25535783788e-06,1.0023815431e-08,1.56679140314e-10,
991.0,0.00852907756608,9.14548133975e-06,9.8029253734e-09,6.19311607906e-10,
992.0,0.00842781559717,9.03687888336e-06,9.99115331661e-09,7.27470136396e-11,
993.0,0.00832775588248,8.9295893029e-06,9.33910628946e-09,8.91065813685e-10,
994.0,0.00822888411447,8.8239183604e-06,9.5155124255e-09,4.31051120299e-11,
995.0,0.00813118621915,8.71879290446e-06,9.58367079078e-09,4.52077456042e-10,
996.0,0.00803464824075,8.61466819942e-06,9.3375673786e-09,9.81202657233e-11,
997.0,0.00793925642168,8.51246895781e-06,9.0934715904e-09,2.07656774698e-10,
998.0,0.00784499713442,8.41167378606e-06,8.57635289458e-09,3.84541198084e-10,
999.0,0.00775185695642,8.31146775789e-06,8.88828009443e-09,4.20093178223e-10,
