Coordinates:
0.0,0.714285714286,1.42857142857,2.14285714286,2.85714285714,3.57142857143,4.28571428571,5.0,5.71428571429,6.42857142857,7.14285714286,7.85714285714,8.57142857143,9.28571428571,10.0,
Volumes:
0.357142857143,0.714285714286,0.714285714286,0.714285714286,0.714285714286,0.714285714286,0.714285714286,0.714285714286,0.714285714286,0.714285714286,0.714285714286,0.714285714286,0.714285714286,0.714285714286,0.357142857143,

 Time(s), Displacement (m) on vertices
0.0,0.0,0.0,0.0,0.0,0.0,0.0,0.0,0.0,0.0,0.0,0.0,0.0,0.0,0.0,0.0,
1.0,6.05407228815e-19,-9.64748527163e-06,-1.93143807123e-05,-2.89311013886e-05,-3.86581123107e-05,-4.81502006815e-05,-5.81392672762e-05,-6.7078581094e-05,-7.82344993542e-05,-8.4710307582e-05,-0.00010106746981,-9.65617079852e-05,-0.000136104689216,-8.26457794634e-05,-0.000225545511311,
2.0,-2.28059426624e-19,-9.66405220654e-06,-1.92739780328e-05,-2.90127124502e-05,-3.85013168851e-05,-4.84445830919e-05,-5.75971152908e-05,-6.80546371646e-05,-7.65302063004e-05,-8.75557225026e-05,-9.66496410808e-05,-0.000102532555371,-0.000130585349,-7.93355835176e-05,-0.000264127300811,
3.0,4.9952269024e-19,-9.64658575371e-06,-1.93123733366e-05,-2.894700347e-05,-3.86015611466e-05,-4.83079054301e-05,-5.77514950043e-05,-6.79551109544e-05,-7.63857502147e-05,-8.83468988009e-05,-9.4507863138e-05,-0.000106877082044,-0.000124263457321,-8.14359674402e-05,-0.00029447788198,
4.0,2.9307720031e-19,-9.64444529195e-06,-1.9320302772e-05,-2.89247580874e-05,-3.86536223937e-05,-4.82020368942e-05,-5.7940309117e-05,-6.76677518631e-05,-7.6718483011e-05,-8.82147623529e-05,-9.37928328649e-05,-0.000109632346569,-0.000118482347239,-8.61099886377e-05,-0.000320109435559,
5.0,5.02330468683e-19,-9.64971973209e-06,-1.93105887453e-05,-2.89356831129e-05,-3.86506218394e-05,-4.81763479768e-05,-5.80334091891e-05,-6.74514280795e-05,-7.71001200601e-05,-8.77497705914e-05,-9.38745908215e-05,-0.00011116663077,-0.00011356221031,-9.21495496033e-05,-0.000342660838702,
6.0,-2.75178378786e-19,-9.65423588528e-06,-1.93003060465e-05,-2.89532827646e-05,-3.862662254e-05,-4.81971720238e-05,-5.80449297066e-05,-6.73460310533e-05,-7.73898361595e-05,-8.72311795592e-05,-9.43607169142e-05,-0.000111822274975,-0.00010952217398,-9.89660072065e-05,-0.000363016795448,
7.0,4.33625380739e-19,-9.65569126671e-06,-1.9295524836e-05,-2.89650486288e-05,-3.86035306266e-05,-4.82322698469e-05,-5.80118904426e-05,-6.73281157919e-05,-7.75618757804e-05,-8.67791096895e-05,-9.50188306351e-05,-0.000111862581269,-0.000106293602111,-0.000106241110078,-0.000381710542799,
8.0,1.31521182689e-19,-9.65482142934e-06,-1.9295794292e-05,-2.89689272878e-05,-3.85893609052e-05,-4.82638036341e-05,-5.79633762583e-05,-6.73641578545e-05,-7.76317310939e-05,-8.64356304367e-05,-9.57148657062e-05,-0.000111480616913,-0.000103787811858,-0.000113788935837,-0.00039909071601,
9.0,-4.73265787548e-19,-9.65301244607e-06,-1.92987421577e-05,-2.89671297186e-05,-3.85844827958e-05,-4.82849513546e-05,-5.7916724304e-05,-6.74263148781e-05,-7.76258849479e-05,-8.62059181313e-05,-9.63738341916e-05,-0.000110816434692,-0.000101918093972,-0.000121494501915,-0.000415399447921,
10.0,3.38939886522e-20,-9.65130041463e-06,-1.9302258827e-05,-2.89625789616e-05,-3.85863605821e-05,-4.82950209436e-05,-5.78802436467e-05,-6.74952983735e-05,-7.75701549921e-05,-8.60788758623e-05,-9.69561337629e-05,-0.000109971731555,-0.000100606365139,-0.000129283655297,-0.000430812798897,
11.0,-2.42507617743e-19,-9.65018687513e-06,-1.93050946188e-05,-2.89575303972e-05,-3.85920151724e-05,-4.82960454577e-05,-5.7856535621e-05,-6.75592815257e-05,-7.74858518485e-05,-8.60373593528e-05,-9.74433508638e-05,-0.000109020671145,-9.97844551976e-05,-0.000137107078221,-0.000445463453967,
12.0,-3.44016082909e-19,-9.64976612573e-06,-1.93067714159e-05,-2.89533081613e-05,-3.85990124537e-05,-4.82908592249e-05,-5.78450307192e-05,-6.76119612264e-05,-7.73891145633e-05,-8.60631342383e-05,-9.78297021484e-05,-0.000108017570537,-9.93935495772e-05,-0.000144931231691,-0.000459454316163,
13.0,-1.8938474265e-19,-9.64990782715e-06,-1.93073085765e-05,-2.89504714278e-05,-3.86057042902e-05,-4.82821563426e-05,-5.78436536455e-05,-6.76507762635e-05,-7.72914316212e-05,-8.6139155215e-05,-9.81168248598e-05,-0.000107002322401,-9.93830803502e-05,-0.000152732957071,-0.000472867082562,
14.0,6.41111188145e-20,-9.65040053515e-06,-1.93069700614e-05,-2.89490768716e-05,-3.86111540456e-05,-4.82721115881e-05,-5.78498228936e-05,-6.76755278665e-05,-7.72005049248e-05,-8.62504883024e-05,-9.83105777408e-05,-0.000106004238325,-9.97095460591e-05,-0.000160496120411,-0.000485767890513,
15.0,-4.63969834381e-19,-9.65103865635e-06,-1.93060904269e-05,-2.89489076278e-05,-3.86149634863e-05,-4.82622937929e-05,-5.78610030164e-05,-6.76873951021e-05,-7.71211172862e-05,-8.63845564742e-05,-9.84190658759e-05,-0.000105044798196,-0.000100335429594,-0.000168209452675,-0.000498211169365,
16.0,1.13558442403e-19,-9.65166329803e-06,-1.93049765801e-05,-2.89496353731e-05,-3.86170963283e-05,-4.82537157433e-05,-5.78749762697e-05,-6.76882676225e-05,-7.70558831449e-05,-8.65310610338e-05,-9.84514209644e-05,-0.000104139637842,-0.000101228261928,-0.000175865118373,-0.000510242348189,
17.0,-8.05833933968e-19,-9.65217318017e-06,-1.93038644605e-05,-2.89509202142e-05,-3.86177328867e-05,-4.82469363693e-05,-5.78899474232e-05,-6.76803125206e-05,-7.7005855101e-05,-8.66817611371e-05,-9.8417053537e-05,-0.000103300001265,-0.000102359832705,-0.000183457743081,-0.000521899808769,
18.0,2.39016225076e-19,-9.65251932327e-06,-1.93029095424e-05,-2.8952464001e-05,-3.86171628273e-05,-4.82421725193e-05,-5.7904555109e-05,-6.76657057608e-05,-7.69709953627e-05,-8.68302049625e-05,-9.83252026828e-05,-0.000102533812521,-0.000103705532253,-0.000190983738524,-0.000533216325912,
19.0,2.61130838204e-21,-9.65269287674e-06,-1.93021951913e-05,-2.89540327322e-05,-3.86157120692e-05,-4.82394007304e-05,-5.79178350362e-05,-6.7646475598e-05,-7.69505331542e-05,-8.69714589463e-05,-9.81846745193e-05,-0.000101846474289,-0.000105243805437,-0.000198440825617,-0.000544220150328,
20.0,-2.12474470948e-19,-9.65271169051e-06,-1.93017483678e-05,-2.89554603929e-05,-3.86136966815e-05,-4.8238441535e-05,-5.79291622161e-05,-6.76244200962e-05,-7.69432306408e-05,-8.71018568518e-05,-9.80037004601e-05,-0.000101241468037,-0.000106955698503,-0.000205827692,-0.000554935836859,
21.0,-3.48452079585e-19,-9.65260843971e-06,-1.930155662e-05,-2.89566428005e-05,-3.86113965606e-05,-4.82390251292e-05,-5.79381875908e-05,-6.76010723846e-05,-7.69475776203e-05,-8.72187772565e-05,-9.77898713716e-05,-0.000100720808583,-0.000108824482375,-0.000213143742821,-0.000565384887512,
22.0,-3.90846928778e-19,-9.65242141625e-06,-1.9301583265e-05,-2.89575269798e-05,-3.86090428412e-05,-4.82408400162e-05,-5.79447773535e-05,-6.75776956508e-05,-7.69619317334e-05,-8.73204514289e-05,-9.75501192715e-05,-0.000100285390772,-0.000110835338551,-0.000220388917231,-0.000575586257491,
23.0,1.40943677436e-19,-9.65218813331e-06,-1.93017794982e-05,-2.89580993899e-05,-3.86068143377e-05,-4.82435673297e-05,-5.79489589624e-05,-6.75552957606e-05,-7.69846175554e-05,-8.74058002781e-05,-9.72907281744e-05,-9.99352555717e-05,-0.000112975096209,-0.000227563551844,-0.000585556758321,
24.0,4.77969200285e-19,-9.65194138117e-06,-1.93020932697e-05,-2.8958374776e-05,-3.86048395922e-05,-4.8246903758e-05,-5.79508752718e-05,-6.75346436098e-05,-7.70139949345e-05,-8.74742975472e-05,-9.70173622556e-05,-9.96697953336e-05,-0.000115232011297,-0.000234668278306,-0.000595311382462,
25.0,3.97488538421e-20,-9.65170722374e-06,-1.93024752348e-05,-2.89583865415e-05,-3.86032020796e-05,-4.82505757252e-05,-5.7950746917e-05,-6.75163019986e-05,-7.70485045693e-05,-8.75258560029e-05,-9.67351035328e-05,-9.94879129409e-05,-0.000117595580101,-0.000241703945821,-0.0006048635674,
26.0,-2.47178532667e-19,-9.65150439374e-06,-1.93028823366e-05,-2.89581789058e-05,-3.86019469484e-05,-4.82543471057e-05,-5.79488422887e-05,-6.75006538525e-05,-7.70866968363e-05,-8.75607333216e-05,-9.64484941732e-05,-9.93881455857e-05,-0.00012005638126,-0.000248671562225,-0.00061422541237,
27.0,-3.83265901692e-19,-9.65134461609e-06,-1.93032795839e-05,-2.89578008496e-05,-3.86010881971e-05,-4.82580223156e-05,-5.79454541954e-05,-6.74879297666e-05,-7.7127248468e-05,-8.75794546593e-05,-9.61615801952e-05,-9.93687613798e-05,-0.00012260594132,-0.000255572248928,-0.000623407857771,
28.0,6.08164179986e-19,-9.65123348076e-06,-1.93036405507e-05,-2.8957301658e-05,-3.8600615627e-05,-4.82614462254e-05,-5.7940882177e-05,-6.74782337647e-05,-7.71689704893e-05,-8.75827492079e-05,-9.58779546196e-05,-9.9427834894e-05,-0.000125236619856,-0.000262407206314,-0.00063242083479,
29.0,-8.46281813452e-19,-9.65117158207e-06,-1.93039470285e-05,-2.89567278172e-05,-3.86005011836e-05,-4.82645019941e-05,-5.79354194895e-05,-6.74715666803e-05,-7.72108099827e-05,-8.75714984077e-05,-9.56007988672e-05,-9.95633063065e-05,-0.000127941510926,-0.000269177687116,-0.000641273391081,
