Coordinates:
0.0,0.714285714286,1.42857142857,2.14285714286,2.85714285714,3.57142857143,4.28571428571,5.0,5.71428571429,6.42857142857,7.14285714286,7.85714285714,8.57142857143,9.28571428571,10.0,
Volumes:
0.357142857143,0.714285714286,0.714285714286,0.714285714286,0.714285714286,0.714285714286,0.714285714286,0.714285714286,0.714285714286,0.714285714286,0.714285714286,0.714285714286,0.714285714286,0.714285714286,0.357142857143,

 Time(s), Error (-) on vertices
1.0,0.0,102678.967472,597.718467071,20.4939521502,0.976306677531,0.0528533089673,0.00306258336222,0.000185066133438,1.15046947825e-05,7.29888054498e-07,4.70293613866e-08,3.08134565347e-09,1.98142260119e-10,
2.0,6839.0871051,238.314430875,11.4406172905,0.622095261854,0.0361500854725,0.00218879752016,0.000136263709231,8.65456630296e-06,5.58011548683e-07,3.63951060963e-08,2.41251762963e-09,3.41452669711e-10,
3.0,3602.67374415,91.1761488713,3.54249248946,0.165564418494,0.00858712323204,0.000475974081756,2.76166370259e-05,1.65627635611e-06,1.01824346815e-07,6.39371919342e-09,4.17137398401e-10,
4.0,1062.59795458,20.8544468684,0.667809034221,0.0267742514804,0.00122606198052,6.13155799003e-05,3.26442111502e-06,1.8206940324e-07,1.05301004338e-08,6.25410416579e-10,
5.0,410.199857413,6.56660297014,0.178210110414,0.00621933924521,0.000252958998902,1.14159518489e-05,5.55621053389e-07,2.86399831793e-08,1.5433399976e-09,8.89665886621e-11,
6.0,191.071095904,2.583269286,0.0607904316049,0.00187639015201,6.85072188119e-05,2.80925264854e-06,1.25446375816e-07,5.98471405206e-09,3.01550014922e-10,
7.0,102.238690036,1.19694466687,0.0248467185948,0.000687754424622,2.27622280498e-05,8.54854020237e-07,3.5232567505e-08,1.56087147702e-09,7.27866745976e-11,
8.0,60.8316549335,0.628446068196,0.0116557200795,0.000292754183012,8.85573247711e-06,3.06716595743e-07,1.17375081349e-08,4.84784590976e-10,
9.0,39.3399598778,0.363962652246,0.00608980993482,0.000140186627367,3.90417746383e-06,1.2537782304e-07,4.47993290308e-09,1.74005947846e-10,
10.0,27.1960930203,0.227975743396,0.00346811458168,7.37546985274e-05,1.90476069365e-06,5.69436125223e-08,1.90869033599e-09,6.94916860452e-11,
11.0,19.8486578427,0.152146306782,0.00211919442087,4.18663999538e-05,1.01020328458e-06,2.82103282964e-08,8.89522614315e-10,
12.0,15.148032257,0.10692609684,0.00137335321811,2.52802567884e-05,5.74216152977e-07,1.503758008e-08,4.46881834662e-10,
13.0,11.9989048837,0.0783954673746,0.000935638924686,1.60612079948e-05,3.45704036576e-07,8.53525203473e-09,2.39243146761e-10,
14.0,9.80658200401,0.0595121660001,0.000665492632465,1.06479452576e-05,2.18235586943e-07,5.11291922514e-09,1.35397044477e-10,
15.0,8.23030657841,0.0464919227544,0.000491347245414,7.32189938995e-06,1.43243733937e-07,3.20827476036e-09,8.02458023085e-11,
16.0,7.06559100099,0.0371933164868,0.000374675414603,5.19992599592e-06,9.70949408828e-08,2.09220375654e-09,4.9811099335e-11,
17.0,6.1847124192,0.0303489216112,0.000293740198349,3.80264381533e-06,6.76100323576e-08,1.40910975214e-09,3.19934494402e-11,
18.0,5.50506039392,0.0251784076764,0.000235782224499,2.85716077696e-06,4.81808044657e-08,9.73898009651e-10,
19.0,4.97153947883,0.0211842250668,0.000193054184098,2.20163337789e-06,3.50490877003e-08,6.87963491538e-10,
20.0,4.54639723693,0.0180390481277,0.000160710908987,1.73670039428e-06,2.59883638864e-08,4.94844106446e-10,
21.0,4.20313746993,0.0155213982241,0.000135640458327,1.39959317325e-06,1.96271650762e-08,3.61102744472e-10,
22.0,3.92276351028,0.0134775667295,0.000115794017411,1.149745357e-06,1.50954221559e-08,2.66893411361e-10,
23.0,3.69139414367,0.0117984008952,9.97905614994e-05,9.604685392e-07,1.18227586912e-08,2.00015929537e-10,
24.0,3.49871205654,0.0104047556655,8.66778266271e-05,8.13947321067e-07,9.42972046429e-09,1.51515383893e-10,
25.0,3.33693075548,0.0092381435205,7.57846301132e-05,6.98145110492e-07,7.65601607106e-09,1.16509389837e-10,
26.0,3.20009225542,0.00825458405086,6.66278056318e-05,6.04830982651e-07,6.32320942622e-09,9.00881031159e-11,
27.0,3.08358049749,0.0074204706358,5.88524584537e-05,5.28306912747e-07,5.30499921448e-09,7.09069835536e-11,
28.0,2.98377834769,0.00670973709629,5.21929067811e-05,4.6457243315e-07,4.51351120769e-09,5.65228440897e-11,
29.0,2.8978219547,0.00610187960634,4.64466899741e-05,4.10773741438e-07,3.88705941335e-09,4.6043099858e-11,
30.0,2.82342226786,0.00558055235434,4.14569696409e-05,3.64843212773e-07,3.38273142566e-09,3.74697144978e-11,
31.0,2.75873362223,0.00513255544257,3.71004080224e-05,3.25251734553e-07,2.96857332565e-09,3.13739048429e-11,
32.0,2.70225579347,0.00474709585624,3.3278673061e-05,2.90850625677e-07,2.6230775998e-09,2.65071554684e-11,
33.0,2.65276017601,0.00441524201539,2.99123902854e-05,2.60759068379e-07,2.33057585457e-09,2.30911561912e-11,
34.0,2.60923356536,0.0041295178884,2.69367691581e-05,2.34289381689e-07,2.08008601885e-09,1.99579506051e-11,
35.0,2.57083493558,0.00388359930647,2.429838791e-05,2.10896896274e-07,1.86342643697e-09,1.69944826499e-11,
36.0,2.53686191212,0.00367208601038,2.19528003225e-05,1.90141612792e-07,1.67366166795e-09,1.57060914975e-11,
37.0,2.50672454998,0.00349033014255,1.98627251027e-05,1.71664644834e-07,1.50741371913e-09,1.34127682274e-11,
38.0,2.47992466699,0.00333430683595,1.79966639096e-05,1.5516848723e-07,1.35968565333e-09,1.21744928467e-11,
39.0,2.45603943741,0.00320051591327,1.63278266639e-05,1.40405813024e-07,1.22849625602e-09,1.09659549105e-11,
40.0,2.43470827939,0.00308590627986,1.48332965414e-05,1.27164899667e-07,1.11178699652e-09,9.81893550059e-12,
41.0,2.41562230764,0.00298781651908,1.349336315e-05,1.15267917289e-07,1.00689289031e-09,8.7387218122e-12,
42.0,2.39851579839,0.00290392688282,1.22909925009e-05,1.04560878013e-07,9.12344721491e-10,
43.0,2.38315924307,0.00283221916273,1.12113961814e-05,9.49104050092e-08,8.27867599359e-10,
44.0,2.36935366417,0.00277094206417,1.02416856816e-05,8.6202271856e-08,7.51872708565e-10,
45.0,2.35692593983,0.0027185805134,9.37058560922e-06,7.83350824014e-08,6.83156221806e-10,
46.0,2.34572493909,0.00267382802639,8.58819488851e-06,7.12204666293e-08,6.20837349812e-10,
47.0,2.33561831202,0.00263556156247,7.88578585689e-06,6.4780867045e-08,5.64547104602e-10,
48.0,2.32648981168,0.00260281866585,7.25563965719e-06,5.89486810049e-08,5.13369662171e-10,
49.0,2.31823705,0.00257477672976,6.69090460927e-06,5.36609787531e-08,4.6756179024e-10,
50.0,2.31076960931,0.00255073433001,6.18547130985e-06,4.88659228741e-08,4.25430417287e-10,
51.0,2.30400744673,0.00253009456778,5.73386628714e-06,4.45132485888e-08,3.87665577817e-10,
52.0,2.29787954075,0.00251235027697,5.33116298125e-06,4.05618861601e-08,3.53354863786e-10,
53.0,2.29232273883,0.00249707108219,4.97290310127e-06,3.69731613097e-08,3.21362575044e-10,
54.0,2.28728077261,0.00248389206042,4.6550216991e-06,3.37112323719e-08,2.93297759236e-10,
55.0,2.28270341339,0.00247250395574,4.37379958698e-06,3.07476409848e-08,2.66694069822e-10,
56.0,2.27854574542,0.00246264474762,4.12580701147e-06,2.80527939916e-08,2.43287514615e-10,
57.0,2.27476753847,0.0024540924147,3.907865257e-06,2.56017700095e-08,2.21808022306e-10,
58.0,2.27133270452,0.00244665877032,3.71702359746e-06,2.337294925e-08,2.0231651026e-10,
59.0,2.26820882567,0.00244018421906,3.55052696527e-06,2.13452899509e-08,1.85065383943e-10,
60.0,2.26536674289,0.00243453331252,3.40581063833e-06,1.95022330304e-08,1.68654872436e-10,
61.0,2.26278019665,0.00242959097923,3.28049357878e-06,1.78265724365e-08,1.53542786142e-10,
62.0,2.26042551212,0.0024252593791,3.172361794e-06,1.63015445315e-08,1.40470752065e-10,
63.0,2.25828132259,0.00242145518283,3.07937710518e-06,1.49155034596e-08,1.2842219094e-10,
64.0,2.25632832599,0.0024181073441,2.99967967889e-06,1.36559663543e-08,1.16462849625e-10,
65.0,2.25454906993,0.00241515520127,2.93156851771e-06,1.25118417439e-08,1.06291646753e-10,
66.0,2.25292776155,0.00241254685589,2.87351802235e-06,1.1472735108e-08,9.6697604449e-11,
67.0,2.25145009897,0.00241023785338,2.82416213245e-06,1.05304850981e-08,8.83090199052e-11,
68.0,2.25010312149,0.0024081900325,2.78228489213e-06,9.67620342035e-09,8.05783277043e-11,
69.0,2.24887507637,0.00240637058461,2.74681656455e-06,8.90329078133e-09,7.38832128357e-11,
70.0,2.24775529992,0.00240475123287,2.71682685148e-06,8.20217094139e-09,6.72635692657e-11,
71.0,2.24673411137,0.00240330757541,2.69150019221e-06,7.57024777226e-09,6.16062762937e-11,
72.0,2.2458027179,0.00240201849934,2.67012875965e-06,7.00067909846e-09,5.66521281674e-11,
73.0,2.24495312952,0.0024008657012,2.65211627979e-06,6.48707278888e-09,5.19652661409e-11,
74.0,2.24417808275,0.0023998332867,2.63693945397e-06,6.02767448685e-09,4.74747697618e-11,
75.0,2.24347097199,0.00239890741442,2.62416221499e-06,5.61465748834e-09,4.35065911905e-11,
76.0,2.24282578782,0.00239807601729,2.61340544167e-06,5.24680765662e-09,3.89143441761e-11,
77.0,2.2422370614,0.0023973285406,2.60434852835e-06,4.91810721662e-09,3.6080156856e-11,
78.0,2.24169981439,0.00239665574292,2.59672442749e-06,4.6258041962e-09,3.30607064288e-11,
79.0,2.24120951369,0.00239604950193,2.59030630612e-06,4.36926741558e-09,3.05093048891e-11,
80.0,2.24076203061,0.00239550269002,2.58489789977e-06,4.14382994426e-09,2.7023236506e-11,
81.0,2.24035360392,0.0023950090095,2.58034646674e-06,3.94150736386e-09,2.47290454194e-11,
82.0,2.23998080643,0.00239456290725,2.57650317126e-06,3.76864718241e-09,2.23603318323e-11,
83.0,2.23964051472,0.00239415945692,2.57326904948e-06,3.618155145e-09,2.04669139689e-11,
84.0,2.23932988172,0.00239379431483,2.57053052698e-06,3.48617391996e-09,1.99858421237e-11,
85.0,2.23904631183,0.00239346359462,2.56822467015e-06,3.37237178134e-09,1.68396406276e-11,
86.0,2.23878743837,0.0023931638652,2.56626917102e-06,3.27546265889e-09,1.55364357083e-11,
87.0,2.23855110311,0.00239289204571,2.56462049916e-06,3.19066089298e-09,1.40042402809e-11,
88.0,2.23833533764,0.00239264540739,2.56322228402e-06,3.11788320186e-09,1.28449536931e-11,
89.0,2.23813834648,0.00239242149484,2.56203224233e-06,3.0594499715e-09,1.17029176167e-11,
90.0,2.23795849175,0.00239221811494,2.56102596978e-06,3.00930120752e-09,1.05456020505e-11,
91.0,2.23779427915,0.00239203330434,2.56016650462e-06,2.9638879564e-09,1.04219034686e-11,
92.0,2.23764434529,0.00239186529898,2.55943679069e-06,2.92502367087e-09,1.12068312412e-11,
93.0,2.2375074461,0.00239171251083,2.55881525073e-06,2.89548941842e-09,8.52287287127e-12,
94.0,2.23738244631,0.0023915735112,2.55828664797e-06,2.86824169589e-09,7.86628157934e-12,
95.0,2.2372683099,0.00239144702399,2.55783106278e-06,2.8460306987e-09,7.44533261934e-12,
96.0,2.23716409131,0.00239133187707,2.55744049867e-06,2.83059265554e-09,5.87307264922e-12,
97.0,2.23706892752,0.00239122703666,2.55710897102e-06,2.81117326876e-09,6.12569056851e-12,
98.0,2.23698203084,0.00239113154991,2.55681934139e-06,2.79603578954e-09,7.5586647358e-12,
99.0,2.23690268224,0.00239104456081,2.55657064027e-06,2.78851941523e-09,5.85234612202e-12,
100.0,2.23683022537,0.00239096530096,2.55635818721e-06,2.78104232804e-09,3.88393793268e-12,
101.0,2.23676406108,0.00239089306584,2.55617722028e-06,2.76895257665e-09,3.62512349194e-12,
102.0,2.23670364239,0.00239082722602,2.55601085791e-06,2.76712159579e-09,4.40601070688e-12,
103.0,2.23664846996,0.00239076720255,2.55587282219e-06,2.76030593466e-09,4.20937982237e-12,
104.0,2.23659808792,0.00239071247455,2.55575344463e-06,2.75544832325e-09,5.36984782177e-12,
105.0,2.23655208005,0.00239066256145,2.55565081317e-06,2.75068953749e-09,2.81029389109e-12,
106.0,2.23651006634,0.00239061704582,2.55555678068e-06,2.74538832697e-09,6.68219542215e-12,
107.0,2.23647169986,0.00239057552813,2.55547648972e-06,2.74253404703e-09,4.04989672769e-12,
108.0,2.23643666382,0.00239053765004,2.5554070412e-06,2.74419089608e-09,3.35990448128e-12,
109.0,2.23640466898,0.00239050310041,2.55534548797e-06,2.73656668253e-09,6.6130434262e-12,
110.0,2.23637545124,0.00239047157284,2.55528712529e-06,2.74385865528e-09,1.90968398133e-12,
111.0,2.23634876947,0.00239044280603,2.55524350435e-06,2.73517013395e-09,4.48631516656e-12,
112.0,2.23632440347,0.00239041655876,2.55519839165e-06,2.73525740641e-09,7.1915491001e-12,
113.0,2.23630215218,0.00239039260377,2.55516127265e-06,2.73538886914e-09,5.71530387051e-12,
114.0,2.23628183202,0.00239037073679,2.55513139611e-06,2.73310359481e-09,3.12121513871e-12,
115.0,2.23626327535,0.00239035078292,2.55510155872e-06,2.73013172984e-09,7.1189235634e-12,
116.0,2.23624632907,0.00239033257204,2.5550712979e-06,2.73429680425e-09,5.47245370935e-12,
117.0,2.23623085341,0.00239031594855,2.55504849389e-06,2.73195363973e-09,2.23673841765e-12,
118.0,2.23621672071,0.00239030077542,2.5550202193e-06,2.73729225772e-09,1.27184575285e-12,
119.0,2.23620381441,0.00239028692229,2.55500557741e-06,2.73314848828e-09,4.94429814336e-12,
120.0,2.23619202808,0.00239027427397,2.55498732204e-06,2.73339634279e-09,5.08358005575e-12,
121.0,2.2361812645,0.00239026272962,2.55497196432e-06,2.73728411955e-09,2.31548500427e-12,
122.0,2.23617143491,0.00239025218825,2.55496307341e-06,2.72739289862e-09,6.13688910849e-12,
123.0,2.23616245827,0.00239024256138,2.55495362782e-06,2.72728723252e-09,6.68592195472e-12,
124.0,2.23615426054,0.00239023378391,2.55493589698e-06,2.73294938127e-09,1.09306968417e-12,
125.0,2.23614677414,0.00239022575178,2.55493441353e-06,2.73039879962e-09,3.93770401139e-12,
126.0,2.23613993733,0.00239021843235,2.5549203495e-06,2.72904019063e-09,4.87094924437e-12,
127.0,2.23613369374,0.00239021174545,2.55491065463e-06,2.73220608375e-09,4.10265039182e-12,
128.0,2.2361279919,0.00239020563707,2.55490639548e-06,2.72820002178e-09,3.02281583786e-12,
129.0,2.23612278479,0.00239020006522,2.5548973423e-06,2.72990174675e-09,1.68119921035e-12,
130.0,2.23611802949,0.00239019497245,2.55489015286e-06,2.72744673916e-09,7.992909415e-12,
131.0,2.2361136868,0.00239019032453,2.55488535567e-06,2.73650877303e-09,2.19349016938e-12,
132.0,2.2361097209,0.00239018607559,2.55488361953e-06,2.73181903665e-09,7.79201273892e-13,
133.0,2.2361060991,0.00239018221002,2.55487258639e-06,2.73204943186e-09,4.52320019026e-12,
134.0,2.23610279156,0.00239017866251,2.55487969584e-06,2.72649498644e-09,1.30956714499e-12,
135.0,2.23609977099,0.00239017543259,2.55486794682e-06,2.7323956431e-09,1.479782936e-12,
136.0,2.2360970125,0.00239017247619,2.55486813476e-06,2.72682387904e-09,8.02397350678e-12,
137.0,2.23609449334,0.0023901697846,2.55486319198e-06,2.73334202672e-09,1.29938880628e-12,
138.0,2.23609219276,0.00239016733044,2.55485905108e-06,2.73001072911e-09,3.71292342623e-12,
139.0,2.23609009179,0.00239016507765,2.55485915204e-06,2.73167561424e-09,5.49386176991e-13,
140.0,2.2360881731,0.00239016302405,2.55485358543e-06,2.73640831479e-09,4.452045788e-13,
141.0,2.23608642089,0.00239016115343,2.55485433521e-06,2.73190969779e-09,4.02819276628e-12,
142.0,2.2360848207,0.00239015943862,2.55485184062e-06,2.72945439369e-09,2.31716521358e-12,
143.0,2.23608335935,0.00239015788034,2.55484736164e-06,2.73536227552e-09,1.15308156087e-12,
144.0,2.2360820248,0.00239015645653,2.55484446477e-06,2.73224777677e-09,3.37895016729e-12,
145.0,2.23608080603,0.00239015515035,2.55483942152e-06,2.73849565911e-09,9.27951936383e-13,
146.0,2.236079693,0.00239015395961,2.55484671262e-06,2.73007249462e-09,1.39210110272e-12,
147.0,2.23607867654,0.00239015287062,2.55484404822e-06,2.7288551688e-09,6.28965442198e-12,
148.0,2.23607774828,0.00239015188137,2.55484376876e-06,2.73105657281e-09,2.72343842774e-12,
149.0,2.23607690055,0.00239015097332,2.55484611153e-06,2.72857844899e-09,3.61291867774e-12,
150.0,2.23607612637,0.0023901501463,2.55484254674e-06,2.72949008038e-09,2.52422145618e-12,
151.0,2.23607541936,0.00239014938925,2.55483762187e-06,2.733175097e-09,5.30206951848e-12,
152.0,2.2360747737,0.00239014870029,2.55484263605e-06,2.72701072875e-09,2.0666396492e-12,
153.0,2.23607418405,0.0023901480715,2.55483565881e-06,2.73352799706e-09,1.6694543734e-12,
154.0,2.23607364556,0.00239014749403,2.55483427887e-06,2.73725821789e-09,7.53392042331e-13,
155.0,2.23607315379,0.00239014696679,2.554836015e-06,2.72822121493e-09,6.28492747706e-12,
156.0,2.23607270469,0.00239014648851,2.55483956904e-06,2.72645109198e-09,9.90683512297e-13,
157.0,2.23607229455,0.00239014605028,2.55483983965e-06,2.73011263086e-09,6.20571399734e-12,
158.0,2.23607192,0.00239014564666,2.5548320776e-06,2.7345374318e-09,2.25497508904e-12,
159.0,2.23607157794,0.00239014527809,2.55483829277e-06,2.7273413712e-09,6.30427073937e-12,
160.0,2.23607126556,0.00239014495141,2.55483301835e-06,2.73217873979e-09,1.78169715578e-12,
161.0,2.23607098029,0.00239014464393,2.55483148203e-06,2.73142280942e-09,1.24723939224e-12,
162.0,2.23607071976,0.00239014435671,2.55483930304e-06,2.73114348658e-09,7.42344107266e-13,
163.0,2.23607048184,0.00239014411521,2.55482836243e-06,2.72996066398e-09,7.59238902858e-12,
164.0,2.23607026456,0.00239014387424,2.55483594414e-06,2.731244703e-09,7.20202804425e-12,
165.0,2.23607006613,0.00239014366549,2.55483297411e-06,2.73081190982e-09,4.62574400371e-13,
166.0,2.23606988492,0.00239014347556,2.55483366751e-06,2.73202724622e-09,4.32829294647e-12,
167.0,2.23606971943,0.00239014329986,2.5548303039e-06,2.73300934091e-09,3.30201219499e-12,
168.0,2.2360695683,0.00239014313274,2.55482918891e-06,2.73182765036e-09,2.95430027835e-12,
169.0,2.23606943028,0.00239014298942,2.55482619658e-06,2.73098046905e-09,1.37495856425e-12,
170.0,2.23606930423,0.00239014284597,2.55483917797e-06,2.72942631651e-09,2.64223525343e-12,
171.0,2.23606918913,0.00239014272782,2.55483363866e-06,2.72541681622e-09,4.74826128934e-12,
172.0,2.236069084,0.00239014262415,2.55483216513e-06,2.7307939786e-09,1.10463488095e-11,
173.0,2.236068988,0.00239014251827,2.55483187202e-06,2.72858310788e-09,9.19048833259e-12,
174.0,2.23606890033,0.002390142428,2.55482196289e-06,2.74021449851e-09,1.60834643201e-12,
175.0,2.23606882026,0.00239014233061,2.55483548325e-06,2.72892433357e-09,7.48980147441e-12,
176.0,2.23606874714,0.00239014225786,2.55483738544e-06,2.72563202793e-09,5.77995966442e-12,
177.0,2.23606868037,0.00239014218408,2.55484106854e-06,2.71884021347e-09,7.67466678166e-12,
178.0,2.23606861939,0.00239014212129,2.55482975251e-06,2.73195712849e-09,6.5318709909e-13,
179.0,2.2360685637,0.00239014206274,2.55482731605e-06,2.72953372555e-09,4.34973782385e-12,
180.0,2.23606851284,0.0023901420008,2.55482977728e-06,2.73147945919e-09,1.18403624025e-12,
181.0,2.23606846639,0.00239014195435,2.55483420702e-06,2.73062193795e-09,1.65995702679e-12,
182.0,2.23606842397,0.0023901419115,2.55483078857e-06,2.72412587351e-09,4.21383408841e-12,
183.0,2.23606838524,0.00239014186899,2.55483493046e-06,2.73558860423e-09,1.77152326944e-12,
184.0,2.23606834986,0.00239014183687,2.554829582e-06,2.7321557348e-09,3.28678261032e-12,
185.0,2.23606831756,0.00239014180269,2.55481990022e-06,2.73743080136e-09,4.66888678738e-12,
186.0,2.23606828805,0.00239014176553,2.55482318029e-06,2.73825277937e-09,2.11067958304e-12,
187.0,2.23606826111,0.00239014173934,2.55483826915e-06,2.72416617777e-09,1.24319547796e-11,
188.0,2.2360682365,0.00239014170616,2.55483436843e-06,2.72936998592e-09,2.09391074813e-12,
189.0,2.23606821403,0.0023901416815,2.55483176098e-06,2.73539461459e-09,1.83892362409e-12,
190.0,2.23606819351,0.00239014166927,2.55483042545e-06,2.72795631486e-09,3.41690747272e-12,
191.0,2.23606817477,0.00239014164819,2.55482134873e-06,2.74508575451e-09,7.24018232901e-13,
192.0,2.23606815765,0.00239014162576,2.55483067477e-06,2.7281498109e-09,4.59893982594e-12,
193.0,2.23606814202,0.00239014160962,2.55483280047e-06,2.72183396291e-09,2.83596584149e-12,
194.0,2.23606812775,0.00239014158791,2.5548344748e-06,2.73654263784e-09,1.57404407574e-12,
195.0,2.23606811471,0.00239014157545,2.55483110181e-06,2.73036385654e-09,7.54557495782e-12,
196.0,2.23606810281,0.00239014157062,2.5548356799e-06,2.724637239e-09,7.09972164172e-12,
197.0,2.23606809194,0.00239014156107,2.55483484072e-06,2.729377591e-09,5.68846529188e-12,
198.0,2.23606808201,0.00239014155296,2.55482611541e-06,2.73337703367e-09,2.34661669792e-12,
199.0,2.23606807294,0.0023901415401,2.55482413516e-06,2.73196128522e-09,5.98519288664e-12,
200.0,2.23606806466,0.00239014152698,2.55482942709e-06,2.73246045068e-09,4.75564913775e-12,
201.0,2.2360680571,0.00239014151456,2.55483194162e-06,2.72648007519e-09,6.73078970737e-12,
202.0,2.23606805019,0.002390141497,2.55484230303e-06,2.731955197e-09,2.47377523219e-12,
203.0,2.23606804389,0.00239014150177,2.55482971978e-06,2.71656426905e-09,2.33002591062e-11,
204.0,2.23606803813,0.00239014149439,2.55482666435e-06,2.73870079633e-09,3.29376588874e-12,
205.0,2.23606803287,0.00239014149638,2.55483445364e-06,2.72956210968e-09,6.19811638324e-12,
206.0,2.23606802806,0.00239014149716,2.55482280023e-06,2.72811970538e-09,4.90871804581e-12,
207.0,2.23606802368,0.00239014149266,2.554814857e-06,2.74424111181e-09,2.10094639288e-12,
208.0,2.23606801967,0.00239014147976,2.55482923558e-06,2.73309766699e-09,5.76010703854e-12,
209.0,2.23606801601,0.00239014147427,2.55483301236e-06,2.7277227345e-09,3.52917809293e-12,
210.0,2.23606801267,0.00239014146946,2.55482182377e-06,2.74268833813e-09,3.22913586942e-12,
211.0,2.23606800962,0.00239014147635,2.55483458498e-06,2.72617815794e-09,3.83169959544e-12,
212.0,2.23606800683,0.00239014146355,2.55483455497e-06,2.72735850967e-09,1.30805955113e-11,
213.0,2.23606800429,0.00239014147092,2.55482404743e-06,2.74380372056e-09,5.2214351651e-12,
214.0,2.23606800196,0.00239014146311,2.55482055924e-06,2.73899043113e-09,7.9749913088e-12,
215.0,2.23606799984,0.00239014145251,2.55483895717e-06,2.7345803673e-09,5.01805253061e-12,
216.0,2.2360679979,0.00239014145788,2.5548294912e-06,2.73015024254e-09,1.02427263691e-11,
217.0,2.23606799613,0.00239014144564,2.55482717372e-06,2.74156219638e-09,3.66039459847e-12,
218.0,2.23606799451,0.00239014144798,2.55482353274e-06,2.74226526196e-09,2.85695797898e-12,
219.0,2.23606799304,0.00239014145492,2.55483672877e-06,2.73177427804e-09,1.30847412766e-11,
220.0,2.23606799169,0.00239014143336,2.55484303041e-06,2.72791143401e-09,1.07365090366e-11,
221.0,2.23606799046,0.00239014145644,2.55483406901e-06,2.73308070254e-09,1.70780033202e-11,
222.0,2.23606798933,0.00239014145082,2.55483346103e-06,2.73443064498e-09,6.75388282733e-12,
223.0,2.23606798831,0.00239014142564,2.55483208171e-06,2.74599556488e-09,3.61367963665e-12,
224.0,2.23606798737,0.00239014144132,2.55482112997e-06,2.7453939042e-09,9.25711308102e-12,
225.0,2.23606798651,0.00239014144191,2.55482002714e-06,2.73091655912e-09,1.51826481972e-11,
226.0,2.23606798573,0.00239014143962,2.5548291558e-06,2.73980372047e-09,3.09262917885e-12,
227.0,2.23606798502,0.00239014144012,2.55483430715e-06,2.72834679432e-09,8.77131060667e-12,
228.0,2.23606798437,0.00239014143803,2.5548244786e-06,2.73223150522e-09,1.26787428521e-11,
229.0,2.23606798377,0.00239014145075,2.5548176906e-06,2.74456855737e-09,1.45394475922e-11,
230.0,2.23606798323,0.00239014144085,2.55481986308e-06,2.74344574402e-09,1.12853873345e-11,
231.0,2.23606798273,0.00239014144096,2.55482817088e-06,2.72450861321e-09,1.91476438396e-11,
232.0,2.23606798227,0.00239014144434,2.55484206538e-06,2.72597356315e-09,1.08534593797e-11,
233.0,2.23606798186,0.00239014142581,2.55483771112e-06,2.72345794392e-09,1.9158062224e-11,
234.0,2.23606798148,0.00239014143763,2.55483501779e-06,2.72117796033e-09,1.25988799851e-11,
235.0,2.23606798114,0.00239014146159,2.55483083628e-06,2.73287752823e-09,1.00942640247e-11,
236.0,2.23606798082,0.00239014142584,2.55483334681e-06,2.74114677177e-09,2.5595708608e-12,
237.0,2.23606798053,0.00239014143424,2.55484495204e-06,2.7014015941e-09,2.77014216311e-11,
238.0,2.23606798027,0.0023901414309,2.55482457205e-06,2.74083907109e-09,4.29277457032e-12,
239.0,2.23606798003,0.00239014143678,2.55482064378e-06,2.72175250141e-09,1.13578348495e-11,
240.0,2.23606797981,0.00239014143829,2.55483602288e-06,2.73038635572e-09,7.20270898123e-12,
241.0,2.23606797961,0.00239014144004,2.55483013995e-06,2.74226478182e-09,3.56216318765e-12,
242.0,2.23606797943,0.00239014143967,2.5548311552e-06,2.72545801848e-09,3.73360901432e-12,
243.0,2.23606797926,0.00239014143289,2.55482275776e-06,2.74246454123e-09,8.22246887277e-12,
244.0,2.23606797911,0.0023901414249,2.55484583931e-06,2.72122380446e-09,1.68759180456e-11,
245.0,2.23606797897,0.00239014142383,2.55482884119e-06,2.73938008727e-09,1.55958040237e-11,
246.0,2.23606797884,0.00239014146284,2.55482919601e-06,2.70384825781e-09,1.77049608862e-11,
247.0,2.23606797872,0.00239014142142,2.55484079753e-06,2.72993722837e-09,2.73186285745e-12,
248.0,2.23606797862,0.00239014144464,2.55482018035e-06,2.73677799798e-09,5.13165162944e-12,
249.0,2.23606797852,0.00239014144285,2.55482800955e-06,2.72133581702e-09,6.13066150501e-12,
250.0,2.23606797843,0.00239014143333,2.55481377873e-06,2.72331271568e-09,4.39227218059e-12,
251.0,2.23606797835,0.00239014143727,2.55482877846e-06,2.72005154346e-09,5.52492636938e-12,
252.0,2.23606797828,0.00239014144634,2.55482690721e-06,2.72671572608e-09,6.76119668517e-12,
253.0,2.23606797821,0.00239014143574,2.5548431792e-06,2.72584712793e-09,8.30885544325e-12,
254.0,2.23606797815,0.0023901414303,2.55483031272e-06,2.73546650721e-09,4.86087509656e-12,
255.0,2.23606797809,0.00239014144239,2.55480177534e-06,2.74448342551e-09,3.59229221018e-12,
256.0,2.23606797804,0.00239014142155,2.55482134286e-06,2.72662136103e-09,9.15417530848e-12,
257.0,2.23606797799,0.00239014142827,2.55483313224e-06,2.72528889179e-09,5.91784909852e-12,
258.0,2.23606797795,0.0023901414608,2.5548180457e-06,2.71749729858e-09,1.18626314623e-11,
259.0,2.23606797791,0.00239014142558,2.55483478079e-06,2.7197452276e-09,7.00213782846e-12,
260.0,2.23606797788,0.00239014143123,2.55483268869e-06,2.72279067485e-09,2.1696114629e-11,
261.0,2.23606797784,0.00239014145268,2.55481211082e-06,2.74721083915e-09,1.65453563881e-11,
262.0,2.23606797781,0.00239014144745,2.55482585782e-06,2.73906457097e-09,6.37891011002e-12,
263.0,2.23606797779,0.00239014145453,2.55482095959e-06,2.72808057247e-09,1.65970143077e-11,
264.0,2.23606797776,0.00239014141967,2.55482457174e-06,2.7225923838e-09,2.55565898788e-11,
265.0,2.23606797774,0.00239014145929,2.55481561425e-06,2.71771518562e-09,2.30959408106e-11,
266.0,2.23606797772,0.00239014142523,2.55482848924e-06,2.76190226062e-09,4.0405113645e-11,
267.0,2.2360679777,0.00239014143483,2.55484560009e-06,2.7259586255e-09,1.09248929276e-11,
268.0,2.23606797768,0.00239014143911,2.55485004585e-06,2.72027589834e-09,2.3117550551e-12,
269.0,2.23606797767,0.00239014141583,2.55482904786e-06,2.73251082016e-09,1.12699787979e-11,
270.0,2.23606797765,0.00239014144946,2.55484229074e-06,2.71146640128e-09,7.81611039815e-12,
271.0,2.23606797764,0.00239014144892,2.55479237407e-06,2.74578197498e-09,9.4205845299e-12,
272.0,2.23606797763,0.00239014143948,2.55483275445e-06,2.74822633005e-09,1.08600811318e-11,
273.0,2.23606797762,0.00239014141059,2.55482189037e-06,2.75771167004e-09,9.31743110358e-12,
274.0,2.23606797761,0.0023901414339,2.55482119626e-06,2.73235640508e-09,2.23844152211e-12,
275.0,2.2360679776,0.00239014143465,2.5548228641e-06,2.72978583083e-09,8.38454438238e-12,
276.0,2.23606797759,0.00239014144589,2.5548261058e-06,2.72661253963e-09,7.58109724112e-12,
277.0,2.23606797758,0.00239014144824,2.55480775187e-06,2.76171196742e-09,2.58379209048e-11,
278.0,2.23606797757,0.00239014144169,2.55482346038e-06,2.71939825822e-09,4.87012304178e-11,
279.0,2.23606797757,0.00239014141866,2.55485303645e-06,2.73515582681e-09,1.17996350097e-11,
280.0,2.23606797756,0.0023901414287,2.55480883031e-06,2.74987672225e-09,1.15003835258e-11,
281.0,2.23606797756,0.00239014143706,2.55483359826e-06,2.72413889668e-09,1.00478013034e-11,
282.0,2.23606797755,0.00239014143265,2.55482608527e-06,2.74055912114e-09,6.62817830552e-12,
283.0,2.23606797755,0.00239014142783,2.55485201711e-06,2.71874500774e-09,1.23108834074e-11,
284.0,2.23606797754,0.00239014141869,2.55485064526e-06,2.72711699206e-09,5.4662201952e-12,
285.0,2.23606797754,0.00239014140575,2.55484057107e-06,2.73500869081e-09,4.81328921734e-12,
286.0,2.23606797754,0.00239014142232,2.55483214341e-06,2.71968244765e-09,2.64470907969e-11,
287.0,2.23606797753,0.00239014145055,2.5548501492e-06,2.71475406805e-09,1.30504534969e-11,
288.0,2.23606797753,0.00239014141637,2.55485703311e-06,2.74039739593e-09,1.49876663871e-11,
289.0,2.23606797753,0.00239014142614,2.55484289457e-06,2.72595660909e-09,9.84606926778e-12,
290.0,2.23606797752,0.00239014147982,2.55477677978e-06,2.7347434397e-09,3.49249299769e-11,
291.0,2.23606797752,0.00239014143834,2.55483607733e-06,2.72810990604e-09,8.31548994991e-12,
292.0,2.23606797752,0.00239014143444,2.55480729216e-06,2.76842034205e-09,1.68814276083e-11,
293.0,2.23606797752,0.00239014144129,2.55484889982e-06,2.72865964264e-09,4.46820593615e-12,
294.0,2.23606797752,0.00239014140445,2.55483048638e-06,2.78017403102e-09,5.18170032679e-11,
295.0,2.23606797752,0.00239014140342,2.55483929972e-06,2.73059245976e-09,3.88214517391e-11,
296.0,2.23606797752,0.002390141406,2.55486567187e-06,2.70734929383e-09,5.48335081103e-12,
297.0,2.23606797751,0.0023901414334,2.55480891101e-06,2.72388521071e-09,5.22485802116e-11,
298.0,2.23606797751,0.00239014141534,2.554810598e-06,2.74896121727e-09,1.3456562737e-11,
299.0,2.23606797751,0.00239014144375,2.55480065559e-06,2.74936419758e-09,1.20343034316e-11,
300.0,2.23606797751,0.00239014142297,2.55480553236e-06,2.75400728304e-09,1.05673226377e-11,
301.0,2.23606797751,0.00239014144193,2.55482811616e-06,2.72676001296e-09,4.47452973038e-11,
302.0,2.23606797751,0.00239014144787,2.55482716227e-06,2.75824313229e-09,6.5987940977e-12,
303.0,2.23606797751,0.00239014143904,2.55481855401e-06,2.7100916597e-09,9.36866259377e-12,
304.0,2.23606797751,0.00239014143489,2.55480854839e-06,2.75838228381e-09,5.57823043701e-12,
305.0,2.23606797751,0.00239014142977,2.55484934741e-06,2.71317441379e-09,1.15792401195e-11,
306.0,2.23606797751,0.00239014146301,2.5547956657e-06,2.75223945235e-09,1.59358692955e-11,
307.0,2.2360679775,0.00239014143861,2.55480855275e-06,2.7770782151e-09,3.32535475844e-11,
308.0,2.2360679775,0.00239014144507,2.55482698056e-06,2.72436083334e-09,1.42679653763e-11,
309.0,2.2360679775,0.0023901414294,2.55480127305e-06,2.73799194724e-09,1.47094093586e-11,
310.0,2.2360679775,0.0023901414452,2.55479991361e-06,2.71360852151e-09,1.27877474426e-11,
311.0,2.2360679775,0.00239014142521,2.55486503553e-06,2.71419903871e-09,8.79750139224e-12,
312.0,2.2360679775,0.00239014143981,2.55482305546e-06,2.70408527655e-09,4.96207969532e-12,
313.0,2.2360679775,0.0023901414374,2.55482114947e-06,2.67343131059e-09,4.42138328106e-11,
314.0,2.2360679775,0.00239014140963,2.55483443192e-06,2.68016302232e-09,5.92946792241e-11,
315.0,2.2360679775,0.00239014148019,2.55479199753e-06,2.73664939928e-09,1.76455877412e-11,
316.0,2.2360679775,0.00239014145022,2.55484534223e-06,2.68541551506e-09,2.61337447331e-11,
317.0,2.2360679775,0.00239014136679,2.55489743121e-06,2.74129397589e-09,6.02741016701e-12,
318.0,2.2360679775,0.0023901414277,2.55481572716e-06,2.75555099526e-09,1.99857643406e-11,
319.0,2.2360679775,0.0023901414795,2.55484461156e-06,2.68878307823e-09,4.13440460939e-11,
320.0,2.2360679775,0.0023901414539,2.55478297955e-06,2.78390071384e-09,1.48866324008e-11,
321.0,2.2360679775,0.00239014140812,2.55485383392e-06,2.7151227774e-09,1.33158551473e-11,
322.0,2.2360679775,0.00239014146677,2.55478889851e-06,2.72593499568e-09,6.33563461057e-11,
323.0,2.2360679775,0.00239014137872,2.55482151136e-06,2.74196657475e-09,1.2652341952e-11,
324.0,2.2360679775,0.00239014145203,2.55482452732e-06,2.71110137838e-09,2.09755124775e-11,
325.0,2.2360679775,0.00239014144083,2.55482763555e-06,2.71108482909e-09,3.36470942976e-11,
326.0,2.2360679775,0.00239014147436,2.55476556008e-06,2.73146760249e-09,3.11482659598e-11,
327.0,2.2360679775,0.00239014146185,2.55481815841e-06,2.7591839333e-09,2.0324680931e-11,
328.0,2.2360679775,0.00239014145784,2.55481165056e-06,2.76655136515e-09,1.3346640091e-11,
329.0,2.2360679775,0.00239014146114,2.55480413189e-06,2.75228464209e-09,5.84436862196e-12,
330.0,2.2360679775,0.00239014143059,2.55484245023e-06,2.74927941292e-09,2.6187533842e-12,
331.0,2.2360679775,0.00239014138266,2.5548293812e-06,2.77073886104e-09,2.98769247809e-11,
332.0,2.2360679775,0.00239014142702,2.55484645031e-06,2.74708111179e-09,1.48378497071e-11,
333.0,2.2360679775,0.00239014141425,2.55483518382e-06,2.71458030408e-09,1.1223447868e-11,
334.0,2.2360679775,0.0023901414481,2.55479471986e-06,2.73262199184e-09,1.38024729091e-11,
335.0,2.2360679775,0.00239014141367,2.55484953285e-06,2.69993786757e-09,3.8899367597e-11,
336.0,2.2360679775,0.0023901414472,2.55483369831e-06,2.67579239897e-09,2.10357690235e-11,
337.0,2.2360679775,0.00239014141584,2.55481645679e-06,2.72851928951e-09,5.99949576554e-11,
338.0,2.2360679775,0.00239014144127,2.5548232677e-06,2.71688430836e-09,8.23787354496e-11,
339.0,2.2360679775,0.0023901414567,2.55481258668e-06,2.67914790081e-09,4.21991236069e-11,
340.0,2.2360679775,0.00239014145437,2.55480797096e-06,2.69196755725e-09,2.32218560444e-11,
341.0,2.2360679775,0.0023901414657,2.55478451264e-06,2.79771902887e-09,3.23064839901e-11,
342.0,2.2360679775,0.00239014141392,2.55484970037e-06,2.71580294836e-09,3.0073143585e-11,
343.0,2.2360679775,0.002390141422,2.5549011783e-06,2.64772108062e-09,3.9617959762e-11,
344.0,2.2360679775,0.00239014142777,2.55479764145e-06,2.76597454749e-09,1.28894762467e-11,
345.0,2.2360679775,0.00239014143702,2.55482830138e-06,2.79143633867e-09,6.10583155163e-11,
346.0,2.2360679775,0.00239014144978,2.55481599237e-06,2.72452319926e-09,2.12441727436e-11,
347.0,2.2360679775,0.00239014148416,2.55483464903e-06,2.70279271372e-09,2.46307690346e-11,
348.0,2.2360679775,0.00239014139059,2.55484707273e-06,2.79994800477e-09,3.6603027333e-11,
349.0,2.2360679775,0.00239014131995,2.55483094235e-06,2.76749694595e-09,1.13824196951e-11,
350.0,2.2360679775,0.00239014139224,2.55488744077e-06,2.65887941822e-09,3.48044532344e-11,
351.0,2.2360679775,0.00239014135392,2.55484922686e-06,2.75803404742e-09,2.73360153405e-11,
352.0,2.2360679775,0.00239014139042,2.55488846942e-06,2.68722389282e-09,2.07274745442e-11,
353.0,2.2360679775,0.00239014141993,2.55487275394e-06,2.70889627888e-09,2.93337934848e-11,
354.0,2.2360679775,0.00239014149511,2.55477505764e-06,2.75270259251e-09,1.81380123623e-11,
355.0,2.2360679775,0.00239014143538,2.55483551014e-06,2.75631301647e-09,1.01836155009e-10,
356.0,2.2360679775,0.00239014144633,2.55485185565e-06,2.69463537388e-09,3.08834199602e-11,
357.0,2.2360679775,0.00239014140621,2.55475930614e-06,2.75777711437e-09,9.55872362047e-12,
358.0,2.2360679775,0.00239014144348,2.55485932292e-06,2.75722550958e-09,9.20108744157e-11,
359.0,2.2360679775,0.00239014142139,2.55486998825e-06,2.74115075607e-09,4.98734819898e-11,
360.0,2.2360679775,0.00239014145941,2.55483320437e-06,2.64024741466e-09,1.96360514746e-11,
361.0,2.2360679775,0.0023901413874,2.55475503923e-06,2.70278488452e-09,3.41411220216e-11,
362.0,2.2360679775,0.00239014138494,2.55478370381e-06,2.76760932596e-09,3.85708033373e-11,
363.0,2.2360679775,0.0023901414767,2.55480538874e-06,2.77799569763e-09,5.19262713103e-11,
364.0,2.2360679775,0.00239014138437,2.55490911476e-06,2.66614306324e-09,8.57884885827e-12,
365.0,2.2360679775,0.00239014141935,2.5549173144e-06,2.67409197199e-09,2.13659728545e-11,
366.0,2.2360679775,0.00239014145143,2.55483679779e-06,2.74995933894e-09,7.3746950898e-11,
367.0,2.2360679775,0.00239014148864,2.55480245373e-06,2.70390424227e-09,4.32681568668e-11,
368.0,2.2360679775,0.00239014145553,2.55482815297e-06,2.77691723256e-09,6.4807208902e-11,
369.0,2.2360679775,0.0023901414912,2.554831662e-06,2.71811524601e-09,3.53038469533e-11,
370.0,2.2360679775,0.00239014149196,2.55476122037e-06,2.72389303521e-09,5.98441843863e-11,
371.0,2.2360679775,0.00239014147116,2.55471798471e-06,2.76891944222e-09,5.37306819958e-11,
372.0,2.2360679775,0.00239014138164,2.55477840361e-06,2.80077678049e-09,1.24348905023e-11,
373.0,2.2360679775,0.00239014146028,2.55476878378e-06,2.76294720938e-09,2.2950637491e-11,
374.0,2.2360679775,0.00239014150356,2.55486639415e-06,2.68522833257e-09,1.04813770222e-10,
375.0,2.2360679775,0.00239014134194,2.55487798682e-06,2.66932684203e-09,5.11323601636e-11,
376.0,2.2360679775,0.0023901414616,2.55478443981e-06,2.75114651928e-09,1.78655193412e-11,
377.0,2.2360679775,0.00239014156614,2.55475735046e-06,2.79480025251e-09,4.3892795496e-11,
378.0,2.2360679775,0.00239014149276,2.55486048334e-06,2.79273535489e-09,3.69931964555e-11,
379.0,2.2360679775,0.00239014140287,2.55491542336e-06,2.62643573877e-09,3.91548240079e-11,
380.0,2.2360679775,0.00239014147578,2.55477805699e-06,2.80818914232e-09,3.46924603491e-11,
381.0,2.2360679775,0.0023901414889,2.55481301934e-06,2.72770170881e-09,1.22071040511e-11,
382.0,2.2360679775,0.0023901414383,2.55483530417e-06,2.71408711721e-09,2.04192562312e-11,
383.0,2.2360679775,0.00239014135674,2.55494040272e-06,2.65890639176e-09,3.66747728109e-11,
384.0,2.23606797749,0.00239014134247,2.55490629422e-06,2.69884680395e-09,3.817578258e-11,
385.0,2.2360679775,0.00239014143862,2.5548588447e-06,2.75776945007e-09,7.74661492396e-11,
386.0,2.2360679775,0.00239014141244,2.55469506905e-06,2.76930101696e-09,9.18254838542e-11,
387.0,2.2360679775,0.00239014133411,2.55496370537e-06,2.56757541134e-09,1.26018701828e-10,
388.0,2.2360679775,0.00239014143623,2.55477674703e-06,2.76876974218e-09,3.84764794638e-11,
389.0,2.2360679775,0.00239014140611,2.55491181365e-06,2.71928113132e-09,6.36082909136e-11,
390.0,2.2360679775,0.00239014158104,2.55474155875e-06,2.7070300041e-09,1.96071899539e-11,
391.0,2.23606797749,0.00239014142124,2.55478782062e-06,2.70410306741e-09,6.71117365491e-11,
392.0,2.2360679775,0.00239014143904,2.55478856872e-06,2.70900639584e-09,4.90617705719e-11,
393.0,2.2360679775,0.00239014135794,2.5548463437e-06,2.72928872808e-09,3.3198643075e-11,
394.0,2.2360679775,0.00239014158493,2.55471917654e-06,2.78224605869e-09,3.12003376557e-11,
395.0,2.2360679775,0.00239014145241,2.55476572288e-06,2.78985106389e-09,3.72611795319e-11,
396.0,2.2360679775,0.002390141554,2.55479386522e-06,2.77521352315e-09,2.18463569232e-11,
397.0,2.2360679775,0.00239014139079,2.55481805758e-06,2.62605660091e-09,1.25344069652e-10,
398.0,2.2360679775,0.00239014140888,2.55480082198e-06,2.75230285557e-09,5.12488294383e-11,
399.0,2.2360679775,0.0023901413948,2.55483677258e-06,2.76390075443e-09,2.76255311937e-11,
400.0,2.2360679775,0.00239014158915,2.5547373055e-06,2.74265931386e-09,7.86171302647e-11,
401.0,2.2360679775,0.00239014145969,2.55488195882e-06,2.63870361787e-09,2.03713497806e-11,
402.0,2.2360679775,0.0023901412475,2.55498599339e-06,2.71142716188e-09,3.28448522218e-11,
403.0,2.23606797749,0.00239014134686,2.55499384799e-06,2.67556365029e-09,6.54347723375e-11,
404.0,2.2360679775,0.00239014134591,2.55491889708e-06,2.71551736688e-09,2.58011320306e-11,
405.0,2.2360679775,0.00239014151465,2.55475060737e-06,2.87130877633e-09,6.33565640834e-11,
406.0,2.2360679775,0.00239014138794,2.55494255074e-06,2.64538308886e-09,7.23548631567e-11,
407.0,2.2360679775,0.00239014132257,2.5548627561e-06,2.64278577429e-09,2.62859256433e-10,
408.0,2.2360679775,0.00239014137513,2.55479282446e-06,2.7705404061e-09,3.24189934434e-11,
409.0,2.2360679775,0.00239014148048,2.55494307203e-06,2.67416510689e-09,6.28019886414e-11,
410.0,2.2360679775,0.00239014139146,2.55484380377e-06,2.74744355656e-09,5.47988673663e-11,
411.0,2.2360679775,0.00239014149173,2.55482928002e-06,2.64038922366e-09,6.33892209097e-11,
412.0,2.2360679775,0.00239014133615,2.55481582181e-06,2.75763134295e-09,3.76138990503e-11,
413.0,2.23606797751,0.00239014142885,2.55488503114e-06,2.55235490827e-09,1.22856836937e-10,
414.0,2.2360679775,0.0023901413283,2.55482693401e-06,2.78001650096e-09,2.18407295117e-11,
415.0,2.2360679775,0.00239014145162,2.5548471329e-06,2.74559775733e-09,1.01297071772e-10,
416.0,2.2360679775,0.0023901416112,2.55479261228e-06,2.74830481411e-09,6.90771668002e-11,
417.0,2.2360679775,0.00239014137873,2.55474921625e-06,2.88424666745e-09,1.1614847952e-10,
418.0,2.2360679775,0.00239014148298,2.55478634239e-06,2.77015395912e-09,1.06202220918e-10,
419.0,2.2360679775,0.00239014139702,2.55477503357e-06,2.76732905062e-09,4.24140908941e-11,
420.0,2.2360679775,0.0023901413073,2.554826288e-06,2.84719684265e-09,1.77446699553e-10,
421.0,2.2360679775,0.00239014140828,2.55489180092e-06,2.69468880516e-09,1.99945101131e-10,
422.0,2.2360679775,0.00239014129675,2.55501995173e-06,2.57441432647e-09,2.51139327457e-11,
423.0,2.2360679775,0.00239014127383,2.55502455059e-06,2.68187598836e-09,5.35055672501e-11,
424.0,2.2360679775,0.00239014137436,2.55463293709e-06,2.75971195058e-09,1.58847700877e-10,
425.0,2.2360679775,0.00239014145172,2.55489606599e-06,2.58304674201e-09,2.0536576368e-10,
426.0,2.2360679775,0.00239014143126,2.55475396775e-06,2.87486588068e-09,5.0907713982e-11,
427.0,2.2360679775,0.00239014119244,2.55492218823e-06,2.69509290956e-09,3.64641165392e-11,
428.0,2.2360679775,0.00239014139743,2.55482230017e-06,2.74560592012e-09,2.47321914855e-10,
429.0,2.2360679775,0.0023901416591,2.55458423176e-06,3.04666380292e-09,6.56927668117e-11,
430.0,2.2360679775,0.00239014133997,2.55481392908e-06,2.70445291767e-09,6.18462945545e-11,
431.0,2.2360679775,0.00239014129438,2.55490165802e-06,2.49203689694e-09,1.67887228295e-10,
432.0,2.2360679775,0.00239014133863,2.55478666404e-06,2.78299477673e-09,1.8317620618e-11,
433.0,2.2360679775,0.0023901412296,2.55489916587e-06,2.70385400529e-09,8.33370719284e-11,
434.0,2.2360679775,0.00239014149272,2.55480629667e-06,2.7195298625e-09,1.91644520208e-11,
435.0,2.2360679775,0.00239014144109,2.55482490876e-06,2.63422977813e-09,1.74126870322e-10,
436.0,2.2360679775,0.00239014125958,2.55491181613e-06,2.91281633799e-09,4.52559019727e-11,
437.0,2.2360679775,0.00239014136607,2.55492219214e-06,2.53493151991e-09,1.02981883867e-10,
438.0,2.2360679775,0.00239014161092,2.55491989009e-06,2.69444879888e-09,3.19579230535e-10,
439.0,2.23606797751,0.00239014129292,2.55492001247e-06,2.63986148185e-09,2.6867741446e-11,
440.0,2.23606797751,0.00239014142458,2.55486727485e-06,2.82852077034e-09,6.90079499172e-11,
441.0,2.2360679775,0.00239014155139,2.55480781208e-06,2.90643691333e-09,1.08722649726e-10,
442.0,2.2360679775,0.00239014139297,2.5548175674e-06,2.62192778246e-09,5.44503365948e-11,
443.0,2.23606797751,0.00239014137907,2.55486427996e-06,2.95767387233e-09,1.10786803509e-10,
444.0,2.23606797749,0.00239014129367,2.55484862651e-06,2.55260996343e-09,1.73156313962e-10,
445.0,2.2360679775,0.00239014145956,2.55485638766e-06,2.63084957558e-09,5.17232910791e-11,
446.0,2.2360679775,0.00239014122847,2.55482560703e-06,2.66838595467e-09,2.14285365228e-10,
447.0,2.23606797751,0.00239014108243,2.55487801822e-06,2.9288716634e-09,4.41106411795e-11,
448.0,2.23606797751,0.00239014140913,2.5547949398e-06,2.73182482672e-09,1.55161441494e-10,
449.0,2.23606797751,0.00239014149105,2.55487012893e-06,2.70860507689e-09,5.53771286881e-11,
450.0,2.23606797751,0.0023901414994,2.55471190132e-06,2.84976677332e-09,2.22203278337e-10,
451.0,2.23606797751,0.00239014147213,2.55490734474e-06,2.5292886269e-09,1.32711668253e-10,
452.0,2.23606797751,0.0023901414265,2.55488910086e-06,2.79479071114e-09,1.43225090659e-10,
453.0,2.23606797751,0.00239014124628,2.55499317534e-06,2.58642964073e-09,6.52665032373e-11,
454.0,2.2360679775,0.00239014135827,2.55496728619e-06,2.75763132453e-09,1.3226191269e-10,
455.0,2.23606797751,0.00239014142456,2.55482408183e-06,2.65115777913e-09,1.07767365469e-10,
456.0,2.23606797751,0.00239014136453,2.55512398454e-06,2.50930531546e-09,1.32393994507e-10,
457.0,2.2360679775,0.00239014138762,2.55458495494e-06,2.76467084888e-09,1.29265245865e-10,
458.0,2.2360679775,0.00239014155534,2.55466591348e-06,2.75000189254e-09,1.08746197108e-10,
459.0,2.2360679775,0.00239014162472,2.55481687293e-06,2.47589281065e-09,3.48128233215e-10,
460.0,2.2360679775,0.00239014128485,2.55495776295e-06,2.50798385475e-09,1.40799228751e-10,
461.0,2.2360679775,0.002390141525,2.55488606431e-06,2.4762694151e-09,1.53800519017e-10,
462.0,2.23606797749,0.00239014162815,2.55492664306e-06,2.42756906205e-09,7.56269287489e-11,
463.0,2.2360679775,0.00239014159518,2.55484103146e-06,2.5426334469e-09,1.59120324781e-10,
464.0,2.23606797749,0.00239014139907,2.55494612099e-06,2.9139429649e-09,3.05080187751e-10,
465.0,2.2360679775,0.00239014174411,2.55456525055e-06,2.72483931669e-09,1.24390756814e-10,
466.0,2.2360679775,0.00239014124714,2.55485068979e-06,2.79701753831e-09,1.13755905041e-10,
467.0,2.23606797749,0.00239014134149,2.55482738521e-06,2.67414596604e-09,8.54232236288e-11,
468.0,2.2360679775,0.00239014177466,2.55479476603e-06,2.4321864764e-09,3.0983121028e-10,
469.0,2.2360679775,0.00239014112642,2.55510754735e-06,2.70342464765e-09,2.76978486504e-10,
470.0,2.2360679775,0.00239014140632,2.55491208356e-06,2.48964589497e-09,2.25056642383e-10,
471.0,2.2360679775,0.0023901417542,2.55456288047e-06,2.75827304392e-09,4.23603524995e-11,
472.0,2.2360679775,0.00239014140671,2.55502114747e-06,2.76006355096e-09,1.09619030568e-10,
473.0,2.2360679775,0.00239014155569,2.55486225337e-06,2.51956278316e-09,2.54982242771e-10,
474.0,2.23606797749,0.00239014147107,2.55489695945e-06,2.613655155e-09,1.53628247845e-10,
475.0,2.2360679775,0.00239014123995,2.55484010479e-06,2.71368721376e-09,1.3671358892e-10,
476.0,2.2360679775,0.00239014161254,2.55489370404e-06,2.80049026158e-09,3.00560142863e-10,
477.0,2.23606797748,0.00239014158717,2.55478849137e-06,2.67806019054e-09,1.6693626919e-10,
478.0,2.2360679775,0.00239014155456,2.55490477734e-06,2.75784674265e-09,5.38696143719e-11,
479.0,2.23606797748,0.00239014132916,2.55497526598e-06,2.71515845367e-09,1.14865200979e-10,
480.0,2.2360679775,0.00239014132594,2.55496858228e-06,2.9618853218e-09,9.99600307325e-11,
481.0,2.23606797749,0.00239014106516,2.55497538288e-06,2.72222156915e-09,1.40370189497e-10,
482.0,2.23606797749,0.00239014145685,2.55470997081e-06,2.88651748633e-09,2.15217811025e-10,
483.0,2.2360679775,0.00239014162911,2.55484413313e-06,2.84865405459e-09,2.3920817394e-10,
484.0,2.2360679775,0.00239014135095,2.5550211775e-06,2.74009042179e-09,3.94524789523e-11,
485.0,2.2360679775,0.00239014138559,2.55453055392e-06,2.96752258899e-09,1.15040633804e-10,
486.0,2.23606797749,0.00239014133941,2.55475184135e-06,2.70933180092e-09,7.46617507545e-11,
487.0,2.23606797749,0.00239014191977,2.55450323321e-06,2.80936188958e-09,9.62470189438e-11,
488.0,2.2360679775,0.00239014145599,2.55486618176e-06,2.59386417431e-09,3.77766572643e-10,
489.0,2.23606797749,0.00239014161696,2.55459014928e-06,2.78867631289e-09,1.98332721899e-10,
490.0,2.2360679775,0.00239014145216,2.55452644764e-06,2.69714691952e-09,7.5012209637e-11,
491.0,2.23606797749,0.00239014172488,2.55471469881e-06,2.72954241079e-09,9.03270261353e-11,
492.0,2.23606797749,0.00239014136727,2.55515322437e-06,2.59049102657e-09,3.19744990163e-10,
493.0,2.23606797749,0.00239014127717,2.55505952077e-06,2.49024520176e-09,4.91094009721e-11,
494.0,2.23606797751,0.00239014158566,2.55434828325e-06,3.09391242118e-09,5.11820603975e-11,
495.0,2.23606797751,0.00239014144115,2.55462237591e-06,2.61429867331e-09,2.63422922388e-10,
496.0,2.23606797751,0.00239014184435,2.55459141246e-06,2.69019663585e-09,1.22344545108e-10,
497.0,2.23606797751,0.00239014117747,2.55504057414e-06,2.19863467963e-09,2.87025046769e-10,
498.0,2.2360679775,0.00239014159962,2.55442776042e-06,3.16428072393e-09,4.2210929198e-11,
499.0,2.23606797749,0.00239014136354,2.55505672602e-06,2.14818471115e-09,7.95301392206e-10,
500.0,2.23606797749,0.00239014137253,2.55455195424e-06,3.09518903413e-09,1.59190034653e-10,
501.0,2.2360679775,0.00239014179452,2.55489747823e-06,2.61889155938e-09,8.01315502893e-11,
502.0,2.2360679775,0.00239014147345,2.55430044966e-06,3.10217716498e-09,1.02859932811e-10,
503.0,2.23606797749,0.00239014136667,2.55510875557e-06,2.50554752781e-09,1.05500550132e-10,
504.0,2.23606797749,0.00239014119166,2.55496986567e-06,2.60389934186e-09,1.33919902445e-10,
505.0,2.23606797749,0.00239014134188,2.5545133964e-06,2.93977430132e-09,2.31586627953e-10,
506.0,2.2360679775,0.00239014143555,2.5549293854e-06,2.64865659274e-09,1.09853100145e-10,
507.0,2.23606797749,0.00239014130438,2.55520575977e-06,2.74075055311e-09,2.58755839957e-10,
508.0,2.2360679775,0.00239014166819,2.55500266125e-06,2.37817042445e-09,4.3148331474e-10,
509.0,2.23606797748,0.00239014099864,2.55480144663e-06,2.43850066839e-09,7.97627060959e-10,
510.0,2.23606797749,0.002390141052,2.55476781587e-06,2.73512207781e-09,3.84064983853e-10,
511.0,2.23606797751,0.00239014138939,2.55463065512e-06,2.89165263926e-09,7.8161478741e-11,
512.0,2.23606797751,0.00239014145825,2.55467787896e-06,2.51344337738e-09,3.15336995096e-10,
513.0,2.23606797748,0.00239014131389,2.55481085883e-06,2.47803688742e-09,1.02089475691e-10,
514.0,2.2360679775,0.00239014185022,2.5549387784e-06,2.54621184179e-09,1.60305084355e-10,
515.0,2.2360679775,0.00239014152788,2.55462455217e-06,3.02164718587e-09,1.80768243954e-10,
516.0,2.2360679775,0.00239014143473,2.55473435313e-06,2.81558663962e-09,1.52549387113e-10,
517.0,2.2360679775,0.00239014155301,2.55532491299e-06,2.48391631776e-09,1.03439558524e-10,
518.0,2.23606797748,0.00239014117814,2.55483635864e-06,2.84034736497e-09,1.0724718132e-10,
519.0,2.23606797749,0.00239014156044,2.5542814645e-06,2.87754131801e-09,1.40910698992e-10,
520.0,2.23606797751,0.00239014115861,2.55492500981e-06,3.19615292195e-09,4.34521415711e-10,
521.0,2.23606797751,0.00239014104296,2.55514637892e-06,2.91551851424e-09,5.67961372531e-10,
522.0,2.2360679775,0.00239014162022,2.55476362306e-06,2.97426836175e-09,8.28623825247e-10,
523.0,2.23606797751,0.00239014151247,2.5548526397e-06,3.50893207675e-09,4.78590610647e-10,
524.0,2.23606797749,0.00239014106348,2.55568703267e-06,1.94545644057e-09,2.73380343995e-10,
525.0,2.22398821843,0.00237722959185,2.54104928105e-06,2.55145685305e-09,2.83135339504e-10,
526.0,2.19758379006,0.0023490055845,2.51071461352e-06,3.08238637601e-09,2.36623110166e-10,
527.0,2.17149284979,0.00232111753211,2.48061716848e-06,2.48630895294e-09,5.77247940576e-10,
528.0,2.14571167572,0.00229355937511,2.45160636302e-06,2.2699309748e-09,4.07310179964e-10,
529.0,2.12023659009,0.00226632881724,2.42214076933e-06,2.5803850223e-09,2.59792009649e-10,
530.0,2.09506395893,0.00223942147726,2.39362876988e-06,2.44992175218e-09,3.94829594593e-10,
531.0,2.07019019126,0.00221283412042,2.36558611813e-06,2.31118085962e-09,1.62528477313e-10,
532.0,2.04561173885,0.00218656226991,2.33679254704e-06,2.75233870803e-09,2.23895894225e-10,
533.0,2.02132509551,0.00216060205353,2.3096584524e-06,2.60510210766e-09,1.2791945286e-10,
534.0,1.99732679675,0.00213494988621,2.28235166172e-06,2.55251589506e-09,4.15558699463e-10,
535.0,1.97361341916,0.00210960319199,2.25446192861e-06,2.65804849366e-09,1.69167935421e-10,
536.0,1.95018158003,0.00208455632722,2.22787638563e-06,2.51268149165e-09,9.10839103656e-11,
537.0,1.92702793678,0.00205980725878,2.20185259099e-06,1.98199826892e-09,6.85890216749e-10,
538.0,1.90414918648,0.00203535255803,2.17520795486e-06,2.56779795034e-09,2.6936089315e-10,
539.0,1.88154206545,0.00201118720071,2.14933003136e-06,2.52887433937e-09,2.03997068744e-10,
540.0,1.85920334878,0.00198730917527,2.1243320069e-06,2.50703084268e-09,2.6701848718e-10,
541.0,1.83712984982,0.00196371493899,2.098944453e-06,2.39249470178e-09,1.41361839716e-10,
542.0,1.81531841973,0.00194040067074,2.07372967837e-06,2.35237586439e-09,4.74639545339e-10,
543.0,1.79376594711,0.00191736353588,2.04970646144e-06,1.79183459851e-09,4.69271294016e-10,
544.0,1.77246935745,0.00189459918664,2.02462057883e-06,2.49964785743e-09,2.99983594825e-10,
545.0,1.7514256128,0.00187210553991,2.00094301478e-06,1.99790715904e-09,1.23655754523e-10,
546.0,1.73063171122,0.00184987899234,1.97774311064e-06,1.76248442004e-09,3.77306371073e-10,
547.0,1.71008468641,0.00182791520305,1.95439057173e-06,1.80502688997e-09,3.62020793694e-10,
548.0,1.68978160737,0.00180621377866,1.93065450995e-06,2.22829721503e-09,1.59719104803e-10,
549.0,1.6697195778,0.0017847692137,1.90795473373e-06,2.12681974123e-09,1.99648087768e-10,
550.0,1.64989573583,0.00176358010705,1.8850443243e-06,1.9228454322e-09,1.28826479902e-10,
551.0,1.63030725356,0.00174264125237,1.86333356164e-06,2.15000568992e-09,1.18558943215e-10,
552.0,1.61095133667,0.00172195212411,1.84017254146e-06,2.02656791697e-09,1.94426229877e-10,
553.0,1.59182522404,0.00170150833409,1.81810675086e-06,2.71101406446e-09,5.3946605506e-11,
554.0,1.57292618727,0.00168130619973,1.79759642516e-06,1.63981249242e-09,9.25293501935e-11,
555.0,1.5542515304,0.00166134573285,1.77552830552e-06,2.15428571251e-09,5.46266989677e-10,
556.0,1.53579858948,0.00164162144062,1.75482966856e-06,1.45184038116e-09,1.13190366531e-10,
557.0,1.51756473216,0.00162213113529,1.7339225455e-06,1.47407329814e-09,4.58952841773e-10,
558.0,1.49954735738,0.00160287142396,1.71317046655e-06,1.61774104517e-09,1.45304470945e-10,
559.0,1.48174389491,0.00158384164247,1.69334300596e-06,1.75392146623e-09,4.28102348597e-10,
560.0,1.46415180508,0.00156503737208,1.67258987922e-06,1.68309436067e-09,6.32920465373e-10,
561.0,1.44676857834,0.00154645672446,1.65282826324e-06,1.78064264698e-09,1.65588563419e-10,
562.0,1.42959173496,0.00152809577298,1.63315218051e-06,1.74586825678e-09,5.26662303135e-11,
563.0,1.41261882465,0.00150995352025,1.61433897443e-06,2.02245586233e-09,2.02323475061e-10,
564.0,1.39584742618,0.00149202714347,1.59452331599e-06,1.82468469288e-09,1.20424229176e-10,
565.0,1.37927514714,0.00147431230984,1.57587235864e-06,1.55960245565e-09,8.98055421454e-11,
566.0,1.36289962343,0.00145680847394,1.5575241387e-06,1.32341581827e-09,1.27110271016e-10,
567.0,1.34671851905,0.0014395118315,1.53916637192e-06,1.88282255574e-09,1.02676672762e-10,
568.0,1.33072952577,0.00142242127867,1.52049210431e-06,1.65904146711e-09,1.11650814069e-10,
569.0,1.31493036275,0.0014055339425,1.50245962194e-06,1.63822242487e-09,2.74348670416e-10,
570.0,1.29931877619,0.00138884604863,1.48453579846e-06,1.6281435324e-09,3.63569550523e-10,
571.0,1.2838925391,0.00137235770628,1.46695804272e-06,1.72512452569e-09,5.31524256165e-10,
572.0,1.2686494509,0.00135606417921,1.44969399275e-06,1.31685018203e-09,3.53652516312e-10,
573.0,1.25358733713,0.00133996419099,1.43271496223e-06,9.82820905388e-10,
574.0,1.23870404919,0.00132405484406,1.41523578476e-06,1.60008366825e-09,2.84575830873e-10,
575.0,1.22399746394,0.00130833541497,1.39878724069e-06,1.24885559066e-09,3.83091155754e-10,
576.0,1.20946548347,0.00129280171544,1.38201867082e-06,1.83381259366e-09,1.67286957892e-10,
577.0,1.19510603476,0.00127745411004,1.36520389775e-06,1.52225125125e-09,2.73843584002e-10,
578.0,1.18091706946,0.00126228610163,1.34921444789e-06,1.51628381883e-09,1.29125928618e-10,
579.0,1.16689656345,0.00124729918897,1.33355825263e-06,1.30961219832e-09,6.73346675723e-10,
580.0,1.15304251672,0.00123249171022,1.31690273541e-06,1.62743054936e-09,3.2323830398e-10,
581.0,1.13935295294,0.00121785866939,1.3021649318e-06,1.18670021206e-09,3.04284472177e-10,
582.0,1.12582591929,0.00120339926574,1.28617734115e-06,1.82860927907e-09,8.93096277958e-11,
583.0,1.11245948615,0.00118911224352,1.27092249508e-06,1.32423591059e-09,1.4828003543e-10,
584.0,1.09925174676,0.00117499425955,1.25582986106e-06,1.49628393151e-09,2.44679927837e-10,
585.0,1.08620081701,0.00116104450117,1.24046530833e-06,1.10466609362e-09,1.08376190589e-10,
586.0,1.07330483518,0.00114725944418,1.22615032158e-06,1.78350079259e-09,1.87427230334e-10,
587.0,1.06056196162,0.00113363864433,1.21193885545e-06,1.64813110452e-09,3.02969471905e-10,
588.0,1.04797037857,0.00112017927858,1.19757628272e-06,9.73541177752e-10,
589.0,1.03552828983,0.00110687929322,1.18384018466e-06,1.47309507565e-09,4.88333309072e-10,
590.0,1.02323392049,0.00109373894852,1.16918530556e-06,1.19532519e-09,1.12693636366e-10,
591.0,1.01108551676,0.00108075251698,1.15562656798e-06,7.94618450413e-10,
592.0,0.99908134567,0.0010679212838,1.14202906323e-06,8.3740846847e-10,
593.0,0.987219694787,0.00105524254215,1.12800810532e-06,1.6951119042e-09,5.01804984162e-10,
594.0,0.975498872042,0.00104271442822,1.11441765703e-06,1.02086697013e-09,1.88933715309e-10,
595.0,0.963917205422,0.00103033458034,1.10122458022e-06,9.99301860456e-10,
596.0,0.95247304283,0.00101810165137,1.08888214874e-06,7.66264012385e-10,
597.0,0.941164751699,0.00100601408772,1.07517505419e-06,1.64466430488e-09,4.05461542594e-10,
598.0,0.929990718924,0.000994070766316,1.06205434027e-06,1.79539449096e-09,1.17962828025e-10,
599.0,0.918949350465,0.000982268944487,1.04974356936e-06,1.21216276044e-09,1.75858456963e-10,
600.0,0.908039071315,0.000970606155899,1.03700663381e-06,1.45856878344e-09,3.13518662247e-10,
601.0,0.897258325099,0.000959082835255,1.02505723645e-06,1.37890361571e-09,7.84309804938e-10,
602.0,0.886605573891,0.000947695705446,1.01278327117e-06,1.14604659794e-09,1.0592517465e-10,
603.0,0.876079298096,0.000936443986144,1.00148164161e-06,8.79884581764e-10,
604.0,0.865677996109,0.000925326642766,9.88854799291e-07,1.39750616343e-09,2.80635191908e-10,
605.0,0.855400184196,0.000914340713865,9.77393264154e-07,1.23459777435e-09,3.57195536013e-10,
606.0,0.845244396174,0.000903485241207,9.65902448253e-07,1.34822741045e-09,5.55790742544e-10,
607.0,0.835209183331,0.000892757777852,9.54624524551e-07,7.08726414852e-10,
608.0,0.825293114135,0.000882158884354,9.42516298121e-07,1.32462224894e-09,4.42904498019e-10,
609.0,0.815494774049,0.000871685509085,9.31526892314e-07,1.17214159683e-09,2.25405184252e-10,
610.0,0.805812765327,0.000861336745284,9.20194089276e-07,1.38892542992e-09,1.70512931843e-10,
611.0,0.796245706783,0.000851109785976,9.09865701809e-07,9.05370063616e-10,
612.0,0.78679223373,0.000841004692478,8.99198061921e-07,6.06967093876e-10,
613.0,0.777450997582,0.000831020536786,8.88325474589e-07,4.41480318466e-10,
614.0,0.768220665768,0.000821153771733,8.77942160246e-07,6.95720465466e-10,
615.0,0.759099921616,0.000811405139189,8.67002667362e-07,8.21084952484e-10,
616.0,0.750087464042,0.000801771191668,8.56947599688e-07,1.03374970593e-09,3.26107025474e-10,
617.0,0.741182007362,0.00079225219887,8.47168734277e-07,9.35700157233e-10,
618.0,0.732382281236,0.000782846659769,8.36811510398e-07,5.36964409437e-10,
619.0,0.72368703037,0.000773551920524,8.272961058e-07,1.96480517611e-10,
620.0,0.715095014375,0.000764368380502,8.16329493792e-07,1.43381900622e-09,4.96950214449e-10,
621.0,0.70660500758,0.000755292874186,8.07741911229e-07,7.22083102965e-10,
622.0,0.698215798864,0.000746325460516,7.98055747149e-07,1.78953367963e-10,
623.0,0.689926191538,0.000737464583523,7.88392591189e-07,4.25264369952e-10,
624.0,0.681735003055,0.00072871007188,7.78241733291e-07,1.31176330525e-09,5.64385042594e-10,
625.0,0.673641064913,0.00072005758231,7.6926857134e-07,1.30183007076e-09,1.1492554003e-10,
626.0,0.665643222531,0.000711508664307,7.60381685528e-07,2.57211800479e-10,
627.0,0.657740334983,0.000703061301607,7.51503309545e-07,9.76343483209e-10,
628.0,0.649931274931,0.000694713885219,7.42406252666e-07,1.04180260158e-09,5.75422857967e-11,
629.0,0.642214928396,0.000686466141495,7.33672883645e-07,1.30692758612e-09,3.50098200735e-10,
630.0,0.634590194633,0.000678316294266,7.23851802951e-07,1.37514428387e-09,1.94524059769e-10,
631.0,0.627055985944,0.000670263294431,7.16054589748e-07,9.83176810796e-10,
632.0,0.619611227574,0.000662304963767,7.07644783632e-07,1.44640624658e-09,5.2432094694e-10,
633.0,0.612254857546,0.000654441262533,7.00141898773e-07,4.09611911248e-10,
634.0,0.604985826467,0.000646671065142,6.9143685487e-07,9.18154951958e-10,
635.0,0.59780309734,0.000638994221459,6.82613021742e-07,1.13091315952e-09,1.78357683677e-10,
636.0,0.590705645576,0.000631407682046,6.74643286697e-07,8.18280926238e-10,
637.0,0.583692458757,0.00062391124297,6.66960342635e-07,6.15232271931e-10,
638.0,0.57676253638,0.000616503918725,6.59045498176e-07,5.12734586496e-10,
639.0,0.569914889904,0.000609183761167,6.51352070953e-07,4.00462688035e-10,
640.0,0.563148542503,0.000601951188149,6.4361521609e-07,1.46591538333e-09,1.92376510836e-10,
641.0,0.556462528961,0.000594804749731,6.36060633416e-07,2.81370918733e-10,
642.0,0.549855895487,0.000587742803325,6.28399083462e-07,4.81901429361e-10,
643.0,0.543327699676,0.000580764921452,6.21086160191e-07,6.10778045043e-10,
644.0,0.536877010226,0.000573869393362,6.13606481402e-07,3.02734774191e-10,
645.0,0.530502906975,0.000567056486267,6.06354491828e-07,5.82882024056e-10,
646.0,0.524204480618,0.000560324398593,5.98754000279e-07,7.00479192844e-10,
647.0,0.517980832691,0.000553671789857,5.91883825136e-07,5.30701837878e-10,
648.0,0.511831075394,0.000547097810823,5.84658363155e-07,9.1884007747e-10,
649.0,0.505754331439,0.000540602645593,5.78071247158e-07,8.9477863964e-10,
650.0,0.499749733966,0.000534184286569,5.71155277343e-07,4.34523706985e-10,
651.0,0.493816426434,0.000527842454462,5.64104072653e-07,1.63139751312e-10,
652.0,0.48795356243,0.000521575155011,5.57373306575e-07,4.94989793879e-10,
653.0,0.482160305621,0.000515383097754,5.50775812197e-07,8.69305493237e-10,
654.0,0.476435829591,0.000509264302368,5.4407560689e-07,9.74471006359e-10,
655.0,0.470779317727,0.000503217476306,5.38052576041e-07,3.46256403748e-10,
656.0,0.465189963151,0.000497242959081,5.31436819206e-07,8.1606064111e-10,
657.0,0.459666968474,0.000491339308273,5.25875563808e-07,7.87088079091e-10,
658.0,0.454209545898,0.000485506736631,5.18983335559e-07,5.69279321458e-10,
659.0,0.448816916847,0.000479742546551,5.12474322339e-07,4.99772821484e-10,
660.0,0.443488312129,0.000474045846751,5.06996692873e-07,7.5271806695e-10,
661.0,0.438222971578,0.000468418310701,5.00688204741e-07,2.17602170822e-10,
662.0,0.433020144062,0.00046285713079,4.94543441157e-07,5.69463827481e-10,
663.0,0.427879087418,0.000457361299801,4.88732145892e-07,1.93696429411e-10,
664.0,0.422799068302,0.000451931909315,4.82790316871e-07,1.12396095386e-09,3.53289382965e-10,
665.0,0.417779361995,0.00044656620356,4.77463420216e-07,4.11238674176e-10,
666.0,0.412819252414,0.000441263976823,4.71728127191e-07,9.94877302094e-11,
667.0,0.407918032037,0.000436025430569,4.66131088059e-07,8.08404948153e-10,
668.0,0.403075001685,0.000430848765501,4.60370938972e-07,1.69414612521e-10,
669.0,0.398289470469,0.000425732497261,4.55627730299e-07,1.51853562113e-10,
670.0,0.39356075576,0.000420678432762,4.49625074391e-07,2.97145566815e-10,
671.0,0.388888183007,0.000415684088099,4.43959580898e-07,2.32513492619e-10,
672.0,0.384271085639,0.000410749008138,4.38753600767e-07,2.0211101487e-10,
673.0,0.379708805031,0.000405871995841,4.33833287412e-07,8.50187891205e-10,
674.0,0.375200690337,0.000401052800045,4.29237480493e-07,4.16087894237e-11,
675.0,0.370746098516,0.000396292084137,4.23307055943e-07,3.78542743138e-10,
676.0,0.366344394081,0.000391586566618,4.18847231574e-07,6.10162921173e-10,
677.0,0.361994949134,0.00038693796574,4.13440679548e-07,3.00136223773e-10,
678.0,0.357697143238,0.000382343285708,4.09025219918e-07,6.99990840197e-10,
679.0,0.353450363271,0.000377804717924,4.03462909595e-07,6.12251778829e-10,
680.0,0.349254003436,0.000373318684026,3.99376824705e-07,5.46556932e-10,
681.0,0.34510746514,0.000368886959595,3.94625620591e-07,2.15088528962e-10,
682.0,0.341010156868,0.000364506966384,3.89662036066e-07,9.66937765062e-10,
683.0,0.33696149409,0.000360180164246,3.84381202579e-07,5.60223247284e-10,
684.0,0.332960899319,0.000355902918757,3.80220213995e-07,4.39439704088e-10,
685.0,0.329007801868,0.000351677758198,3.75763100187e-07,4.82524694213e-10,
686.0,0.325101637747,0.00034750191131,3.7207036904e-07,3.62657256311e-10,
687.0,0.321241849813,0.000343376877863,3.66939805041e-07,6.97619102142e-10,
688.0,0.317427887418,0.000339300176602,3.62283667744e-07,4.49807264685e-10,
689.0,0.313659206535,0.000335271851887,3.57769459121e-07,9.13106605965e-10,
690.0,0.309935269509,0.000331290361575,3.54324018008e-07,2.13993825032e-10,
691.0,0.306255545146,0.000327357329058,3.4994379326e-07,1.55814671197e-10,
692.0,0.302619508542,0.000323471773533,3.45378712532e-07,3.52735794178e-10,
693.0,0.299026640959,0.000319630170359,3.41807594456e-07,4.62991018402e-10,
694.0,0.295476429936,0.000315835135299,3.38051244392e-07,5.00192466807e-11,
695.0,0.29196836898,0.000312086702517,3.32750746065e-07,1.03046790315e-09,1.11817423296e-10,
696.0,0.288501957697,0.000308380900904,3.29558609581e-07,4.55120001866e-10,
697.0,0.285076701552,0.000304719687202,3.25133040825e-07,9.27498277676e-10,
698.0,0.281692111973,0.000301101717697,3.22491138192e-07,2.12118368966e-10,
699.0,0.278347706132,0.000297526869495,3.17845200886e-07,2.24166190288e-10,
700.0,0.275043006941,0.000293994283875,3.1412279478e-07,1.50920653597e-10,
701.0,0.271777543002,0.000290504065882,3.1064731903e-07,1.9544014782e-10,
702.0,0.268550848436,0.000287055047593,3.06900271222e-07,4.06688246354e-10,
703.0,0.265362463,0.000283646810442,3.03440900846e-07,3.15620979937e-10,
704.0,0.26221193185,0.000280279529387,2.99499623096e-07,3.52965938416e-10,
705.0,0.259098805587,0.000276951503615,2.95996812525e-07,8.99847446664e-10,
706.0,0.256022640058,0.000273663886597,2.92169014947e-07,5.87238695171e-10,
707.0,0.252982996507,0.00027041432005,2.88822165439e-07,4.69109472012e-10,
708.0,0.249979441295,0.000267203683917,2.85865454843e-07,5.43531742511e-10,
709.0,0.247011545963,0.000264031258058,2.8229474678e-07,8.85366170083e-10,
710.0,0.244078887133,0.000260897039139,2.79138292606e-07,1.59935410404e-10,
711.0,0.241181046461,0.00025779992564,2.74910606387e-07,8.19363838705e-10,
712.0,0.238317610569,0.000254738245609,2.72681933009e-07,2.71361279647e-10,
713.0,0.235488171,0.000251714561548,2.68991397995e-07,1.97838068725e-10,
714.0,0.232692324118,0.00024872523918,2.65852490296e-07,3.54842391124e-10,
715.0,0.229929671077,0.000245772754412,2.62183624699e-07,2.43364131122e-10,
716.0,0.227199817822,0.000242855234064,2.58800257735e-07,7.00344309033e-10,
717.0,0.224502374865,0.000239971646472,2.56927877932e-07,1.06689783311e-10,
718.0,0.221836957467,0.000237122765163,2.53322586955e-07,3.31963948011e-10,
719.0,0.219203185399,0.000234307185705,2.50481910208e-07,9.26559122005e-11,
720.0,0.216600682958,0.000231525377178,2.47524188856e-07,3.32432275733e-10,
721.0,0.214029078853,0.000228776783404,2.4393587646e-07,4.29870829111e-10,
722.0,0.211488006271,0.000226060364951,2.41449510958e-07,6.91278375745e-10,
723.0,0.208977102711,0.00022337628744,2.38903292992e-07,1.66768542882e-10,
724.0,0.206496009996,0.000220723822297,2.35973696501e-07,1.52556235055e-10,
725.0,0.204044374234,0.000218103591368,2.33319885223e-07,8.71988686181e-11,
726.0,0.20162184566,0.000215514611352,2.30604494261e-07,1.82379518302e-10,
727.0,0.199228078645,0.000212955923419,2.27100989391e-07,2.99627883689e-10,
728.0,0.196862731796,0.000210427492242,2.25287484515e-07,2.26476112694e-10,
729.0,0.194525467668,0.000207929051454,2.22125243119e-07,3.88265008907e-10,
730.0,0.192215952828,0.00020546008219,2.19554892177e-07,9.12750652759e-10,
731.0,0.189933857846,0.00020302028981,2.17488358491e-07,2.05250400488e-10,
732.0,0.18767885718,0.000200610750479,2.14618048304e-07,2.53590522636e-10,
733.0,0.185450629115,0.000198229364569,2.11740387636e-07,1.34238046439e-10,
734.0,0.183248855834,0.000195875653336,2.09512996425e-07,2.2014003007e-10,
735.0,0.181073223234,0.000193550386292,2.06388185443e-07,3.3760999573e-10,
736.0,0.178923420932,0.000191251952098,2.04087966306e-07,4.07000821736e-10,
737.0,0.176799142307,0.000188981031794,2.02687064213e-07,2.29615917597e-10,
738.0,0.174700084277,0.000186737824491,1.99812946765e-07,2.83025549266e-10,
739.0,0.17262594745,0.000184520634137,1.97442425594e-07,8.3706417176e-11,
740.0,0.170576435935,0.000182329955287,1.9442647549e-07,3.76312326959e-10,
741.0,0.168551257368,0.000180165142644,1.927553373e-07,8.11418138468e-11,
742.0,0.166550122855,0.000178025648527,1.90349977537e-07,7.39271530102e-10,
743.0,0.16457274691,0.000175912152063,1.88676943584e-07,1.7024778627e-10,
744.0,0.162618847484,0.000173824018319,1.85604400216e-07,4.64275828327e-10,
745.0,0.160688145829,0.000171760042458,1.83960089644e-07,3.04639611794e-10,
746.0,0.15878036655,0.000169720468358,1.82317743541e-07,1.99003312732e-10,
747.0,0.156895237489,0.000167705904929,1.79314845006e-07,1.63662708335e-10,
748.0,0.155032489732,0.000165714552517,1.7755998041e-07,5.30426148055e-10,
749.0,0.153191857556,0.000163747676863,1.75217278462e-07,4.60870884306e-10,
750.0,0.151373078382,0.000161802580507,1.73539645522e-07,8.85772355495e-11,
751.0,0.149575892777,0.000159882588696,1.71010598355e-07,2.49122387971e-10,
752.0,0.147800044371,0.000157984175203,1.68713235487e-07,1.75220906913e-10,
753.0,0.146045279822,0.000156108763641,1.66381775903e-07,1.80263835621e-10,
754.0,0.144311348811,0.000154254699367,1.65364399874e-07,1.01862667737e-10,
755.0,0.142598004009,0.000152423682333,1.62919983886e-07,3.30359509169e-10,
756.0,0.140905000972,0.00015061395597,1.61306038066e-07,2.73700133613e-10,
757.0,0.13923209822,0.000148825719711,1.58621648664e-07,5.73083222307e-10,
758.0,0.137579057105,0.000147058793839,1.57142635393e-07,3.50477208462e-10,
759.0,0.135945641824,0.000145312613397,1.5527195909e-07,8.4544341589e-10,
760.0,0.134331619337,0.000143587564718,1.53746439064e-07,3.66171413019e-10,
761.0,0.132736759443,0.000141883691519,1.50874614164e-07,1.2345341184e-10,
762.0,0.13116083462,0.000140198743816,1.49647185171e-07,2.58211480033e-10,
763.0,0.129603620051,0.000138533888856,1.48131660302e-07,1.65838044624e-10,
764.0,0.128064893597,0.000136888643224,1.46284623458e-07,1.70361233822e-10,
765.0,0.126544435763,0.000135263887824,1.45180530917e-07,3.14523237834e-10,
766.0,0.12504202964,0.000133657769439,1.43106390901e-07,3.55797897335e-10,
767.0,0.123557460928,0.000132070463638,1.41842479294e-07,3.91124155528e-10,
768.0,0.122090517881,0.000130503211795,1.39101023659e-07,4.26868365172e-10,
769.0,0.120640991137,0.000128953595458,1.3786588622e-07,3.92991373243e-10,
770.0,0.11920867403,0.000127422597962,1.36289637952e-07,3.18030987334e-10,
771.0,0.117793362168,0.000125909454912,1.3503581102e-07,7.9347962455e-11,
772.0,0.116394853687,0.000124415004583,1.33028813025e-07,2.43828689529e-10,
773.0,0.115012949051,0.000122937981281,1.30845071128e-07,2.43826538289e-10,
774.0,0.113647451219,0.000121478603672,1.29841135363e-07,8.0490552129e-10,
775.0,0.112298165266,0.000120036125931,1.28231165554e-07,5.16314125876e-10,
776.0,0.110964898825,0.000118611100097,1.26724156088e-07,1.80798992055e-10,
777.0,0.109647461679,0.000117202422666,1.25477858141e-07,1.61620222632e-10,
778.0,0.108345665857,0.000115811319384,1.23570221235e-07,3.46161020163e-10,
779.0,0.107059325701,0.000114435779381,1.22932284102e-07,1.13061434493e-10,
780.0,0.105788257683,0.000113077817667,1.20707909566e-07,1.11133443529e-10,
781.0,0.104532280505,0.000111734873447,1.19184493333e-07,4.68958550594e-10,
782.0,0.103291214973,0.000110408013138,1.18248556437e-07,1.35192675671e-10,
783.0,0.102064884064,0.000109097374783,1.16755188029e-07,1.25230516862e-10,
784.0,0.100853112839,0.000107801806026,1.15155295443e-07,6.86897857789e-10,
785.0,0.0996557284653,0.000106522159022,1.14074864793e-07,3.03714137577e-10,
786.0,0.0984725600933,0.000105257468897,1.13199240563e-07,1.71873314119e-10,
787.0,0.0973034389315,0.000104008058033,1.10911243913e-07,2.6335820532e-10,
788.0,0.0961481982628,0.000102772802971,1.09503770149e-07,2.32051994989e-10,
789.0,0.0950066732267,0.000101553020264,1.08849331063e-07,7.711439892e-11,
790.0,0.0938787010293,0.000100347285044,1.0725376258e-07,2.59745007314e-10,
791.0,0.0927641207167,9.91554753442e-05,1.06111873458e-07,2.59137968906e-10,
792.0,0.0916627733511,9.79785778799e-05,1.04271695124e-07,7.34218135376e-10,
793.0,0.0905745017879,9.68150516952e-05,1.03404504677e-07,1.4513005398e-10,
794.0,0.0894991508019,9.5666158686e-05,1.0228543295e-07,1.77203900517e-10,
795.0,0.0884365669654,9.45300032232e-05,1.01014127568e-07,8.02095473635e-11,
796.0,0.0873865987516,9.34077324477e-05,9.96060529677e-08,2.52003308354e-10,
797.0,0.0863490963173,9.22988496352e-05,9.85948835413e-08,2.08847480836e-10,
798.0,0.0853239116954,9.12030610202e-05,9.79051332678e-08,6.53710947043e-11,
799.0,0.0843108986336,9.01196787693e-05,9.64732275179e-08,3.12765071037e-10,
800.0,0.0833099126236,8.90502318274e-05,9.5558988533e-08,1.82871678225e-10,
801.0,0.0823208108701,8.79932859825e-05,9.39271338494e-08,1.56280257487e-10,
802.0,0.081343452313,8.69486976554e-05,9.27164633103e-08,4.96881564792e-10,
803.0,0.080377697465,8.59165852051e-05,9.13714481818e-08,1.04751800436e-10,
804.0,0.079423408634,8.48966315446e-05,9.07171662748e-08,3.18338648792e-10,
805.0,0.078480449634,8.3887697898e-05,8.96020600855e-08,3.71894682328e-10,
806.0,0.0775486859723,8.28922562468e-05,8.81631758588e-08,6.17975708988e-10,
807.0,0.0766279847182,8.1907813415e-05,8.66808326548e-08,6.7241364736e-10,
808.0,0.0757182145656,8.09361387025e-05,8.61755094911e-08,1.74596303892e-10,
809.0,0.074819245677,7.99742455864e-05,8.54233782752e-08,3.55697412398e-10,
810.0,0.0739309498786,7.90253114553e-05,8.40357123387e-08,2.05443126712e-10,
811.0,0.0730532004064,7.80875965127e-05,8.31245043623e-08,3.50460434599e-10,
812.0,0.0721858720647,7.71595818458e-05,8.29829797416e-08,3.59544251349e-10,
813.0,0.0713288411269,7.62431402394e-05,8.16074065857e-08,3.50200627662e-10,
814.0,0.0704819853636,7.53382664479e-05,8.03543814402e-08,3.84094978206e-10,
815.0,0.0696451839281,7.44438663776e-05,7.95428633e-08,7.30651970987e-11,
816.0,0.0688183174614,7.35595466553e-05,7.90716131243e-08,7.99459967092e-10,
817.0,0.0680012680352,7.26872408681e-05,7.73346703104e-08,1.06954684627e-10,
818.0,0.067193919055,7.18238867259e-05,7.61940734737e-08,4.51299312478e-10,
819.0,0.0663961553812,7.09707147683e-05,7.65865729031e-08,2.0884326355e-10,
820.0,0.0656078631926,7.01287355606e-05,7.52805478862e-08,1.74020564739e-10,
821.0,0.0648289300545,6.92957690644e-05,7.42661314818e-08,1.15112787294e-10,
822.0,0.0640592448341,6.84726955835e-05,7.34615471499e-08,2.1344472211e-10,
823.0,0.063298697764,6.76600014751e-05,7.2322935196e-08,1.15724385838e-10,
824.0,0.0625471803236,6.68574686383e-05,7.13399049756e-08,1.92187108711e-10,
825.0,0.0618045853188,6.60633434794e-05,7.03769070942e-08,3.86188633246e-10,
826.0,0.0610708067996,6.52790712587e-05,6.95420114029e-08,1.8145184254e-10,
827.0,0.0603457401333,6.45040958028e-05,6.87765284497e-08,2.1929032672e-10,
828.0,0.0596292818494,6.37383618187e-05,6.7956080576e-08,2.47154130662e-10,
829.0,0.0589213297644,6.29811117961e-05,6.74435860983e-08,1.85286687644e-10,
830.0,0.05822178288,6.22333807098e-05,6.65115474261e-08,4.72966848812e-10,
831.0,0.0575305413985,6.14948589159e-05,6.57636145903e-08,3.84617594343e-10,
832.0,0.0568475067231,6.07646482605e-05,6.47009875366e-08,3.30952538105e-10,
833.0,0.0561725814168,6.00433625069e-05,6.38119973351e-08,3.88176485275e-10,
834.0,0.0555056691929,5.93301586192e-05,6.32416902872e-08,4.36493532819e-10,
835.0,0.0548466749486,5.86256052346e-05,6.23378532124e-08,5.95454167536e-10,
836.0,0.0541955046129,5.7929588004e-05,6.16819964269e-08,4.43110985253e-10,
837.0,0.0535520654015,5.72424855942e-05,6.07417926618e-08,1.94197809445e-10,
838.0,0.0529162654218,5.65621039532e-05,5.99781719492e-08,3.592495894e-10,
839.0,0.0522880139964,5.58910292275e-05,5.959050488e-08,6.8342077927e-11,
840.0,0.0516672215469,5.52276034487e-05,5.90381584705e-08,1.59454202032e-10,
841.0,0.0510537994597,5.45716568752e-05,5.8036748097e-08,1.25038579646e-10,
842.0,0.0504476602943,5.39236906508e-05,5.77933258945e-08,1.94452724834e-10,
843.0,0.0498487175367,5.32837144597e-05,5.68525339207e-08,2.16016434421e-10,
844.0,0.0492568857643,5.26512878698e-05,5.6125912818e-08,2.19499599857e-10,
845.0,0.0486720805397,5.20262330664e-05,5.54334429938e-08,3.81202288372e-10,
846.0,0.0480942184591,5.14079632735e-05,5.48962421013e-08,1.28927443051e-10,
847.0,0.0475232170626,5.07978991387e-05,5.50106935941e-08,6.02850098113e-10,
848.0,0.0469589949465,5.01946166611e-05,5.34772005817e-08,4.91813666133e-10,
849.0,0.0464014715619,4.95983809331e-05,5.3277832836e-08,1.93014166719e-10,
850.0,0.0458505674238,4.90103486479e-05,5.22445576385e-08,3.32639299575e-10,
851.0,0.0453062038828,4.84283095185e-05,5.11661369029e-08,2.88382095402e-10,
852.0,0.0447683033884,4.78532603472e-05,5.07044129069e-08,2.46103223818e-10,
853.0,0.0442367891328,4.7284754591e-05,5.01908577536e-08,5.79880867501e-10,
854.0,0.0437115853046,4.67242061512e-05,4.94473639218e-08,3.12086403031e-10,
855.0,0.0431926169786,4.61680695611e-05,4.98441272912e-08,1.57892075423e-10,
856.0,0.0426798101461,4.56204991637e-05,4.90832076033e-08,2.2739246334e-10,
857.0,0.0421730916274,4.50786240536e-05,4.86500212421e-08,5.96830282007e-10,
858.0,0.0416723891823,4.4543627199e-05,4.79007255616e-08,4.69963411813e-10,
859.0,0.0411776313179,4.40147983177e-05,4.72170122678e-08,2.02463685124e-10,
860.0,0.0406887475225,4.34919424985e-05,4.69008083233e-08,5.29302490346e-10,
861.0,0.0402056680163,4.29758855994e-05,4.59114216475e-08,1.09877236703e-10,
862.0,0.0397283239242,4.24658949474e-05,4.49416010666e-08,4.86375877564e-10,
863.0,0.0392566470844,4.19623332769e-05,4.44821600083e-08,2.97287076234e-10,
864.0,0.0387905702884,4.14638523079e-05,4.46341129407e-08,8.8313816951e-10,
865.0,0.038330026999,4.09712540274e-05,4.35996872483e-08,4.0998549788e-10,
866.0,0.0378749515583,4.04845785612e-05,4.3236020641e-08,1.94542390495e-10,
867.0,0.0374252789964,4.00037478588e-05,4.28226559961e-08,7.80910730171e-10,
868.0,0.0369809452141,3.95291905078e-05,4.27143579276e-08,3.32401993818e-10,
869.0,0.0365418868063,3.90594713971e-05,4.20376591444e-08,2.8088736658e-10,
870.0,0.036108041141,3.8596106273e-05,4.11121090217e-08,1.59486983621e-10,
871.0,0.0356793463503,3.81376953035e-05,4.10333896264e-08,3.49725836865e-10,
872.0,0.035255741252,3.768513986e-05,3.9947208757e-08,3.25406303257e-10,
873.0,0.0348371654361,3.7238153711e-05,3.93551977556e-08,8.25781858385e-11,
874.0,0.0344235591707,3.67955270396e-05,3.94108503921e-08,5.4691886315e-11,
875.0,0.0340148634631,3.63589605797e-05,3.90746424733e-08,2.67674592116e-10,
876.0,0.0336110200359,3.59271011973e-05,3.82836373262e-08,1.42725611141e-10,
877.0,0.0332119712636,3.55002782387e-05,3.8076056273e-08,2.07823910779e-10,
878.0,0.0328176602235,3.50790142048e-05,3.74581945269e-08,1.76044122805e-10,
879.0,0.0324280306635,3.46625941256e-05,3.71845242325e-08,2.22250568671e-10,
880.0,0.0320430269963,3.42509815789e-05,3.65154399918e-08,1.43155878297e-10,
881.0,0.0316625943176,3.38440748534e-05,3.58823648779e-08,2.47465768978e-10,
882.0,0.0312866783444,3.34420809654e-05,3.62050803295e-08,5.60977276463e-10,
883.0,0.030915225458,3.30450118052e-05,3.57541431814e-08,1.58719383833e-10,
884.0,0.0305481826662,3.26530787042e-05,3.53569904812e-08,1.85921771758e-10,
885.0,0.0301854975916,3.22648976903e-05,3.48206882603e-08,9.89478939065e-11,
886.0,0.0298271185257,3.18824959866e-05,3.39011323437e-08,2.32494029417e-10,
887.0,0.0294729943436,3.15031137419e-05,3.4076404062e-08,1.24509788496e-10,
888.0,0.0291230745336,3.11298350438e-05,3.33277991415e-08,5.21645260504e-11,
889.0,0.0287773091384,3.07602442261e-05,3.27630657732e-08,1.25747156238e-10,
890.0,0.0284356488719,3.0395303944e-05,3.23579804976e-08,2.52548346424e-10,
891.0,0.0280980449781,3.00339004951e-05,3.18609834174e-08,3.42825692145e-10,
892.0,0.0277644493381,2.96774914663e-05,3.19361538376e-08,1.68771316264e-10,
893.0,0.0274348143275,2.9325066617e-05,3.13965650505e-08,4.6657519693e-10,
894.0,0.0271090928953,2.89772394646e-05,3.15736864618e-08,2.25334977878e-10,
895.0,0.0267872386389,2.86328976177e-05,3.04688905408e-08,1.78321230474e-10,
896.0,0.0264692055829,2.82934190246e-05,3.02205380649e-08,1.87400406816e-10,
897.0,0.0261549484108,2.79572639551e-05,2.95416506197e-08,1.92603146141e-10,
898.0,0.0258444223012,2.76254637484e-05,2.92167435514e-08,4.32012748281e-11,
899.0,0.0255375828915,2.72975690695e-05,2.94103077914e-08,4.56984587389e-10,
900.0,0.0252343864621,2.69726800004e-05,2.89335971977e-08,3.45214440052e-10,
901.0,0.0249347897688,2.66531791998e-05,2.83449490096e-08,3.97810098408e-10,
902.0,0.0246387500331,2.63367659562e-05,2.79415523415e-08,7.95084699393e-11,
903.0,0.0243462250542,2.60235547674e-05,2.76709459271e-08,1.53841717465e-10,
904.0,0.0240571730939,2.57149107505e-05,2.68244601906e-08,4.22649000734e-10,
905.0,0.0237715529217,2.54099054673e-05,2.6695843182e-08,2.30227323478e-10,
906.0,0.0234893237753,2.51079431007e-05,2.63971298364e-08,1.7906018049e-10,
907.0,0.0232104454412,2.48101879512e-05,2.61771190142e-08,2.4781019428e-10,
908.0,0.022934878079,2.45151584637e-05,2.64934206403e-08,1.36177615953e-10,
909.0,0.022662582415,2.42244024948e-05,2.53227771533e-08,1.16642153539e-10,
910.0,0.0223935196094,2.39362147821e-05,2.60021225485e-08,2.87388294351e-10,
911.0,0.022127651268,2.36522602532e-05,2.55113318941e-08,2.23190874649e-10,
912.0,0.0218649394285,2.33713398432e-05,2.52020028525e-08,9.78168040625e-11,
913.0,0.0216053466775,2.30942442253e-05,2.46263823471e-08,5.39696288371e-10,
914.0,0.0213488359578,2.28201365265e-05,2.4497196823e-08,1.73068000187e-10,
915.0,0.021095370671,2.25497205974e-05,2.40433554222e-08,3.51382780961e-10,
916.0,0.0208449146634,2.22812193174e-05,2.40825193363e-08,5.92370888073e-10,
917.0,0.0205974322258,2.20167651351e-05,2.37368105548e-08,3.72500545922e-10,
918.0,0.0203528880055,2.1755455474e-05,2.29656943447e-08,6.20276698737e-11,
919.0,0.0201112471897,2.1497492375e-05,2.23915703609e-08,6.56638641285e-10,
920.0,0.0198724752135,2.12424033106e-05,2.26527225864e-08,1.27100562676e-10,
921.0,0.0196365381095,2.09896085124e-05,2.27586822325e-08,9.1966951432e-11,
922.0,0.0194034021667,2.07403179695e-05,2.19583848291e-08,2.0341528522e-10,
923.0,0.0191730341768,2.04941844409e-05,2.22543728929e-08,3.42385687528e-10,
924.0,0.018945401212,2.02513592779e-05,2.14423132319e-08,3.39424312773e-10,
925.0,0.0187204708325,2.00100071335e-05,2.17890092235e-08,6.60126090939e-11,
926.0,0.0184982109826,1.97728686838e-05,2.11443153624e-08,3.84609651778e-10,
927.0,0.0182785899156,1.95380626708e-05,2.10305052871e-08,1.76521647275e-10,
928.0,0.018061576292,1.93061859957e-05,2.0630181802e-08,2.09139586283e-10,
929.0,0.0178471391826,1.90767026109e-05,2.04349670977e-08,1.57531149553e-10,
930.0,0.0176352480128,1.88509865317e-05,1.95039434616e-08,1.41520195865e-10,
931.0,0.0174258725052,1.8626478502e-05,1.96056372292e-08,4.98462865472e-10,
932.0,0.0172189828308,1.84057054745e-05,1.94745538347e-08,1.73804924664e-10,
933.0,0.0170145494615,1.81868918503e-05,1.9394954441e-08,6.72341533215e-10,
934.0,0.0168125432473,1.79708091957e-05,1.94246824979e-08,4.77740373926e-11,
935.0,0.0166129353415,1.77573491675e-05,1.88625737713e-08,2.35991379367e-10,
936.0,0.0164156973099,1.75462033492e-05,1.92169508269e-08,4.63024208306e-10,
937.0,0.0162208010091,1.73385185647e-05,1.84856358804e-08,4.76196731145e-11,
938.0,0.0160282186197,1.71325992019e-05,1.85203781499e-08,1.4932438156e-10,
939.0,0.0158379226682,1.69292295287e-05,1.80482350585e-08,9.63168678033e-11,
940.0,0.015649886022,1.67285244585e-05,1.77403108331e-08,9.23556145501e-11,
941.0,0.0154640818391,1.65294854584e-05,1.78506939457e-08,2.81776598166e-10,
942.0,0.0152804836317,1.63331570563e-05,1.72260961722e-08,8.06714409937e-10,
943.0,0.0150990652039,1.61396064982e-05,1.73242507597e-08,8.16946345228e-11,
944.0,0.0149198006773,1.59482613877e-05,1.63133142828e-08,4.08435033113e-10,
945.0,0.014742664485,1.57581313212e-05,1.65890150569e-08,8.7016279293e-11,
946.0,0.0145676313595,1.55710852904e-05,1.70726358471e-08,9.44189921415e-11,
947.0,0.014394676317,1.53864914857e-05,1.67152929313e-08,3.88220553738e-10,
948.0,0.0142237747048,1.52041855466e-05,1.62816179187e-08,1.26031983871e-10,
949.0,0.0140549020887,1.50230277884e-05,1.64637657026e-08,5.48536688704e-10,
950.0,0.0138880344751,1.48448763975e-05,1.59318756424e-08,1.11037033785e-10,
951.0,0.0137231479922,1.46683139469e-05,1.60231853757e-08,1.77541261238e-10,
952.0,0.0135602191085,1.44942679131e-05,1.5921544352e-08,3.43581355183e-10,
953.0,0.0133992246249,1.43223371211e-05,1.49592885567e-08,3.4381076732e-10,
954.0,0.0132401415647,1.41526843899e-05,1.44365020035e-08,1.11606361162e-09,5.55404731229e-10,
955.0,0.0130829472366,1.39840486917e-05,1.53925837892e-08,1.13419040265e-10,
956.0,0.0129276191939,1.38185225615e-05,1.42591505488e-08,4.41243901413e-10,
957.0,0.0127741352838,1.36542108819e-05,1.43195118037e-08,1.77461544485e-10,
958.0,0.0126224736278,1.34923701876e-05,1.40936247436e-08,2.53999560748e-10,
959.0,0.0124726125693,1.33315729609e-05,1.45613814974e-08,1.62084879104e-10,
960.0,0.0123245307587,1.31740132403e-05,1.3935918818e-08,1.07534525768e-10,
961.0,0.0121782070543,1.3017026417e-05,1.45594744263e-08,5.74828706721e-10,
962.0,0.012033620595,1.28631267088e-05,1.38029947422e-08,3.32207332914e-10,
963.0,0.0118907507253,1.27103959539e-05,1.38369674993e-08,1.22435244948e-10,
964.0,0.0117495771016,1.25587283745e-05,1.37291049387e-08,6.55755255884e-10,
965.0,0.0116100795739,1.2410556221e-05,1.28201310923e-08,2.2705994784e-10,
966.0,0.0114722382255,1.22630213108e-05,1.31403992288e-08,1.18094182133e-10,
967.0,0.0113360334135,1.21169249224e-05,1.25063778042e-08,7.42246332713e-10,
968.0,0.0112014457105,1.1973226007e-05,1.25262007486e-08,1.67683350944e-10,
969.0,0.0110684558951,1.18314370897e-05,1.26487881735e-08,1.04543130678e-10,
970.0,0.0109370449974,1.16904804503e-05,1.25628916227e-08,1.05546854877e-10,
971.0,0.0108071943129,1.15513843691e-05,1.23099432708e-08,8.3544876222e-11,
972.0,0.0106788852691,1.1414798777e-05,1.24947022435e-08,1.81923464845e-10,
973.0,0.0105520996043,1.12795856027e-05,1.1679684366e-08,1.94712187163e-10,
974.0,0.0104268191995,1.11455578916e-05,1.19519329331e-08,1.79499478239e-10,
975.0,0.0103030261762,1.10127170694e-05,1.2361250128e-08,2.71894553532e-10,
976.0,0.0101807029142,1.08827004769e-05,1.16565799383e-08,6.04830613918e-10,
977.0,0.010059831921,1.07528419814e-05,1.14775900834e-08,3.18433663815e-10,
978.0,0.00994039598457,1.06251647701e-05,1.13816148943e-08,3.32955099226e-10,
979.0,0.00982237806812,1.04995415957e-05,1.10000494649e-08,6.86232342492e-10,
980.0,0.00970576129994,1.03747045094e-05,1.0537676061e-08,4.76217957943e-10,
981.0,0.00959052907914,1.02513591385e-05,1.09132580147e-08,9.00536884576e-11,
982.0,0.00947666497907,1.01299441081e-05,1.04929790389e-08,1.85131557812e-10,
983.0,0.00936415273756,1.00097029141e-05,1.04604800289e-08,2.82663079379e-10,
984.0,0.00925297629181,9.89056901488e-06,1.06103111335e-08,1.40646584679e-10,
985.0,0.00914311980658,9.77295114563e-06,9.88925926097e-09,1.04951213609e-10,
986.0,0.00903456760185,9.65729820204e-06,1.05264836916e-08,2.39974261476e-10,
987.0,0.00892730415408,9.54262671308e-06,1.04634007613e-08,1.43350329976e-10,
988.0,0.00882131421647,9.42917736647e-06,1.02887378453e-08,6.0191056216e-10,
989.0,0.00871658266344,9.31720790975e-06,1.00105225803e-08,1.66602422317e-10,
990.0,0.00861309453885,9.20652331906e-06,9.76590178807e-09,2.26750734098e-10,
991.0,0.00851083506214,9.09741380936e-06,9.4017150531e-09,5.10685445651e-10,
992.0,0.00840978967884,8.98916500256e-06,9.84072828609e-09,5.24695399189e-10,
993.0,0.00830994398733,8.88294691483e-06,8.72421510795e-09,1.37739160642e-10,
994.0,0.00821128369951,8.77661837104e-06,9.46664555539e-09,1.33244815302e-10,
995.0,0.0081137947608,8.67277871909e-06,9.36738323562e-09,2.13337184258e-10,
996.0,0.00801746325877,8.56998832653e-06,8.83664893467e-09,1.8163518532e-10,
997.0,0.00792227546111,8.46764516203e-06,9.06002461198e-09,1.29748474313e-10,
998.0,0.00782821779287,8.36806508516e-06,8.85822505435e-09,4.42712252807e-10,
999.0,0.00773527684353,8.26901709438e-06,8.93828728523e-09,3.88743335197e-10,
