Coordinates:
0.0,0.714285714286,1.42857142857,2.14285714286,2.85714285714,3.57142857143,4.28571428571,5.0,5.71428571429,6.42857142857,7.14285714286,7.85714285714,8.57142857143,9.28571428571,10.0,
Volumes:
0.357142857143,0.714285714286,0.714285714286,0.714285714286,0.714285714286,0.714285714286,0.714285714286,0.714285714286,0.714285714286,0.714285714286,0.714285714286,0.714285714286,0.714285714286,0.714285714286,0.357142857143,

 Time(s), Error (-) on vertices
186.850297964,0.0,104658.103371,69015.7610908,45511.824655,30012.401785,19791.4579838,13051.347474,8606.63602397,5675.60335878,3742.75282631,2468.14551726,1627.61196802,1073.32558435,707.803289834,466.760563431,307.805383971,202.982567549,133.85720094,88.2724539705,58.2115440757,38.3878237168,25.3150222326,16.6941218316,11.0090357897,7.25997998774,4.78764559197,3.15725013591,2.08207518901,1.37304333609,0.905466722039,0.597119359051,0.393776880734,0.259680702884,0.17124958924,0.112932720857,0.0744749865854,0.0491135651484,0.0323886517043,0.0213591838952,0.0140856474423,0.00928900812954,0.00612579189202,0.00403975938596,0.00266409134302,0.0017568840156,0.00115861038524,0.000764068154925,0.000503879989223,0.000332293989693,0.000219138251376,0.000144515430273,9.53038838386e-05,6.28502642703e-05,4.14480747079e-05,2.73339261533e-05,1.80260099274e-05,1.18876937597e-05,7.83964785938e-06,5.1700045447e-06,3.40954563677e-06,2.24850052228e-06,1.48281698216e-06,9.77893412754e-07,
373.700595927,1.0,0.655880450418,0.43018691646,0.2821613526,0.185074111098,0.121395229925,0.0796279199505,0.0522320308996,0.0342622783154,0.0224751884373,0.0147434191917,0.00967165612268,0.00634470204609,0.0041622614896,0.00273058200738,0.00179138450297,0.00117524961419,0.000771043939095,0.000505866399741,0.000331894630242,0.000217757084408,0.000142873612047,9.37431211533e-05,6.15084008312e-05,4.03586929783e-05,2.64817919377e-05,1.73766179164e-05,1.14022544692e-05,7.48210482398e-06,4.90980696019e-06,3.22190404508e-06,2.11430837938e-06,1.38749551675e-06,9.10546991042e-07,
560.550893891,1.0,0.657363259846,0.432130586159,0.284072193498,0.186743962216,0.12276329243,0.0807039119879,0.0530548065318,0.034878593192,0.0229296405977,0.0150743844322,0.00991028089154,0.00651532924785,0.00428342122166,0.00281610731916,0.0018514483747,0.00121724496786,0.00080029173518,0.000526165812242,0.000345940061697,0.000227448468072,0.00014954403215,9.83238910118e-05,6.46476756372e-05,4.25060401171e-05,2.79480970877e-05,1.83762837773e-05,1.20827828829e-05,7.94474714399e-06,5.22392580113e-06,3.43492864678e-06,2.25861509841e-06,1.48515065397e-06,9.76568146308e-07,
747.401191855,1.0,0.689948848651,0.476042408129,0.32846277964,0.226640944773,0.156387553203,0.107913932792,0.0744670750647,0.0513880845971,0.0354627036439,0.0244732953987,0.0168897872431,0.0116564671196,0.0080449002823,0.00555245781038,0.00383231033794,0.00264512863996,0.00182575950997,0.00126023319489,0.000869898840176,0.000600477869974,0.000414510564549,0.000286143884702,0.000197534759249,0.000136368073666,9.41438447421e-05,6.49951767209e-05,4.48724961285e-05,3.09805524855e-05,2.13898552755e-05,1.47684943563e-05,1.01970421502e-05,7.04079588588e-06,4.86159495375e-06,3.35695253203e-06,2.31804022867e-06,1.60068549426e-06,1.10535112587e-06,7.63314731045e-07,
934.251489819,1.0,0.674512760971,0.454972029883,0.306890583724,0.207007816019,0.139634977151,0.0941902537426,0.0635363070373,0.0428590166453,0.0289112352916,0.0195027244785,0.0131561281038,0.00887493237962,0.00598695704967,0.00403879065762,0.00272458671189,0.00183803592803,0.00123997066128,0.000836513307601,0.00056433672181,0.00038072181339,0.000256850953849,0.000173284037868,0.000116906826269,7.88724075612e-05,5.32125684245e-05,3.59010560316e-05,2.42216700916e-05,1.63419841992e-05,1.10257796722e-05,7.43905273449e-06,5.01914507794e-06,3.38645749757e-06,2.28488979012e-06,1.54166004156e-06,1.04019721215e-06,7.01853472266e-07,
1121.10178778,1.0,0.658573117469,0.433719702238,0.285637650664,0.18811477194,0.123888641823,0.0815908060681,0.0537343615262,0.0353886582221,0.0233065092317,0.0153494031989,0.0101089694151,0.00665768729732,0.00438471149314,0.00288775117148,0.00190186474468,0.00125256593775,0.000824940592157,0.000543307693873,0.000357824553224,0.000235665233891,0.000155210820664,0.000102223221736,6.73252885072e-05,4.43412537675e-05,2.92037618682e-05,1.92340485898e-05,1.26678729133e-05,8.34329811451e-06,5.49506581714e-06,3.61917101217e-06,2.38367134129e-06,1.56994598927e-06,1.0340085079e-06,6.81027368272e-07,
1307.95208575,1.0,0.642365672847,0.412633717301,0.265061812061,0.170266683042,0.109373535596,0.0702578554995,0.0451312737007,0.0289908102753,0.0186227228358,0.0119626134074,0.00768438328603,0.0049361918634,0.00317084568826,0.00203684623673,0.00130840274002,0.00084047482054,0.000539893416225,0.000346809845385,0.00022277931616,0.000143106176069,9.19267591933e-05,5.90507726006e-05,3.7932309085e-05,2.43664936756e-05,1.56522530073e-05,1.0054506086e-05,6.45869363385e-06,4.14885915858e-06,2.6650953913e-06,1.71197291017e-06,1.09971735363e-06,7.06423817035e-07,
1494.80238371,1.0,0.625999063945,0.391875018799,0.245313633905,0.153566329714,0.0961325661674,0.0601790432559,0.0376721351076,0.0235828019643,0.0147628696904,0.00924158329299,0.00578525080766,0.00362158110152,0.00226711971234,0.00141922386531,0.000888438914465,0.000556166024959,0.000348162147874,0.000217951000169,0.0001364383302,8.54110657606e-05,5.34677739059e-05,3.3471122839e-05,2.09531188945e-05,1.31167816866e-05,8.21119036327e-06,5.14026097241e-06,3.21783991621e-06,2.01439167679e-06,1.26102479169e-06,7.89411680968e-07,
1681.65268167,1.0,0.609530321939,0.371528251842,0.226459002861,0.13803478994,0.0841373349731,0.0512849780094,0.0312602774385,0.0190544632253,0.0116145356132,0.00707959192071,0.00431534823575,0.00263041772366,0.00160337405578,0.000977341277117,0.00059574292529,0.000363138932949,0.00022135432075,0.000134928741351,8.2247406733e-05,5.01350255543e-05,3.05605773316e-05,1.86287261764e-05,1.13554947005e-05,6.9219786902e-06,4.21944917117e-06,2.57206869649e-06,1.5678722928e-06,9.55740787933e-07,
1868.50297964,1.0,0.592992265569,0.351642175143,0.208523881662,0.123655538089,0.0733287504788,0.0434848477721,0.0257872240782,0.0152923496411,0.00906873775811,0.00537802085463,0.00318934241853,0.00189139771274,0.001121676518,0.000665204946248,0.000394499447782,0.000233959364256,0.000138751467121,8.22882580374e-05,4.88024137509e-05,2.89432903267e-05,1.71655482752e-05,1.01805362183e-05,6.03791281046e-06,3.58101592774e-06,2.12387476079e-06,1.25966430407e-06,7.4710909063e-07,
2055.3532776,1.0,0.576405118867,0.332246843247,0.191513386975,0.110393291961,0.0636343393962,0.0366813861428,0.0211448844342,0.0121890625827,0.00702652745367,0.00405057496083,0.00233506041789,0.00134612419171,0.000776028608706,0.000447379384834,0.000257916944193,0.000148692645989,8.57244785382e-05,4.94226467499e-05,2.84939705765e-05,1.64280421036e-05,9.47162614162e-06,5.46096291927e-06,3.14861740883e-06,1.81541775501e-06,1.04674122738e-06,6.03542969568e-07,
2242.20357556,1.0,0.559782024624,0.31336177755,0.175420880979,0.098203013147,0.054976446825,0.0307777536881,0.0172308078653,0.00964679164756,0.00540093272882,0.00302387141794,0.00169303769609,0.000947935451651,0.000530761982955,0.000297187015315,0.000166405972332,9.31788018137e-05,5.21764522193e-05,2.9217379372e-05,1.63612825532e-05,9.16226565081e-06,5.13095194395e-06,2.87344328881e-06,1.60922589071e-06,9.01241467285e-07,
2429.05387353,1.0,0.543131892688,0.295000195517,0.160232685875,0.0870345824277,0.0472764258873,0.0256808617643,0.0139504058906,0.00757838235224,0.00411697971756,0.00223662726817,0.00121512598074,0.000660179345708,0.000358686992505,0.000194886845383,0.000105891905751,5.753822794e-05,3.12653878052e-05,1.69896690909e-05,9.23251299388e-06,5.01728747657e-06,2.726667922e-06,1.48186914007e-06,8.05382104364e-07,
2615.90417149,1.0,0.526460970887,0.277171348935,0.145930695863,0.0768353944539,0.0404568946756,0.0213029873496,0.011217741274,0.00590727892392,0.00311090601467,0.00163833937326,0.000862856597912,0.000454455511141,0.000239365931804,0.000126081608526,6.64140258819e-05,3.49853939528e-05,1.84303192923e-05,9.70953241365e-06,5.11544456682e-06,2.69518327244e-06,1.42008167727e-06,7.48270654038e-07,
2802.75446946,1.0,0.509773756348,0.259881886347,0.132493903619,0.0675518770075,0.0344429929222,0.0175625099081,0.00895560289333,0.00456694659195,0.00232905752761,0.00118784015265,0.000605842340537,0.000309019163543,0.000157628853956,8.04101527984e-05,4.10214754514e-05,2.09284588989e-05,1.06779817738e-05,5.44838053208e-06,2.7801766865e-06,1.41874540568e-06,7.24042476264e-07,
2989.60476742,1.0,0.493073543705,0.243136680528,0.119899332212,0.0591304208684,0.0291630898478,0.0143841732669,0.00709521457251,0.00350006317875,0.00172669817142,0.000851898107828,0.00042032967456,0.000207407342776,0.000102350601035,5.05113978783e-05,2.49299631364e-05,1.23051721195e-05,6.07418646028e-06,2.99863420957e-06,1.4804521756e-06,7.30973150485e-07,
3176.45506538,1.0,0.476362763897,0.226939349552,0.10812262665,0.0515179716702,0.0245491765893,0.0116990808909,0.00557575712119,0.00265762626811,0.00126684244683,0.000603935617596,0.00028793783503,0.000137292753754,6.54693514963e-05,3.12227228722e-05,1.48917801175e-05,7.10340157573e-06,3.38868235156e-06,1.61674281278e-06,7.71431795367e-07,
3363.30536335,1.0,0.459643198316,0.211292596851,0.0971384437087,0.0446624203931,0.0205370699445,0.00944453774634,0.00434380016801,0.00199805211046,0.000919163112616,0.00042289072101,0.000194587318978,8.9547356124e-05,4.12139207778e-05,1.89709523487e-05,8.73352370874e-06,4.02111248491e-06,1.85165672158e-06,8.52773185748e-07,
3550.15566131,1.0,0.442916118125,0.196198442684,0.0869207190858,0.0385128699183,0.017066499153,0.00756380287765,0.00335269778144,0.00148630640029,0.000658996876257,0.000292227313477,0.000129605107206,5.74895291299e-05,2.55048177107e-05,1.13168118104e-05,5.02222274831e-06,2.22915117176e-06,9.8959264881e-07,
3737.00595927,1.0,0.426182379544,0.181658390211,0.07744285808,0.0330198226791,0.0140811175473,0.00600579028511,0.00256197887214,0.00109308772972,0.000466455702566,0.000199087316047,8.4987788609e-05,3.62870150528e-05,1.54963651241e-05,6.61903213067e-06,2.8277919848e-06,1.20834534918e-06,5.1644935869e-07,
3923.85625724,1.0,0.409442494327,0.167673551907,0.0686778768857,0.0281353159883,0.0115284641028,0.00472474084495,0.00193675051026,0.000794073803387,0.000325643202966,0.000133573309362,5.48020166526e-05,2.24892701787e-05,9.23121874014e-06,3.79009933622e-06,1.55651442695e-06,6.39396101625e-07,
4110.7065552,1.0,0.392696687927,0.154244751813,0.0605985105462,0.0238130211281,0.00935989040307,0.0036798795725,0.00144712491948,0.000569234420773,0.000223971260163,8.81480875954e-05,3.47021651839e-05,1.36655500324e-05,5.38305084688e-06,2.12111815785e-06,8.36065930143e-07,
4297.55685317,1.0,0.375944951448,0.141372611084,0.0531772960561,0.0200083156884,0.00753046277061,0.0028350674545,0.00106767646867,0.000402211658562,0.000151569822319,5.71371486896e-05,2.15465134503e-05,8.128178095e-06,3.06741542665e-06,1.15803290623e-06,4.37365012767e-07,
4484.40715113,1.0,0.359187091841,0.129057621581,0.0463866362175,0.0166783357696,0.00599884644872,0.00215845428423,0.000776932378514,0.000279765622049,0.000100781792111,3.6320566491e-05,1.30952124493e-05,4.72355371823e-06,1.70462530792e-06,6.15461233836e-07,
4671.25744909,1.0,0.342422781865,0.117300209093,0.0401988472699,0.0137820124643,0.00472717665385,0.00162213697186,0.000556899074868,0.00019128284114,6.57345729331e-05,2.26015541311e-05,7.77531988019e-06,2.67635207082e-06,9.2177171728e-07,
4858.10774706,1.0,0.325651609209,0.106100786003,0.0345861920969,0.0112800959409,0.00368092012183,0.00120182656058,0.000392624956337,0.000128343623082,4.19798930346e-05,1.37401084221e-05,4.50021033154e-06,1.47496690434e-06,4.8378500212e-07,
5044.95804502,1.0,0.308873125003,0.095459793877,0.0295209011678,0.00913517025587,0.00282873013292,0.000876526360275,0.000271799546688,8.43442479432e-05,2.61938323901e-05,8.14131411612e-06,2.53255126834e-06,7.88511587507e-07,
5231.80834298,1.0,0.292086891324,0.0853777360337,0.0249751830159,0.00731166147564,0.00214229726949,0.000628222882347,0.000184388386222,5.41696606775e-05,1.59294223734e-05,4.6890595776e-06,1.38177012837e-06,4.07638095199e-07,
5418.65864095,1.0,0.275292526216,0.0758551995898,0.0209212258043,0.0057758412475,0.00159619758151,0.00044159070827,0.000122302579458,3.39122396452e-05,9.41472782192e-06,2.61708350462e-06,7.2847920164e-07,
5605.50893891,1.0,0.25848974783,0.0668928685237,0.0173311923929,0.00449582799705,0.00116773948998,0.000303712062692,7.91016376465e-05,2.06322759298e-05,5.38991233622e-06,1.41035416696e-06,3.69683841017e-07,
5792.35923688,1.0,0.241678417095,0.0584915277317,0.0141772104136,0.00344158717673,0.000836810185418,0.000203811484805,4.97280327239e-05,1.21559028974e-05,2.97738336066e-06,7.30800774754e-07,
5979.20953484,1.0,0.224858582484,0.0506520601398,0.0114313595744,0.00258493197078,0.000585722035335,0.000133005813664,3.02717668134e-05,6.9064058206e-06,1.57972668644e-06,3.6233199297e-07,
6166.0598328,1.0,0.208030529413,0.0433754375479,0.00906565753591,0.00189952520236,0.000399059127601,8.40695290843e-05,1.7763193501e-05,3.76502986721e-06,8.00718056778e-07,
6352.91013077,1.0,0.191194842748,0.0366627076003,0.00705204607303,0.00136088307938,0.000263523928119,5.12154368393e-05,9.99230105738e-06,1.95765289633e-06,3.85263562015e-07,
6539.76042873,1.0,0.174352493562,0.0305149780406,0.00536237840063,0.00094638090435,0.000167783827488,2.98906475805e-05,5.35266517675e-06,9.6390859655e-07,
6726.61072669,1.0,0.157504974865,0.0249334010644,0.00396840869061,0.000635260779384,0.000102317312146,1.65878295654e-05,2.70828580314e-06,4.45599286034e-07,
6913.46102466,1.0,0.140654529787,0.0199191597144,0.00284178397436,0.000408640982064,5.92594364302e-05,8.67174112877e-06,1.28153133419e-06,1.91461166496e-07,
7100.31132262,1.0,0.123804567323,0.0154734605174,0.00195403848401,0.000249526658511,3.22463221096e-05,4.22111347988e-06,5.6041467244e-07,
7287.16162059,1.0,0.106960474395,0.0115975371445,0.00127658924793,0.000142821288652,1.62584599609e-05,1.88598549965e-06,2.23425805954e-07,
7474.01191855,1.0,0.0901313459687,0.00829267301053,0.000780729914303,7.5338454799e-05,7.462692879e-06,7.60650611083e-07,
7660.86221651,1.0,0.0733341027074,0.00556024836832,0.000437614239937,3.58138113078e-05,3.05290449099e-06,2.72380539676e-07,
7847.71251448,1.0,0.0566049047599,0.00340176045516,0.000218205424512,1.49192340024e-05,1.0895305004e-06,8.60572804894e-08,
8034.56281244,1.0,0.0400388339747,0.00181820966094,9.31418154706e-05,5.28953114071e-06,3.37281423251e-07,
8221.4131104,1.0,0.0239902255524,0.000802749130572,3.26756627555e-05,1.58250808145e-06,9.67287729687e-08,
8408.26340837,1.0,0.0110419616439,0.000279657304557,9.08326243513e-06,4.59899333099e-07,
8595.11370633,1.0,0.0155791114326,0.000262945942201,5.18562326665e-06,1.65736317281e-07,
8781.9640043,1.0,0.0306296769331,0.00102715420141,3.46295625016e-05,1.16787890772e-06,3.93938767544e-08,
8968.81430226,1.0,0.0230147238756,0.000582993486037,1.48023026672e-05,3.78564320818e-07,
9155.66460022,1.0,0.0158064771433,0.000265204465123,4.86743581075e-06,1.29952302064e-07,
9342.51489819,1.0,0.0100034178176,0.000127799132291,3.18504550521e-06,1.60897119929e-07,
9529.36519615,1.0,0.0125976742492,0.000162525198916,2.83185075474e-06,1.13668014631e-07,
9716.21549411,1.0,0.0160032470055,0.000268040493507,4.72214228163e-06,1.07339542799e-07,
9903.06579208,1.0,0.0198001752419,0.000417074453403,8.84893514346e-06,1.92267624729e-07,
10089.91609,1.0,0.0179804812266,0.000339979058652,6.52608764332e-06,1.33212057543e-07,
10276.766388,1.0,0.0161696035735,0.000270867451084,4.66935841569e-06,9.39962103646e-08,
10463.616686,1.0,0.0143771090465,0.000210498478952,3.24856879046e-06,7.15749646291e-08,
10650.4669839,1.0,0.0126174934647,0.000160240104069,2.25388933972e-06,6.17248017814e-08,
10837.3172819,1.0,0.0109138613836,0.000122605648802,1.7105484141e-06,5.92624874418e-08,
11024.1675799,1.0,0.00930486929204,0.000101265801061,1.62325639677e-06,6.04974715925e-08,
11211.0178778,1.0,0.0100356020793,0.000107614383375,1.49382410007e-06,5.07376514283e-08,
11397.8681758,1.0,0.010846225116,0.00012016887279,1.52475712383e-06,4.33575489224e-08,
11584.7184738,1.0,0.0117179372972,0.000137947716183,1.72705793954e-06,3.88525919518e-08,
11771.5687717,1.0,0.0126361717114,0.000159966557199,2.08332413486e-06,3.81252999592e-08,
11958.4190697,1.0,0.0135898328395,0.000185484514582,2.57019772547e-06,4.19766405563e-08,
12145.2693676,1.0,0.0131187259272,0.000172489923982,2.30135184843e-06,3.69385710169e-08,
12332.1196656,1.0,0.012643621201,0.000160023398294,2.05486814701e-06,3.24983126109e-08,
12518.9699636,1.0,0.0121649226801,0.000148105123689,1.83073802184e-06,2.86262745538e-08,
12705.8202615,1.0,0.0116830232357,0.000136756075618,1.62907327095e-06,2.52953541967e-08,
12892.6705595,1.0,0.0111983077078,0.000125998387716,1.45012260201e-06,2.24843878208e-08,
13079.5208575,1.0,0.0107111567402,0.000115855710598,1.29425986973e-06,2.01741567507e-08,
13266.3711554,1.0,0.0102219515355,0.000106353517532,1.16192474503e-06,1.83445446995e-08,
13453.2214534,1.0,0.00973107980972,9.75192507298e-05,1.05347267019e-06,1.69739447028e-08,
13640.0717514,1.0,0.00923894337779,8.93821805842e-05,9.68925916872e-07,
13826.9220493,1.0,0.00946037617887,9.25445126603e-05,9.83385524276e-07,
14013.7723473,1.0,0.00932457691296,9.00970756115e-05,9.50353734461e-07,
14200.6226452,1.0,0.00918855005349,8.76774442765e-05,9.18546182916e-07,
14387.4729432,1.0,0.00905234196774,8.52864495443e-05,8.87890625033e-07,
14574.3232412,1.0,0.00891599417938,8.29248749608e-05,8.58327321649e-07,
14761.1735391,1.0,0.00877954376047,8.05934575755e-05,8.2980530049e-07,
14948.0238371,1.0,0.00864302368915,7.82928817037e-05,8.02278883545e-07,
15134.8741351,1.0,0.00850646319954,7.60237880927e-05,7.7571039732e-07,
15321.724433,1.0,0.00836988810403,7.3786764281e-05,7.50064617291e-07,
15508.574731,1.0,0.00823332109905,7.15823617736e-05,7.25311665099e-07,
15695.425029,1.0,0.00809678203873,6.94110815966e-05,7.01423688657e-07,
15882.2753269,1.0,0.00796028821165,6.72733910891e-05,6.78377422661e-07,
16069.1256249,1.0,0.00782385457119,6.51697159538e-05,6.56148800383e-07,
16255.9759228,1.0,0.00768749397236,6.310045018e-05,6.34715561458e-07,
16442.8262208,1.0,0.00755121736824,6.10659544409e-05,6.14057677215e-07,
16629.6765188,1.0,0.00741503401208,5.90665604826e-05,5.94156408656e-07,
16816.5268167,1.0,0.00727895162738,5.710257384e-05,5.74991324627e-07,
17003.3771147,1.0,0.0071429765677,5.51742729149e-05,5.56544531201e-07,
17190.2274127,1.0,0.00700711397193,5.32819192826e-05,5.38797031577e-07,
17377.0777106,1.0,0.0068713678915,5.1425749902e-05,5.21730480676e-07,
17563.9280086,1.0,0.0067357414209,4.96059867484e-05,5.05325935705e-07,
17750.7783066,1.0,0.00660023680376,4.78228370317e-05,4.89565555393e-07,
17937.6286045,1.0,0.00646485554243,4.60764945238e-05,4.74429964164e-07,
18124.4789025,1.0,0.00632959848392,4.43671380528e-05,4.59900756281e-07,
18311.3292004,1.0,0.00619446591187,4.26949406207e-05,4.4595821149e-07,
18498.1794984,1.0,0.00605945762146,4.10600675064e-05,4.32583815539e-07,
18685.0297964,1.0,0.00592457298837,3.94626740585e-05,4.19757749601e-07,
18871.8800943,1.0,0.00578981103169,3.79029125374e-05,4.07459884209e-07,
19058.7303923,1.0,0.00565517048099,3.63809311509e-05,3.95670602929e-07,
19245.5806903,1.0,0.00552064981624,3.48968771255e-05,3.8437017711e-07,
19432.4309882,1.0,0.00538624732882,3.34508961068e-05,3.73538559475e-07,
19619.2812862,1.0,0.00525196115691,3.20431306304e-05,3.63155592333e-07,
19806.1315842,1.0,0.00511778933231,3.06737274809e-05,3.53200790221e-07,
19992.9818821,1.0,0.0049837298185,2.93428335956e-05,3.43654977632e-07,
20179.8321801,1.0,0.00484978054051,2.8050598171e-05,3.34498001826e-07,
20366.682478,1.0,0.0047159394281,2.6797169933e-05,3.25710292204e-07,
20553.532776,1.0,0.00458220444069,2.5582705662e-05,3.17272609104e-07,
20740.383074,1.0,0.00444857360408,2.44073591192e-05,3.09166409401e-07,
20927.2333719,1.0,0.00431504503957,2.32712845811e-05,3.01372650063e-07,
21114.0836699,1.0,0.00418161700024,2.21746409773e-05,2.9387402133e-07,
21300.9339679,1.0,0.00404828789883,2.11175800493e-05,2.86652788314e-07,
21487.7842658,1.0,0.00391505635384,2.01002494261e-05,2.79692523766e-07,
21674.6345638,1.0,0.00378192122125,1.91227887323e-05,2.72976727563e-07,
21861.4848618,1.0,0.00364888164532,1.81853205997e-05,2.66489954364e-07,
22048.3351597,1.0,0.00351593711688,1.72879491954e-05,2.60217725241e-07,
22235.1854577,1.0,0.00338308752541,1.64307465912e-05,2.54146627391e-07,
22422.0357556,1.0,0.00325033324138,1.56137446535e-05,2.48263056864e-07,
22608.8860536,1.0,0.00311767521075,1.48369238263e-05,2.4255479024e-07,
22795.7363516,1.0,0.00298511507118,1.41001941793e-05,2.37010731243e-07,
22982.5866495,1.0,0.00285265529494,1.34033841982e-05,2.31620208583e-07,
23169.4369475,1.0,0.00272029938012,1.27462135147e-05,2.26372874175e-07,
23356.2872455,1.0,0.0025880520942,1.21282784198e-05,2.21260066159e-07,
23543.1375434,1.0,0.00245591979405,1.15490238223e-05,2.16274374343e-07,
23729.9878414,1.0,0.00232391085068,1.10077219626e-05,2.11407322577e-07,
23916.8381394,1.0,0.00219203624496,1.05034541394e-05,2.06653053434e-07,
24103.6884373,1.0,0.00206031035207,1.00350853531e-05,2.02005017565e-07,
24290.5387353,1.0,0.00192875208058,9.60125356411e-06,1.9745798324e-07,
24477.3890332,1.0,0.00179738648272,9.20036496093e-06,1.93007184342e-07,
24664.2393312,1.0,0.00166624712683,8.83059117003e-06,1.88649358801e-07,
24851.0896292,1.0,0.00153537965446,8.4898861979e-06,1.8437996988e-07,
25037.9399271,1.0,0.00140484731492,8.17601046114e-06,1.80196267338e-07,
25224.7902251,1.0,0.00127473979173,7.88656394183e-06,1.760957963e-07,
25411.6405231,1.0,0.00114518793313,7.61903457852e-06,1.72075523307e-07,
25598.490821,1.0,0.00101638939787,7.3708531144e-06,1.68134483029e-07,
25785.341119,1.0,0.000888655778092,7.13945804542e-06,1.64270787356e-07,
25972.191417,1.0,0.00076250482332,6.92235881807e-06,1.60482615605e-07,
26159.0417149,1.0,0.000638854938985,6.71720482938e-06,1.56768540647e-07,
26345.8920129,1.0,0.000519472159203,6.52185821798e-06,1.53127673541e-07,
26532.7423108,1.0,0.0004080909347,6.33446060478e-06,1.49559058936e-07,
26719.5926088,1.0,0.000313329124757,6.15350533752e-06,1.46061937507e-07,
26906.4429068,1.0,0.000254444891915,5.97790894286e-06,1.4263463239e-07,
27093.2932047,1.0,0.000257333769285,5.80708846027e-06,1.39276173492e-07,
27280.1435027,1.0,0.00032030130107,5.64104166796e-06,1.35986359725e-07,
27466.9938007,1.0,0.00041694413059,5.48043836582e-06,1.32763814919e-07,
27653.8440986,1.0,0.000529106378575,5.32671590655e-06,1.29607150709e-07,
27840.6943966,1.0,0.000648777126229,5.18217823405e-06,1.26516489664e-07,
28027.5446946,1.0,0.000772465716568,5.05008821932e-06,1.23490059725e-07,
28214.3949925,1.0,0.000898507228184,4.93473498079e-06,1.20527419689e-07,
28401.2452905,1.0,0.00102602901046,4.84143371229e-06,1.17628948796e-07,
28588.0955885,1.0,0.00115453575733,4.77643047698e-06,1.14793621781e-07,
28774.9458864,1.0,0.00128372756129,4.74665440862e-06,1.12023648399e-07,
28961.7961844,1.0,0.00141341305275,4.75929638674e-06,1.09319321127e-07,
29148.6464823,1.0,0.00154346476505,4.82123361867e-06,1.06683659735e-07,
29335.4967803,1.0,0.00167379472082,4.93839774296e-06,1.0412040014e-07,
29522.3470783,1.0,0.00180434035225,5.11523064589e-06,1.01635909892e-07,
29709.1973762,1.0,0.00193505602157,5.35437720821e-06,9.92372887099e-08,
29896.0476742,1.0,0.00206590771767,5.65667707476e-06,9.69353300246e-08,
30082.8979722,1.0,0.00219686959495,6.02145168399e-06,9.47427637208e-08,
30269.7482701,1.0,0.00232792171058,6.44690870246e-06,9.26766484564e-08,
30456.5985681,1.0,0.00245904843751,6.93060019127e-06,9.07588376225e-08,
30643.4488661,1.0,0.00259023738273,7.46980636545e-06,8.90142590548e-08,
30830.299164,1.0,0.00272147860308,8.06179837504e-06,8.74740708527e-08,
31017.149462,1.0,0.00285276404152,8.70401656117e-06,8.61739357258e-08,
31203.9997599,1.0,0.00298408710799,9.39416363087e-06,8.51549809935e-08,
31390.8500579,1.0,0.00311544237608,1.01302112263e-05,8.44636278089e-08,
31577.7003559,1.0,0.00324682532957,1.09104367086e-05,8.41483207382e-08,
31764.5506538,1.0,0.0033782322032,1.17333519595e-05,8.42638577296e-08,
31951.4009518,1.0,0.00331234683947,1.12777331566e-05,8.02477042302e-08,
32138.2512498,1.0,0.00324646772055,1.08317345113e-05,7.64054923168e-08,
32325.1015477,1.0,0.0031805944269,1.03952981526e-05,7.27355019185e-08,
32511.9518457,1.0,0.003114726571,9.96836932856e-06,6.92279081202e-08,
32698.8021437,1.0,0.00304886379078,9.55089989062e-06,6.58788605835e-08,
32885.6524416,1.0,0.00298300574459,9.1428455482e-06,6.2679807899e-08,
33072.5027396,1.0,0.00291715212214,8.74416039499e-06,5.96283777648e-08,
33259.3530375,1.0,0.00285130263305,8.3548062452e-06,5.67172702726e-08,
33446.2033355,1.0,0.0027854569998,7.97474959419e-06,5.39388671482e-08,
33633.0536335,1.0,0.00271961497509,7.60395269912e-06,5.12917982415e-08,
33819.9039314,1.0,0.00265377632368,7.2423845964e-06,4.87695265155e-08,
34006.7542294,1.0,0.00258794082749,6.89001595361e-06,4.63674861092e-08,
34193.6045274,1.0,0.00252210828074,6.54682128372e-06,4.40794914856e-08,
34380.4548253,1.0,0.00245627849794,6.21277929901e-06,4.19036634124e-08,
34567.3051233,1.0,0.002390451302,5.88786310665e-06,3.98322574639e-08,
34754.1554213,1.0,0.00232462653381,5.57205590729e-06,3.78640745147e-08,
34941.0057192,1.0,0.00225880403888,5.26534011714e-06,3.59935522636e-08,
35127.8560172,1.0,0.00219298367947,4.96770174632e-06,3.42164135385e-08,
35314.7063151,1.0,0.00212716532631,4.67912747497e-06,3.25292736178e-08,
35501.5566131,1.0,0.00206134885952,4.39960638407e-06,3.09271934761e-08,
35688.4069111,1.0,0.00199553416946,4.12913242891e-06,2.94065259671e-08,
35875.257209,1.0,0.00192972115135,3.8676980072e-06,2.79636492409e-08,
36062.107507,1.0,0.00186390971993,3.61529921063e-06,2.65962698185e-08,
36248.957805,1.0,0.00179809978329,3.37194322597e-06,2.52989991677e-08,
36435.8081029,1.0,0.00173229126576,3.13762809513e-06,2.40687708738e-08,
36622.6584009,1.0,0.00166648409919,2.91236001108e-06,2.29039071309e-08,
36809.5086989,1.0,0.00160067821991,2.69615807754e-06,2.17982216675e-08,
36996.3589968,1.0,0.00153487357596,2.48903324645e-06,2.07498441323e-08,
37183.2092948,1.0,0.00146907012191,2.29100867749e-06,1.97575088506e-08,
37370.0595927,1.0,0.00140326781381,2.1021180233e-06,1.88166497289e-08,
37556.9098907,1.0,0.00133746663236,1.92239144713e-06,1.79233602386e-08,
37743.7601887,1.0,0.00127166655195,1.75188231668e-06,1.70772386108e-08,
37930.6104866,1.0,0.00120586756441,1.59064734132e-06,1.62733201374e-08,
38117.4607846,1.0,0.00114006967575,1.43875613026e-06,1.55107156807e-08,
38304.3110826,1.0,0.00107427290872,1.29630042358e-06,1.47861248765e-08,
38491.1613805,1.0,0.00100847730256,1.1633830295e-06,1.40979565297e-08,
38678.0116785,1.0,0.000942682930888,1.04012756148e-06,1.34435097489e-08,
38864.8619765,1.0,0.000876889888568,9.26679432078e-07,
39051.7122744,1.0,0.00081109832077,8.23207083635e-07,
39238.5625724,1.0,0.000745308452857,7.29871148095e-07,
39425.4128703,1.0,0.000679520587626,6.46827614489e-07,
39612.2631683,1.0,0.00061373518289,5.74180417576e-07,
39799.1134663,1.0,0.000547952943181,5.11897269448e-07,
39985.9637642,1.0,0.000482174950726,4.59747564045e-07,
40172.8140622,1.0,0.000416403004383,4.17174945036e-07,
40359.6643602,1.0,0.000350640263529,3.83231857127e-07,
40546.5146581,1.0,0.000284892821965,3.56579398947e-07,
40733.3649561,1.0,0.000219174123295,3.35595004182e-07,
40920.2152541,1.0,0.000153520631153,3.18578641838e-07,
41107.065552,1.0,8.8077565197e-05,3.03988796706e-07,
41293.91585,1.0,2.45844337862e-05,2.90667950531e-07,
41480.7661479,1.0,4.59204194052e-05,2.78019960553e-07,
41667.6164459,1.0,0.000110771947757,2.66183079514e-07,
41854.4667439,1.0,0.000176322188854,2.56201665598e-07,
42041.3170418,1.0,0.000242003854049,2.50167016375e-07,
42228.1673398,1.0,0.00030773265583,2.51137125836e-07,
42415.0176378,1.0,0.000274843991642,2.36604601323e-07,
42601.8679357,1.0,0.000241958002158,2.23931314478e-07,
42788.7182337,1.0,0.000209075873159,2.12890788645e-07,
42975.5685317,1.0,0.000176199668816,2.03231134356e-07,
43162.4188296,1.0,0.000143333363723,1.94692422784e-07,
43349.2691276,1.0,0.000110485664357,1.87023670306e-07,
43536.1194255,1.0,7.76800202278e-05,1.7999588241e-07,
43722.9697235,1.0,4.500823008e-05,1.73417991512e-07,
43909.8200215,1.0,1.3480549518e-05,1.67150831934e-07,
44096.6703194,1.0,2.24080330846e-05,1.61120238268e-07,
44283.5206174,1.0,5.46525997752e-05,1.55333556776e-07,
44470.3709154,1.0,8.73846065513e-05,1.49893472596e-07,
44657.2212133,1.0,0.00012020645772,1.45015459584e-07,
44844.0715113,1.0,0.00015306032604,1.41043246169e-07,
45030.9218093,1.0,0.000185929203488,1.38446770408e-07,
45217.7721072,1.0,0.000218806297688,1.37802134314e-07,
45404.6224052,1.0,0.000251688372769,1.39732721887e-07,
45591.4727032,1.0,0.000235240302663,1.31775600659e-07,
45778.3230011,1.0,0.000218792495065,1.24412849288e-07,
45965.1732991,1.0,0.000202344985664,1.17621698146e-07,
46152.023597,1.0,0.000185897823557,1.11373722301e-07,
46338.873895,1.0,0.000169451083491,1.05640140091e-07,
46525.724193,1.0,0.000153004859772,1.00385348149e-07,
46712.5744909,1.0,0.0001365593084,9.55701400637e-08,
46899.4247889,1.0,0.000120114676065,9.11504670137e-08,
47086.2750869,1.0,0.000103671351885,8.70847350754e-08,
47273.1253848,1.0,8.72300444343e-05,8.33275019351e-08,
47459.9756828,1.0,7.07921121053e-05,7.98335577608e-08,
47646.8259808,1.0,5.4360544781e-05,7.65617505229e-08,
47833.6762787,1.0,3.79435600269e-05,7.34725650277e-08,
48020.5265767,1.0,2.15743082718e-05,7.05359491142e-08,
48207.3768746,1.0,5.68122202318e-06,6.7725598206e-08,
48394.2271726,1.0,1.18399854438e-05,6.50299308915e-08,
48581.0774706,1.0,2.8092227832e-05,6.24451181704e-08,
48767.9277685,1.0,4.44886126464e-05,5.99870658554e-08,
48954.7780665,1.0,6.0912815869e-05,5.768606223e-08,
49141.6283645,1.0,7.73471020461e-05,5.5597742844e-08,
49328.4786624,1.0,9.3786147703e-05,5.37965410976e-08,
49515.3289604,1.0,0.000110227814628,5.2387734055e-08,
49702.1792584,1.0,0.000126671064741,5.14925052642e-08,
49889.0295563,1.0,0.000143115351575,5.1252037686e-08,
50075.8798543,1.0,0.000159560345546,5.17993197189e-08,
50262.7301522,1.0,0.000151336391138,4.90708420917e-08,
50449.5804502,1.0,0.000143112481113,4.65037522827e-08,
50636.4307482,1.0,0.000134888610347,4.40958836116e-08,
50823.2810461,1.0,0.000126664781303,4.18410661419e-08,
51010.1313441,1.0,0.000118440994794,3.97351786509e-08,
51196.9816421,1.0,0.000110217259747,3.77709118875e-08,
51383.83194,1.0,0.000101993580784,3.59467187344e-08,
51570.682238,1.0,9.37699689979e-05,3.42524884498e-08,
51757.532536,1.0,8.55464352519e-05,3.26771139299e-08,
51944.3828339,1.0,7.73230019214e-05,3.12170554779e-08,
52131.2331319,1.0,6.90996971938e-05,2.98607800176e-08,
52318.0834298,1.0,6.0876574316e-05,2.85986062156e-08,
52504.9337278,1.0,5.26537000992e-05,2.74214060626e-08,
52691.7840258,1.0,4.44312127008e-05,2.63201264773e-08,
52878.6343237,1.0,3.62093731829e-05,2.52843606826e-08,
53065.4846217,1.0,2.79887348789e-05,2.43060553225e-08,
53252.3349197,1.0,1.97707791775e-05,2.33737426036e-08,
53439.1852176,1.0,1.15612295364e-05,2.24837565194e-08,
53626.0355156,1.0,3.42107634383e-06,2.16306480999e-08,
53812.8858136,1.0,5.00084206726e-06,2.08092333484e-08,
53999.7361115,1.0,1.31748140977e-05,2.00199315668e-08,
54186.5864095,1.0,2.13870369278e-05,1.92654937031e-08,
54373.4367074,1.0,2.96056942765e-05,1.85492739172e-08,
54560.2870054,1.0,3.78265824932e-05,1.78839884171e-08,
54747.1373034,1.0,4.60485101071e-05,1.72796814747e-08,
54933.9876013,1.0,5.4271005233e-05,1.67589290961e-08,
55120.8378993,1.0,6.24938347686e-05,1.63460557511e-08,
55307.6881973,1.0,7.07168918376e-05,1.60673062031e-08,
55494.5384952,1.0,7.89400882437e-05,1.59558217866e-08,
55681.3887932,1.0,8.71633964131e-05,1.60474200834e-08,
55868.2390912,1.0,8.30514922267e-05,1.52323913e-08,
56055.0893891,1.0,7.89395900554e-05,1.44655938947e-08,
56241.9396871,1.0,7.4827695047e-05,1.37392077384e-08,
56428.789985,1.0,7.0715803653e-05,1.30562918549e-08,
56615.640283,1.0,6.66039278917e-05,1.24118129638e-08,
56802.490581,1.0,6.24920604746e-05,1.18043420628e-08,
56989.3408789,1.0,5.83801905914e-05,1.12374503458e-08,
57176.1911769,1.0,5.42683369374e-05,1.07036234331e-08,
57363.0414749,1.0,5.01564909464e-05,1.0205179432e-08,
57549.8917728,1.0,4.60446518494e-05,9.74301869307e-09,
57736.7420708,1.0,4.19328385812e-05,9.30434563625e-09,
57923.5923688,1.0,3.78210336048e-05,8.89697447096e-09,
58110.4426667,1.0,3.37092569511e-05,8.51536601049e-09,
58297.2929647,1.0,2.95975082731e-05,8.15901031549e-09,
58484.1432626,1.0,2.5485799676e-05,7.82335485648e-09,
58670.9935606,1.0,2.13741690107e-05,7.50814103553e-09,
58857.8438586,1.0,1.72626645332e-05,7.20663004035e-09,
59044.6941565,1.0,1.31513774222e-05,6.92243652007e-09,
59231.5444545,1.0,9.04063084284e-06,6.65296532616e-09,
59418.3947525,1.0,4.93176115803e-06,6.39426193164e-09,
59605.2450504,1.0,8.52358354637e-07,6.14509232909e-09,
59792.0953484,1.0,3.30841949495e-06,5.90527111658e-09,
59978.9456464,1.0,7.41483485112e-06,5.67630302769e-09,
60165.7959443,1.0,1.15251273894e-05,5.45695192361e-09,
60352.6462423,1.0,1.56362484899e-05,5.24887077995e-09,
60539.4965402,1.0,1.9747677569e-05,5.05442337652e-09,
60726.3468382,1.0,2.38592512933e-05,4.87484280797e-09,
60913.1971362,1.0,2.79709154816e-05,4.72141968794e-09,
61100.0474341,1.0,3.20826237275e-05,4.59182495429e-09,
61286.8977321,1.0,3.61943654092e-05,4.49484008919e-09,
61473.7480301,1.0,4.03061282387e-05,4.44258526373e-09,
61660.598328,1.0,4.44179101264e-05,4.43546609985e-09,
61847.448626,1.0,4.85297003832e-05,4.48739039436e-09,
62034.298924,1.0,4.64737694344e-05,4.25808802418e-09,
62221.1492219,1.0,4.44178462013e-05,4.04913212103e-09,
62407.9995199,1.0,4.23619144898e-05,3.84046260149e-09,
62594.8498179,1.0,4.03059866355e-05,3.64563653968e-09,
62781.7001158,1.0,3.82500608592e-05,3.46233254535e-09,
62968.5504138,1.0,3.61941350566e-05,3.29178051238e-09,
63155.4007117,1.0,3.41382124062e-05,3.12665134268e-09,
63342.2510097,1.0,3.20822878293e-05,2.97299743892e-09,
63529.1013077,1.0,3.00263639335e-05,2.83224522203e-09,
63715.9516056,1.0,2.79704381618e-05,2.69494550391e-09,
63902.8019036,1.0,2.59145254835e-05,2.57166197954e-09,
64089.6522016,1.0,2.38586000185e-05,2.45474070868e-09,
64276.5024995,1.0,2.18026811416e-05,2.34208472958e-09,
64463.3527975,1.0,1.97467670229e-05,2.24192458682e-09,
64650.2030955,1.0,1.76908512194e-05,2.1440346361e-09,
64837.0533934,1.0,1.56349380316e-05,2.05350655912e-09,
65023.9036914,1.0,1.35790377659e-05,1.97026913974e-09,
65210.7539893,1.0,1.15231361202e-05,1.89147063425e-09,
65397.6042873,1.0,9.46724637028e-06,1.81668898119e-09,
65584.4545853,1.0,7.41138441203e-06,1.74706073564e-09,
65771.3048832,1.0,5.35556642441e-06,1.67805400076e-09,
65958.1551812,1.0,3.29987463757e-06,1.61196947843e-09,
66145.0054792,1.0,1.2449505589e-06,1.55151969477e-09,
66331.8557771,1.0,8.15054356238e-07,1.49038665416e-09,
66518.7060751,1.0,2.8692096053e-06,1.43477727898e-09,
66705.5563731,1.0,4.92484272675e-06,1.37846299759e-09,
66892.406671,1.0,6.98064618199e-06,1.32721132569e-09,
67079.256969,1.0,9.03650635383e-06,1.27807121873e-09,
67266.1072669,1.0,1.10923869861e-05,1.23380228441e-09,
67452.9575649,1.0,1.31482821949e-05,1.19250941935e-09,
67639.8078629,1.0,1.52041866735e-05,1.15902099943e-09,
67826.6581608,1.0,1.72600886442e-05,1.1309139902e-09,
68013.5084588,1.0,1.9316012148e-05,1.11118745697e-09,
68200.3587568,1.0,2.13719203137e-05,1.10306195593e-09,
68387.2090547,1.0,2.34278316768e-05,1.11271176724e-09,
68574.0593527,1.0,2.2399869139e-05,1.05882766053e-09,
68760.9096507,1.0,2.13719058995e-05,1.00881678774e-09,
68947.7599486,1.0,2.03439546582e-05,9.49957611839e-10,
69134.6102466,1.0,1.93159854664e-05,9.07680004369e-10,
69321.4605445,1.0,1.82880235634e-05,8.66292750971e-10,
69508.3108425,1.0,1.72600644621e-05,8.22756769005e-10,
69695.1611405,1.0,1.62321053343e-05,7.80001577074e-10,
69882.0114384,1.0,1.5204142214e-05,7.41390455998e-10,
70068.8617364,1.0,1.41761740643e-05,7.11449971434e-10,
70255.7120344,1.0,1.31482211235e-05,6.78354844318e-10,
70442.5623323,1.0,1.21202587937e-05,6.46014691504e-10,
70629.4126303,1.0,1.10922980704e-05,6.17112250238e-10,
70816.2629283,1.0,1.00643400937e-05,5.90853396974e-10,
71003.1132262,1.0,9.03637210752e-06,5.65708158252e-10,
71189.9635242,1.0,8.00841731061e-06,5.39821651585e-10,
71376.8138221,1.0,6.98046123499e-06,5.18949369797e-10,
71563.6641201,1.0,5.95249817921e-06,4.98095097089e-10,
71750.5144181,1.0,4.92454741431e-06,4.77609180211e-10,
71937.364716,1.0,3.89658691963e-06,4.60458931615e-10,
72124.215014,1.0,2.86863613799e-06,4.43197834858e-10,
72311.065312,1.0,1.84070872258e-06,4.23507995896e-10,
72497.9156099,1.0,8.1283634793e-07,4.07811686766e-10,
72684.7659079,1.0,2.15926805053e-07,3.91527343798e-10,
72871.6162059,1.0,1.24335663563e-06,3.7598551411e-10,
73058.4665038,1.0,2.27127314253e-06,3.63885403395e-10,
73245.3168018,1.0,3.29921551037e-06,3.48185037712e-10,
73432.1670997,1.0,4.32716904346e-06,3.36986285417e-10,
73619.0173977,1.0,5.35512075781e-06,3.21225629343e-10,
73805.8676957,1.0,6.38307608506e-06,3.13635546823e-10,
73992.7179936,1.0,7.41103351806e-06,3.02012210404e-10,
74179.5682916,1.0,8.43899746897e-06,2.97956396217e-10,
74366.4185896,1.0,9.46695914833e-06,2.8850233038e-10,
74553.2688875,1.0,1.04949083694e-05,2.85589586531e-10,
74740.1191855,1.0,1.15228695611e-05,2.89021762339e-10,
74926.9694835,1.0,1.10088878933e-05,2.68581929363e-10,
75113.8197814,1.0,1.04949057937e-05,2.60910745951e-10,
75300.6700794,1.0,9.98093301945e-06,2.46311548722e-10,
75487.5203773,1.0,9.46695454713e-06,2.34156049171e-10,
75674.3706753,1.0,8.95297044874e-06,2.2039100062e-10,
75861.2209733,1.0,8.43898976449e-06,2.14421357537e-10,
76048.0712712,1.0,7.92500536937e-06,2.00812528072e-10,
76234.9215692,1.0,7.4110269986e-06,1.91691876846e-10,
76421.7718672,1.0,6.89705077613e-06,1.82997583923e-10,
76608.6221651,1.0,6.38306987581e-06,1.76400885429e-10,
76795.4724631,1.0,5.86908314145e-06,1.66846905861e-10,
76982.3227611,1.0,5.3551049852e-06,1.62423597822e-10,
77169.173059,1.0,4.84113294701e-06,1.57344997881e-10,
77356.023357,1.0,4.32714167479e-06,1.47163559746e-10,
77542.8736549,1.0,3.81316737283e-06,1.41677590038e-10,
77729.7239529,1.0,3.29918541385e-06,1.3515491151e-10,
77916.5742509,1.0,2.78521195144e-06,1.30840540506e-10,
78103.4245488,1.0,2.2712208175e-06,1.29339269227e-10,
78290.2748468,1.0,1.75725502986e-06,1.23802582478e-10,
78477.1251448,1.0,1.24326464192e-06,1.14509459937e-10,
78663.9754427,1.0,7.29292989099e-07,1.0907370678e-10,
78850.8257407,1.0,2.15343014222e-07,1.07532172833e-10,
79037.6760387,1.0,2.98709694483e-07,1.015382241e-10,
79224.5263366,1.0,8.12668134697e-07,9.86252049748e-11,
79411.3766346,1.0,1.32664705365e-06,9.62164274939e-11,
79598.2269325,1.0,1.8406329788e-06,9.06229175349e-11,
79785.0772305,1.0,2.35461354553e-06,8.90698571622e-11,
79971.9275285,1.0,2.86859260058e-06,8.35279042791e-11,
80158.7778264,1.0,3.38255665077e-06,8.37698078858e-11,
80345.6281244,1.0,3.12557559026e-06,7.83344439253e-11,
80532.4784224,1.0,2.86858114271e-06,7.46900412205e-11,
80719.3287203,1.0,2.61159046525e-06,7.47073868282e-11,
80906.1790183,1.0,2.74008096398e-06,7.13620824266e-11,
81093.0293163,1.0,2.86859180426e-06,6.45461355682e-11,
81279.8796142,1.0,2.99708064957e-06,6.48247292322e-11,
81466.7299122,1.0,2.93282781943e-06,6.45153035531e-11,
81653.5802102,1.0,2.86859664417e-06,6.13772618564e-11,
81840.4305081,1.0,2.80434181839e-06,5.72180103846e-11,
82027.2808061,1.0,2.74009163682e-06,5.52397589169e-11,
82214.131104,1.0,2.67583746191e-06,5.52564376089e-11,
82400.981402,1.0,2.70796909424e-06,4.79810157044e-11,
82587.8317,1.0,2.74008881904e-06,4.93457279588e-11,
82774.6819979,1.0,2.72402344189e-06,4.74043970411e-11,
82961.5322959,1.0,2.70796576822e-06,4.460857017e-11,
83148.3825939,1.0,2.69190826177e-06,4.63052694184e-11,
83335.2328918,1.0,2.69994076635e-06,4.12831791916e-11,
83522.0831898,1.0,2.70796558959e-06,4.0260272182e-11,
83708.9334878,1.0,2.71599064161e-06,3.90815995622e-11,
83895.7837857,1.0,2.72402821524e-06,3.76055975368e-11,
84082.6340837,1.0,2.73206224319e-06,3.63735034341e-11,
84269.4843816,1.0,2.74008692993e-06,4.22946732803e-11,
84456.3346796,1.0,2.73607577507e-06,3.20836250846e-11,
84643.1849776,1.0,2.73206141989e-06,3.40431542522e-11,
84830.0352755,1.0,2.73406407302e-06,3.00258174568e-11,
85016.8855735,1.0,2.73607708432e-06,2.85913405942e-11,
85203.7358715,1.0,2.73808175196e-06,2.94152962915e-11,
85390.5861694,1.0,2.73707466231e-06,2.92822716708e-11,
85577.4364674,1.0,2.73608229023e-06,2.51616226643e-11,
85764.2867654,1.0,2.73507625264e-06,2.54770563048e-11,
85951.1370633,1.0,2.7355719116e-06,2.5484340074e-11,
86137.9873613,1.0,2.73531509419e-06,2.42507304688e-11,
86324.8376592,1.0,2.7350631991e-06,2.3851738519e-11,
86511.6879572,1.0,2.73481197557e-06,2.45590534756e-11,
86698.5382552,1.0,2.73495046402e-06,2.34524975567e-11,
86885.3885531,1.0,2.73507679665e-06,1.88896131361e-11,
87072.2388511,1.0,2.73518922118e-06,2.06127529912e-11,
87259.0891491,1.0,2.73513729295e-06,1.68237928271e-11,
87445.939447,1.0,2.73506281004e-06,2.59156331743e-11,
87632.789745,1.0,2.73509706173e-06,2.29882979422e-11,
87819.640043,1.0,2.7351299943e-06,1.96741743642e-11,
88006.4903409,1.0,2.73518060886e-06,1.7743225427e-11,
88193.3406389,1.0,2.7351861242e-06,2.06320830047e-11,
88380.1909368,1.0,2.73516800553e-06,1.72511280693e-11,
88567.0412348,1.0,2.73517091322e-06,1.35761565238e-11,
88753.8915328,1.0,2.73514347238e-06,1.47762798963e-11,
88940.7418307,1.0,2.73516106343e-06,9.14721512017e-12,
89127.5921287,1.0,2.73517128104e-06,1.47913008683e-11,
89314.4424267,1.0,2.73515341755e-06,1.81802173984e-11,
89501.2927246,1.0,2.735161651e-06,1.63085552685e-11,
89688.1430226,1.0,2.7351709711e-06,1.0537701948e-11,
89874.9933206,1.0,2.73517122043e-06,1.31624655081e-11,
90061.8436185,1.0,2.73515695996e-06,1.67943105272e-11,
90248.6939165,1.0,2.73516543774e-06,1.73790780272e-11,
90435.5442144,1.0,0.0336942155655,0.00113530015154,3.8253046517e-05,1.28890767361e-06,4.34264235835e-08,
90622.3945124,1.0,0.0168466591575,0.00028380992107,4.78125601252e-06,8.05506624817e-08,
90809.2448104,1.0,2.73516423738e-06,1.60762733296e-11,
90996.0951083,1.0,0.0168375575802,0.000283503356633,4.77351549983e-06,8.03775200088e-08,
91182.9454063,1.0,0.00841786503694,7.08604369116e-05,5.96488261313e-07,
91369.7957043,1.0,2.7351683627e-06,2.01034653328e-11,
91556.6460022,1.0,0.00842424318469,7.09678733712e-05,5.97842402889e-07,
91743.4963002,1.0,0.00421337568714,1.77525252919e-05,7.48110019904e-08,
91930.3465982,1.0,2.73515945043e-06,1.62281712812e-11,
92117.1968961,1.0,0.00420767841139,1.77045581352e-05,7.44957569921e-08,
92304.0471941,1.0,0.00210249998738,4.42049561398e-06,9.29086384269e-09,
92490.897492,1.0,2.73516341998e-06,1.18200541665e-11,
92677.74779,1.0,0.00210802704899,4.44378401381e-06,9.36982674594e-09,
92864.598088,1.0,0.00105537400616,1.11382090276e-06,1.17938188542e-09,
93051.4483859,1.0,2.73516258938e-06,1.33912894615e-11,
93238.2986839,1.0,0.00104988950396,1.10226806116e-06,1.15463863668e-09,
93425.1489819,1.0,0.000523578948201,2.74140001119e-07,
