Coordinates:
0.0,0.714285714286,1.42857142857,2.14285714286,2.85714285714,3.57142857143,4.28571428571,5.0,5.71428571429,6.42857142857,7.14285714286,7.85714285714,8.57142857143,9.28571428571,10.0,
Volumes:
0.357142857143,0.714285714286,0.714285714286,0.714285714286,0.714285714286,0.714285714286,0.714285714286,0.714285714286,0.714285714286,0.714285714286,0.714285714286,0.714285714286,0.714285714286,0.714285714286,0.357142857143,

 Time(s), Error (-) on vertices
1.0,0.0,76985.770494,19412.8327488,4904.758522,1240.83850337,314.208524897,79.6202822771,20.1866893521,5.12029865498,1.29921304088,0.32975766771,0.0837180817259,0.0212587624371,0.00539931340892,0.00137154691348,0.00034845433752,8.85393870755e-05,2.24999533155e-05,5.71843903842e-06,
2.0,5594.41755694,1162.13873297,250.080765963,55.3245502725,12.5035839583,2.8729751327,0.668735419346,0.157274146738,0.0372986320561,0.00890684478145,0.00213926028864,0.000516338069996,0.00012515209204,3.04464907254e-05,7.43084065243e-06,
3.0,3685.7744818,822.649316652,187.04857543,43.1588670158,10.0759243594,2.37483082431,0.564128883542,0.134882922829,0.0324286570465,0.00783335517526,0.00189992738879,0.000462459245529,0.000112921305733,2.76500671393e-05,6.78743325564e-06,
4.0,2802.98965933,649.050529814,151.92229738,35.8768612175,8.53508781028,2.04312146046,0.491667789513,0.118855840586,0.0288457916725,0.00702502197667,0.00171610561067,0.000420367410348,0.000103224899881,2.54046275196e-05,6.26495307958e-06,
5.0,2292.00470931,542.219509475,129.171239321,30.9546447008,7.45565678123,1.80363405747,0.43799733607,0.106722718773,0.026082017123,0.00639129039094,0.00156994892143,0.000386488544666,9.53367956873e-05,2.3560885209e-05,5.83256134035e-06,
6.0,1955.41573959,469.076755622,113.074913984,27.3733584187,6.65122581286,1.62143468331,0.396429330275,0.0971786476523,0.0238784307002,0.00588001857942,0.00145081377803,0.000358623183747,8.87975008923e-05,2.20216439074e-05,5.46928776747e-06,
7.0,1698.91223022,423.739562118,106.077028397,26.6412385058,6.71035825374,1.69460238906,0.428956943626,0.108816057546,0.0276585184147,0.0070429710891,0.0017964600195,0.000458949513987,0.000117423626694,3.00850650821e-05,7.71819965891e-06,
8.0,1522.43406289,380.291398132,95.2629281651,23.9242763446,6.0222443383,1.51913217915,0.383951412777,0.0972158369077,0.0246560265437,0.00626306529077,0.00159326090847,0.000405869188676,0.000103526511697,2.6439547562e-05,6.76029760625e-06,
9.0,1384.4402261,345.764358952,86.5509498053,21.7102720548,5.45618379783,1.37366750691,0.346409761801,0.0874919909559,0.0221297037333,0.00560500550537,0.0014214690243,0.0003609363348,9.17546061152e-05,2.33511297803e-05,5.94895270762e-06,
10.0,1273.44872689,317.635804955,79.3769556338,19.8708795502,4.98248532628,1.25122789802,0.314665264809,0.0792406656673,0.019980338977,0.00504410849701,0.00127487169786,0.000322570355208,8.17025088055e-05,2.07148284978e-05,5.25695393733e-06,
11.0,1182.28052031,294.287178291,73.3700374195,18.3197374317,4.5807278751,1.14691257264,0.287525220109,0.0721677854765,0.0181345520702,0.00456186390939,0.00114875453981,0.000289560954035,7.30569726523e-05,1.84488903606e-05,4.66263581828e-06,
12.0,1106.20789191,274.62829209,68.2749154413,16.9961738036,4.23628557554,1.0571484338,0.264105903891,0.066052319017,0.0165365018873,0.00414403776821,0.00103946102225,0.000260962039341,6.55711358094e-05,1.64891334831e-05,4.14956854617e-06,
13.0,1041.97646239,257.89311189,63.9086717579,15.8559135064,3.93830547908,0.979244255213,0.243732988735,0.0607237308761,0.0151427060347,0.00377946410205,0.000944104427706,0.000236023518849,5.90496312232e-05,1.47839826352e-05,3.70371269149e-06,
14.0,987.254853948,243.522404337,60.1354217815,14.8655459096,3.6784845096,0.911116840988,0.225879395348,0.0560476711401,0.0139186959481,0.00345924793839,0.000860378794565,0.000214143516108,5.3335150261e-05,1.32921395359e-05,3.31466323341e-06,
15.0,940.310343973,231.093526528,56.8509484902,13.999122981,3.45030678515,0.851117676103,0.210125294571,0.0519165960458,0.0128367784384,0.00317622367988,0.00078642094051,0.000194837132999,4.82999725193e-05,1.19800799598e-05,2.97308685866e-06,
16.0,899.811309908,220.277170611,53.9731236554,13.2360109265,3.24855483141,0.79791994046,0.196131542156,0.0482434101091,0.0118744868659,0.00292457231224,0.000720718012774,0.000177708814766,4.38409695141e-05,1.08208103957e-05,2.67207659688e-06,
17.0,864.704018588,210.810102184,51.4357953293,12.5594986208,3.06898735089,0.750442525489,0.183621422702,0.0449569994351,0.0110134729636,0.00269953981916,0.000662032778034,0.000162435122593,3.98729624458e-05,9.79185998241e-06,
18.0,832.203668868,203.467275502,49.7821440038,12.1885028422,2.98613172746,0.732038525125,0.179560290954,0.0440680208084,0.0108208078334,0.00265830763584,0.000653351840394,0.000160647139515,3.95157674606e-05,9.72363653157e-06,
19.0,804.038475721,196.826248431,48.21354821,11.8173388869,2.89814352232,0.711140251249,0.174586990878,0.0428821288684,0.0105374560843,0.00259046605938,0.000637075167271,0.00015673400922,3.85730668287e-05,9.49606211439e-06,
20.0,779.127673076,190.989550768,46.8444829956,11.4958423448,2.82255749793,0.693347747421,0.170393464191,0.041892474103,0.0103035919198,0.00253512688118,0.000623962496901,0.000153622608054,3.78338882276e-05,9.32022409602e-06,
21.0,757.050637029,185.792875858,45.6195755346,11.2067119992,2.75421118774,0.677167542654,0.166557143203,0.040981471024,0.0100869173689,0.00248351068688,0.000611646899698,0.000150679467547,3.7129427859e-05,9.15125522191e-06,
22.0,730.084553867,184.789651908,46.7924470487,11.8537315985,3.00402685296,0.761571460142,0.193136763519,0.0489955405608,0.0124329993194,0.00315583276159,0.000801239511595,0.000203475747574,5.16843081062e-05,1.31308927911e-05,3.3364977679e-06,
23.0,705.322602055,184.041411847,48.0411963341,12.5450140694,3.27700222857,0.856288888593,0.223816541449,0.0585171576931,0.0153032911094,0.00400303175136,0.00104734098207,0.000274078619921,7.17369571535e-05,1.87796505777e-05,4.91697503069e-06,
24.0,682.41332027,183.498143544,49.3588287571,13.2811791888,3.57468069822,0.962404134685,0.259172334604,0.0698107976742,0.0188083952106,0.00506837729563,0.0013660530312,0.000368248661369,9.92852652009e-05,2.67724940977e-05,7.22069473327e-06,
25.0,661.060768777,183.115699663,50.7386676144,14.0628232729,3.89867671059,1.08109778295,0.299852797313,0.0831839299884,0.0230808751035,0.00640531363068,0.00177786138211,0.000493536848687,0.000137025290246,3.80481996597e-05,1.05661183968e-05,2.9348503397e-06,
26.0,641.016177709,182.855163704,52.1743361891,14.8905198341,4.25067888258,1.21365441255,0.346587871372,0.0989935723578,0.0282793956154,0.00807973856713,0.00230878545941,0.000659818266458,0.000188588394105,5.39077028711e-05,1.54110286588e-05,4.40601137035e-06,
27.0,622.070824296,182.682270753,53.6597343619,15.7648178721,4.63245254089,1.36147071053,0.400198162319,0.117653788054,0.034593598886,0.0101727862504,0.00299181029798,0.000879982994285,0.000258855275828,7.61511899059e-05,2.24046874027e-05,6.59228220564e-06,
28.0,604.049912338,182.56686955,55.1890084198,16.6862372593,5.04584144629,1.52606391452,0.461605263986,0.139644239371,0.0422498545295,0.0127841939678,0.00386868802001,0.00117082728016,0.000354370621797,0.00010726447515,3.24700010808e-05,9.82953506147e-06,
29.0,586.807302007,182.482421515,56.7565142743,17.6552609309,5.49276847055,1.70908051467,0.531843093083,0.165519937316,0.0515180256318,0.0160363972662,0.0049921769828,0.00155419650966,0.000483895928153,0.000150669234255,4.69161495023e-05,1.46098018586e-05,4.54972267384e-06,
30.0,570.220977676,182.40553611,58.3567749305,18.6723237314,5.97523500055,1.91230512041,0.612070291063,0.195922333954,0.0627194156187,0.020079486378,0.00642884673488,0.00205845309276,0.000659134751934,0.000211071616917,6.75940521964e-05,2.16472914583e-05,6.93292302531e-06,
31.0,554.189163309,182.315543159,59.9844333128,19.737797825,6.49531881756,2.13766938466,0.703583740163,0.231591912492,0.0762361033253,0.0250971998725,0.00826256521532,0.00272036722456,0.000895696975487,0.000294926835127,9.71149856002e-05,3.197960325e-05,1.05310599557e-05,3.46802515045e-06,
32.0,538.627006596,182.194102357,61.6342014142,20.851974547,7.05517016865,2.38726082543,0.807833236452,0.273382450538,0.0925218706761,0.0313141770852,0.0105988452039,0.00358752809979,0.00121436635266,0.000411074639253,0.000139157257918,4.71089924455e-05,1.59481423171e-05,5.39958328465e-06,
33.0,523.463761733,182.024849669,63.3008066218,22.0150425493,7.65700570021,2.66333135844,0.926437330474,0.32227713574,0.112114994544,0.0390047019418,0.0135702458811,0.00472144067689,0.00164276758347,0.000571598423597,0.00019889255625,6.92083816858e-05,2.40826029932e-05,8.38049540746e-06,
34.0,508.640406171,181.793079236,64.9789357468,23.2270619955,8.30309984307,2.9683052835,1.06120033201,0.379406725032,0.135653176719,0.0485032448366,0.0173430786551,0.00620147508224,0.00221756345043,0.000792991302362,0.000283576997322,0.000101410675541,3.62663566588e-05,1.29696725998e-05,4.63844225708e-06,
35.0,494.107633041,181.48545884,66.6631770834,24.4879344871,8.99577317741,3.30478640363,1.21413042749,0.446069935124,0.163890940341,0.0602171436426,0.022125724011,0.00812991415326,0.00298733996318,0.00109772297041,0.000403375614475,0.000148229402881,5.44709410497e-05,2.00172308775e-05,7.35603242881e-06,
36.0,479.824166455,181.089776425,68.3479605881,25.7973683109,9.73737718967,3.67556386549,1.38745880561,0.523756250113,0.197719853664,0.0746418356708,0.0281789250843,0.0106383869031,0.00401638799926,0.00151636335998,0.000572503575944,0.000216152245848,8.16106005461e-05,3.08135109379e-05,1.16339308714e-05,4.39286719155e-06,
37.0,465.755352132,180.59471469,70.0274960114,27.1548384368,10.5302747269,4.08361619405,1.58365961899,0.614171320984,0.238191970293,0.0923791144378,0.035828517016,0.013896055601,0.00538965937088,0.0020904395125,0.000810811273842,0.000314490400958,0.00012198323029,4.73148363491e-05,1.83525027943e-05,7.11865657212e-06,
38.0,451.871982092,179.98965089,71.6957087341,28.5595406528,11.3768153109,4.53211285867,1.8054705113,0.71926508913,0.286546921842,0.114158969441,0.0454811304107,0.0181200262745,0.0072192528394,0.00287627932399,0.00114597422562,0.0004565866078,0.000181917958911,7.24822984547e-05,2.88794912884e-05,1.15069187247e-05,4.58481777565e-06,
39.0,438.149316494,179.264478651,73.3461727925,30.010339006,12.2793043051,5.02441253997,2.05591330674,0.841262725388,0.344243107148,0.140865641376,0.0576435373684,0.0235885602591,0.00965288408173,0.00395018261105,0.0016165215065,0.000661529850012,0.000270720178708,0.000110788581199,4.53392116948e-05,1.85545368131e-05,7.59348251633e-06,
40.0,424.566271497,178.409448996,74.972040569,31.5057056324,13.239964738,5.56405704461,2.33831429594,0.982698386149,0.412993455726,0.173568626363,0.07294642396,0.030657810195,0.0128849359879,0.0054153568667,0.00227601600229,0.000956591878165,0.000402050754485,0.000168981041327,7.1022705929e-05,2.98509964377e-05,1.25461948357e-05,5.27357009235e-06,
41.0,411.104745614,177.415027623,76.565968375,33.0436518412,14.2608903346,6.1547595646,2.65632332516,1.14645166788,0.494806216251,0.21355943676,0.0921735424212,0.0397829862869,0.0171708496468,0.00741121231205,0.00319881767096,0.00138067795915,0.000595932902726,0.000257220010703,0.000111023609992,4.79208369427e-05,2.06842717518e-05,8.92806981724e-06,
42.0,397.749061892,176.271765972,78.1200371668,34.6216491709,15.3439880475,6.80038563509,3.01393061906,1.33578646226,0.592031190487,0.262395032275,0.116297353893,0.0515450555383,0.0228458286553,0.0101257998826,0.00448801264728,0.00198921156554,0.000881677605128,0.000390787388313,0.000173209801765,7.67728005446e-05,3.40282727357e-05,1.50827110123e-05,6.68509969556e-06,
43.0,384.485505912,174.97018346,79.6256673874,36.236538861,16.4909080157,7.50492475482,3.4154798695,1.55439165637,0.707411746235,0.321948884944,0.146522464335,0.0666843517375,0.03034910563,0.0138124251059,0.0062863112511,0.00286103785592,0.00130212568974,0.000592630356472,0.000269721647514,0.000122757848159,5.58707514024e-05,2.5428504593e-05,1.15732982229e-05,5.26730066099e-06,
44.0,371.30194354,173.500658858,81.0735269511,37.884427988,17.7029584915,8.27245012717,3.86567566951,1.80642276586,0.844142768755,0.394470693546,0.18433836882,0.0861427496851,0.0402553460077,0.0188117891809,0.00879099882801,0.0041081641917,0.0019198121374,0.000897161941751,0.00041926076849,0.000195928989924,9.15617987198e-05,4.27887056087e-05,1.9996093537e-05,9.3446652028e-06,
45.0,358.187504298,171.853328598,82.4534311327,39.560570161,18.9810027885,9.10706334999,4.3695827056,2.09654309515,1.00593445305,0.482655742872,0.231583193474,0.11111641802,0.0533151873375,0.0255814434101,0.0122744051688,0.00588948135463,0.00282588694575,0.00135591829656,0.000650598856229,0.000312171760834,0.000149787285105,7.18714912701e-05,3.44857890058e-05,1.65471887657e-05,7.93988941391e-06,
46.0,345.132318768,170.017990159,83.7542330284,41.2592283471,20.3253346929,10.012820119,4.93261334004,2.42996232781,1.19708140561,0.58972478943,0.290520326865,0.143121539605,0.0705074024732,0.0347348622683,0.0171118714471,0.00843005518452,0.0041530220824,0.00204596851723,0.00100793931256,0.000496558704807,0.000244628830909,0.000120516016793,5.93719530916e-05,2.92496918844e-05,1.44100572809e-05,7.09901428443e-06,
47.0,332.127300674,167.984008898,84.9637031489,42.9735170196,21.7355281229,10.9936320533,5.56049914201,2.81246952927,1.42253590245,0.719515097397,0.363929918448,0.184075801026,0.0931057818727,0.0470931285837,0.0238198654309,0.0120481921554,0.00609403866918,0.0030824015042,0.00155909970475,0.000788604309763,0.000398882628784,0.000201758157296,0.000102051294449,5.16186393459e-05,2.61091380996e-05,1.32062929694e-05,6.68005748748e-06,
48.0,319.163965258,165.740226591,86.0683964076,44.6952202817,23.2102559091,12.0531385417,6.2592405833,3.250456272,1.68798318079,0.876582767173,0.455217235035,0.2363988458,0.122764509732,0.0637530666565,0.0331077784546,0.0171933170438,0.00892873460028,0.00463682517706,0.00240797554932,0.00125050063959,0.000649405995561,0.000337247529143,0.000175138842197,9.09527006989e-05,4.72333033986e-05,2.45294063307e-05,1.27384835449e-05,6.61544428232e-06,
49.0,306.23427747,163.274870215,87.0535046279,46.4145821077,24.7470715869,13.1945410454,7.03502735447,3.75092387388,1.99991529448,1.06631565202,0.568539626976,0.303135233285,0.161626573321,0.086176675976,0.0459480719728,0.0244988327644,0.0130624304881,0.00696471060483,0.00371349270441,0.00197998778681,0.00105570548499,0.000562889879525,0.000300126719629,0.000160024113088,8.5323216572e-05,4.54936256897e-05,2.42565921434e-05,1.29335267466e-05,6.89597411593e-06,
50.0,293.330524373,160.57545953,87.9026924183,48.1200641494,26.3421468119,14.4203904207,7.89411951061,4.32146644676,2.36569805187,1.29505481092,0.708953274036,0.388103588939,0.212460524662,0.11630793587,0.0636708900589,0.0348556299276,0.019081186021,0.0104457152308,0.00571835811742,0.0031304361602,0.0017137151639,0.000938150956455,0.00051357908908,0.000281152438304,0.000153913496152,8.42580917693e-05,4.61261828503e-05,2.52512018313e-05,1.38235547826e-05,7.56738455959e-06,
51.0,280.445207174,157.628712037,88.5979139662,49.7980657788,27.9899555099,15.732315531,8.84267672923,4.97021831928,2.79362275822,1.57022032106,0.882579693651,0.496075455285,0.278831598635,0.156724412052,0.0880910312996,0.0495138958334,0.0278306173971,0.0156429585396,0.00879255799279,0.00494210386431,0.00277784974853,0.00156137016176,0.000877613340283,0.000493288207318,0.00027726706358,0.000155846296333,8.75981821841e-05,4.92370683438e-05,2.76752527676e-05,1.55556020753e-05,8.74351564033e-06,
52.0,267.570949057,154.420443938,89.1192079569,51.4326000906,29.6828940259,17.1306785156,9.88651920619,5.70575023154,3.29293046566,1.90043401842,1.09678988415,0.632986511662,0.365313591046,0.210832489293,0.121677297375,0.0702234019878,0.0405279322114,0.0233898419825,0.0134989615306,0.00779064946974,0.00449621617458,0.00259490163655,0.00149759634747,0.000864308507646,0.000498819194581,0.00028788399816,0.000166146972789,9.58885741807e-05,5.53402013858e-05,3.19385849396e-05,1.84327949154e-05,1.06380669099e-05,6.13957244545e-06,
53.0,254.700415616,150.935465668,89.4444674117,53.0049184797,31.410824282,18.6141384754,11.0307988432,6.53689307299,3.87379081219,2.29562683798,1.36040038355,0.806180894727,0.477747631562,0.283116285438,0.167776608333,0.0994255968579,0.0589203369739,0.0349166399979,0.0206918759265,0.012262173746,0.007266666601,0.00430628893145,0.00255194473521,0.00151230542114,0.000896205960522,0.000531100043171,0.000314734963036,0.000186514886735,0.000110530640466,6.55013501878e-05,3.88168115336e-05,2.30032625832e-05,1.36320102021e-05,8.07842040087e-06,
54.0,241.826245383,147.157470657,89.5491808213,54.4930751044,33.1605242458,20.1791007995,12.2795530917,7.47246040459,4.54720962165,2.76711113489,1.68386971681,1.0246855536,0.623552418879,0.37945085662,0.230907643132,0.140514540869,0.0855075390359,0.0520340600006,0.0316643937465,0.0192688054349,0.011725693586,0.0071354674362,0.00434216614986,0.00264235130058,0.00160795827142,0.000978496198677,0.000595447602722,0.000362349784298,0.000220502016771,0.000134182908086,8.16549014391e-05,4.96897611715e-05,3.0237794639e-05,1.84008870709e-05,1.11975024186e-05,6.81416159853e-06,
55.0,228.940987928,143.068915645,89.4061402458,55.8714208812,34.9150265981,21.8190236381,13.635105642,8.52083087473,5.32482836073,3.32758760641,2.07947444221,1.29950474156,0.81208657548,0.507489387717,0.31714053917,0.198187704197,0.123851650088,0.0773975159517,0.04836735918,0.0302258030179,0.0188887592982,0.0118039978589,0.00737657761075,0.0046097863572,0.0028807579877,0.00180025009523,0.00112501669057,0.000703048254354,0.000439350859192,0.000274560383682,0.000171579065952,0.000107223741745,6.70065947984e-05,4.18738536302e-05,2.61680096431e-05,1.63530355729e-05,1.0219374709e-05,6.38615279612e-06,
56.0,216.037048064,138.650891155,88.9851116262,57.1100148812,36.6528224683,23.5235458943,15.09726759,9.6893380715,6.21856310536,3.99104066495,2.56142958089,1.64391304051,1.05505573862,0.677130074297,0.434579194323,0.278911151713,0.179004084746,0.114884149233,0.0737322328396,0.0473210915774,0.0303705191587,0.0194917020042,0.0125097143136,0.0080286974665,0.00515279517234,0.00330704959414,0.00212245569109,0.00136218652409,0.000874248065111,0.000561090157612,0.000360106293051,0.000231115565105,0.00014832950908,9.51975860978e-05,6.10976189747e-05,3.92121822926e-05,2.51663785433e-05,1.61515553181e-05,1.03661969236e-05,6.65293911749e-06,
57.0,203.106634259,133.882980259,88.2524615517,58.1739386036,38.3469019756,25.2773920063,16.6622789319,10.9833970961,7.24000908018,4.77245310084,3.14589594458,2.07370587036,1.36694195598,0.901058726632,0.593958664301,0.391524949939,0.258084994255,0.170124221845,0.112142344318,0.0739219114052,0.0487278015327,0.0321203682933,0.021173091966,0.0139568723145,0.00920008807525,0.00606451296794,0.00399760534987,0.00263514170957,0.0017370330684,0.00114501773005,0.000754773046844,0.000497531414944,0.000327962991391,0.000216186934243,0.000142505942381,9.39372115278e-05,6.19215983173e-05,4.08175776919e-05,2.69061443998e-05,1.77360665878e-05,1.16913472586e-05,7.7065965528e-06,
58.0,190.141710072,128.743103804,87.1707339722,59.0224959293,39.9635971551,27.0589973946,18.3214123596,12.4052726074,8.39950675683,5.68723741291,3.85078286309,2.60733476618,1.76540620564,1.19534311908,0.809357885775,0.54801026639,0.371053778464,0.251237862749,0.170111387499,0.115181238701,0.0779884269952,0.052805435951,0.0357542075209,0.0242089376376,0.0163917134384,0.0110987231134,0.00751487436579,0.00508827385852,0.00344523837282,0.00233274946623,0.00157949019131,0.00106946322854,0.000724127030563,0.000490302039605,0.000331980670203,0.000224782201876,0.000152198529097,0.000103052741361,6.97763444532e-05,4.72452012488e-05,3.1989474611e-05,2.16599776015e-05,1.46658086504e-05,9.93003779014e-06,
59.0,177.133947393,123.207350012,85.6981692027,59.6082782367,41.4611851638,28.838783925,20.0591379746,13.9523600643,9.70472354565,6.75023263588,4.69520314792,3.26580392572,2.27156879509,1.58001695152,1.09899991976,0.764422803325,0.531703676384,0.369833072794,0.257242001213,0.178927898677,0.124455556132,0.0865666402248,0.0602125299052,0.0418815966491,0.0291312836008,0.0202626409205,0.0140939429035,0.00980322583092,0.00681876192628,0.00474287946019,0.00329897235971,0.00229464372555,0.00159607001818,0.0011101676887,0.000772191902945,0.000537108385602,0.000373592957153,0.000259857706951,0.000180747383427,0.0001257213611,8.7447250182e-05,6.08250581851e-05,4.23076885493e-05,2.9427653995e-05,2.04688110098e-05,1.42373834471e-05,9.90301049176e-06,
60.0,164.074680435,117.249786094,83.7881562992,59.8760701604,42.7882001647,30.5769963416,21.8507170282,15.6148073476,11.1585465838,7.97404516936,5.69835903724,4.07212388753,2.90999476263,2.07952182366,1.48605473306,1.06195514584,0.758887825242,0.542311780859,0.387543566869,0.276944065288,0.197908127627,0.141427945287,0.101066416263,0.0722235002609,0.0516119453674,0.0368826360987,0.0263568621804,0.0188349939478,0.013459759154,0.00961853904957,0.00687354792165,0.00491193749917,0.00351014221692,0.00250839921203,0.00179253877351,0.00128097459303,0.000915403290793,0.000654160702721,0.000467472994496,0.000334063079495,0.00023872637323,0.000170597465159,0.000121911493535,8.71197812435e-05,6.22570350771e-05,4.44898754285e-05,3.17931011271e-05,2.2719854768e-05,1.62359872032e-05,1.16023776399e-05,8.29131307982e-06,
61.0,150.95485965,110.842249322,81.3886084289,59.7615666817,43.8813905508,32.2209871899,23.6590528528,17.3722438109,12.7560004047,9.36641029234,6.87752020286,5.04999110354,3.70808252399,2.7227527581,1.99924978877,1.46799962876,1.07791587002,0.791487058554,0.581169482171,0.426738486969,0.313343617666,0.230080557077,0.168942537483,0.124050388807,0.0910871829326,0.066883106102,0.049110642904,0.0360607557282,0.0264785409562,0.0194425531798,0.0142761977829,0.0104826681589,0.00769717100402,0.00565184768308,0.00415001599597,0.00304725729236,0.00223752803802,0.00164296322041,0.0012063886392,0.000885822336833,0.000650438186873,0.000477601250965,0.000350691194744,0.000257504294028,0.000189079164185,0.000138836386267,0.000101944159284,7.48551884938e-05,5.49644226692e-05,4.03590176375e-05,2.96348390362e-05,2.1759977231e-05,1.5977905008e-05,1.17322446576e-05,8.61468940511e-06,
62.0,137.765004646,103.95411455,78.4412489863,59.1898663212,44.6632435007,33.7018078239,25.4305746732,19.1893024079,14.4797890363,10.9261036269,8.2445779407,6.2211628735,4.69434219841,3.54223970104,2.67289054714,2.01690029811,1.52190558363,1.14839426452,0.866551428459,0.653879455709,0.493402179935,0.372309789711,0.280936306087,0.211988010332,0.159961234755,0.120703041676,0.0910797223004,0.0687266535793,0.0518595462132,0.0391320178167,0.0295281193346,0.0222812395136,0.0168129111199,0.012686636674,0.00957304500032,0.00722360022971,0.00545076329135,0.00411302132387,0.00310359188764,0.00234189954886,0.00176714383645,0.00133344642658,0.00100618824915,0.000759246757503,0.000572910323163,0.000432305125448,0.000326207570224,0.000246148812336,0.000185738324479,0.000140153936061,0.000105756917024,7.98018511064e-05,6.02166408533e-05,4.54380842837e-05,3.42865304068e-05,2.58719169918e-05,1.95223150774e-05,1.4731065208e-05,1.11157514482e-05,8.38764672589e-06,
63.0,124.495155235,96.5520347212,74.8807940661,58.0736980431,45.0389805888,34.9299247653,27.0898609184,21.0095101419,16.2939021078,12.636718272,9.8003938042,7.60068568609,5.89470453269,4.57163269666,3.54552571129,2.74972946541,2.13255045205,1.65389783849,1.2826792289,0.994780952816,0.771501680842,0.598337616813,0.464040358024,0.359886216346,0.27910954429,0.216463250337,0.167877957134,0.130197662905,0.100974733139,0.0783109062699,0.0607339877687,0.0471022178658,0.0365301053693,0.0283309086783,0.0219720254492,0.0170403962626,0.0132156734292,0.0102494110984,0.00794892751855,0.00616478819681,0.00478109983255,0.00370798056736,0.00287572334854,0.00223026656408,0.00172968268187,0.0013414549732,0.0010403651232,0.000806854929672,0.000625756221377,0.000485305138345,0.000376378297204,0.000291900163915,0.000226383116494,0.000175571323968,0.000136164382566,0.000105602232175,8.18997924865e-05,6.35173398541e-05,4.92609363631e-05,3.82043301008e-05,2.96293309677e-05,2.29789992171e-05,1.78214411134e-05,1.38214079427e-05,1.07191454176e-05,8.31325448428e-06,
64.0,111.134820003,88.5996506179,70.6340144472,56.311330836,44.8929054005,35.789831574,28.53261754,22.7469720385,18.134500185,14.4573136766,11.5257616474,9.18864938772,7.3254404498,5.84003996381,4.6558385332,3.71176109792,2.95911698411,2.35908868026,1.88072982378,1.49936914185,1.19533803127,0.952956151346,0.759722710882,0.605671741529,0.482858103221,0.384947715577,0.306890877523,0.244661830602,0.195051130395,0.155500121025,0.123968971818,0.0988314746981,0.0787911719079,0.0628144919426,0.0500774436939,0.0399231185272,0.0318278110285,0.0253740091311,0.0202288605011,0.0161270061955,0.012856894766,0.0102498717863,0.00817148121932,0.00651453079347,0.00519356419082,0.00414045312339,0.0033008838089,0.00263155601088,0.00209794934007,0.00167254331663,0.00133339791093,0.00106302184157,0.000847470452867,0.000675627003619,0.000538628586618,0.000429409679623,0.00034233727329,0.000272920759745,0.00021757995233,0.000173460852978,0.000138287775097,0.000110246894171,8.78919160682e-05,7.00697913832e-05,5.58616332276e-05,4.45345274504e-05,3.5504097098e-05,2.83048683551e-05,2.25653846141e-05,1.79897551357e-05,1.43419464633e-05,1.14338145141e-05,9.1153273189e-06,
65.0,97.6729215128,80.0572652878,65.6186570537,53.7841041425,44.0839553811,36.1332630261,29.6165061516,24.2750692433,19.8969790783,16.3084926035,13.3672019742,10.9563831274,8.98036361305,7.36072585535,6.03319517126,4.94508904654,4.05322644508,3.32221418307,2.72304236065,2.2319331141,1.82939699924,1.49945955965,1.22902738618,1.00736851041,0.825686510181,0.676771427286,0.554713643321,0.45466935885,0.37266836956,0.305456510537,0.250366515556,0.205212168797,0.16820154531,0.137865899349,0.113001378295,0.0926212479903,0.0759167349008,0.0622249304895,0.0510024833908,0.0418040377554,0.0342645587691,0.0280848468626,0.0230196641368,0.0188680017647,0.0154651037842,0.0126759282164,0.0103897885334,0.00851596086095,0.0069800831982,0.00572120547143,0.00468937001656,0.00384362889882,0.0031504196758,0.00258223267892,0.00211651984096,0.00173479953458,0.00142192361823,0.00116547580767,0.000955279040647,0.000782991776345,0.00064177712809,0.000526030811443,0.000431159794635,0.000353398818311,0.000289662400407,0.000237420974741,0.000194601497897,0.000159504524667,0.000130737481627,0.000107158628484,8.78322563891e-05,7.19914593935e-05,5.90076311168e-05,4.83654815148e-05,3.96426227451e-05,3.24929660338e-05,2.66327889075e-05,2.18294375216e-05,1.7892490635e-05,1.46654673733e-05,1.20205483984e-05,9.85251796621e-06,
66.0,84.0977373756,70.8814780064,59.742202224,50.3535042162,42.4402741182,35.7706366464,30.1491566101,25.4111122064,21.4176682896,18.0518081807,15.2149048111,12.8238307232,10.808522248,9.10992647964,7.67827089304,6.47160489654,5.45457058586,4.59736667882,3.87487527149,3.26592582807,2.75267483744,2.32008295927,1.95547433857,1.64816517489,1.38915066442,1.17084113947,0.986839674518,0.831754643122,0.701041731392,0.590870779493,0.498013550368,0.419749135614,0.353784226171,0.298185914575,0.251325056112,0.211828531516,0.178539011731,0.150481045956,0.126832478673,0.106900358561,0.0901006341503,0.0759410393333,0.0640066693083,0.0539478230084,0.0454697559168,0.0383240435139,0.0323013020529,0.0272250531352,0.0229465525309,0.0193404314424,0.0163010235612,0.0137392679322,0.0115801001074,0.00976025216644,0.00822639890813,0.00693359535241,0.00584395987874,0.00492556387511,0.00415149658285,0.00349907640506,0.00294918598129,0.00248571255334,0.00209507533037,0.00176582791444,0.00148832285032,0.00125442844965,0.00105729126453,0.000891134775918,0.000751090271178,0.000633054159765,0.000533567861871,0.000449716060447,0.000379041844051,0.000319474346438,0.000269267955226,0.000226951701651,0.000191285510407,0.000161224446849,0.000135887587382,0.000114532429148,9.65333021708e-05,8.13628903196e-05,6.8576463057e-05,5.77994611876e-05,4.87161225109e-05,4.1060189499e-05,3.46074436457e-05,2.9168801072e-05,2.45848506626e-05,2.07213174493e-05,1.74648511121e-05,1.47202178531e-05,1.24068774148e-05,1.04570699091e-05,8.81371607472e-06,
67.0,70.3968363809,61.0247718047,52.9004286876,45.8576953026,39.752574735,34.4602406876,29.8724852528,25.8955064699,22.447990429,19.45944871,16.8687771613,14.6230065518,12.6762195516,10.9886118977,9.52567854801,8.25750818562,7.15817164608,6.20519176552,5.37908380868,4.66295708089,4.04216957816,3.50402861442,3.0375313051,2.63313960035,2.28258526886,1.97870084447,1.71527307888,1.48691590522,1.2889603135,1.11735888755,0.968603051116,0.839651330972,0.727867170689,0.630965023357,0.546963620915,0.4741454652,0.411021711453,0.356301727393,0.308866705,0.267746785021,0.232101227248,0.201201220643,0.174414982284,0.151194839159,0.131066031122,0.113617003824,0.0984909934224,0.0853787330336,0.0740121287419,0.0641587785502,0.0556172205441,0.0482128136042,0.0417941670925,0.0362300450223,0.0314066832894,0.0272254632791,0.0236008955689,0.0204588722025,0.0177351512675,0.0153740435459,0.0133272737605,0.0115529935452,0.0100149259833,0.00868162378086,0.00752582606604,0.00652390149994,0.00565536472813,0.00490245751756,0.00424978597916,0.003684005583,0.00319354847003,0.00276838657739,0.00239982710524,0.00208033462433,0.00180337660199,0.00156329038261,0.00135516719116,0.00117475180208,0.00101835534154,0.000882780207059,0.000765254407394,0.000663374921255,0.000575058878532,0.000498500394348,0.000432134335186,0.000374603667342,0.000324732147545,0.000281500054061,0.000244023549507,0.000211536390592,0.000183374205925,0.000158961299119,0.000137798556953,0.000119453248845,0.000103550227372,8.97644747613e-05,7.78139792869e-05,6.74544897354e-05,5.84741987702e-05,5.06894649208e-05,4.39410961199e-05,3.80911192452e-05,3.30200362891e-05,2.86240081909e-05,2.48132862377e-05,2.15098237577e-05,1.86462209426e-05,1.61638165355e-05,1.40118621797e-05,1.2146453663e-05,1.05294148383e-05,9.12760485937e-06,
68.0,56.5570088533,50.4350476409,44.9757528004,40.1073945449,35.7660074256,31.8945498859,28.4421547897,25.3634610749,22.6180177526,20.1697524194,17.9864973009,16.0395665972,14.30337958,12.7551244858,11.3744587917,10.1432419339,9.04529695899,8.06619797388,7.19308060399,6.41447296767,5.72014494726,5.100973775,4.54882416904,4.05644144387,3.6173561909,3.22579927662,2.87662604221,2.56524870761,2.28757609286,2.03995986378,1.81914659681,1.6222350322,1.44663795398,1.29004819716,1.15040833361,1.02588363923,0.914837988161,0.815812355135,0.727505645772,0.648757601275,0.578533553953,0.515910832707,0.460066639837,0.410267240883,0.365858323379,0.3262564005,0.290941144211,0.259448548796,0.231364834594,0.206321010851,0.18398802793,0.164072453775,0.146312618758,0.13047517703,0.116352041423,0.103757648694,0.0925265217315,0.0825110953717,0.0735797774777,0.0656152199114,0.058512776751,0.0521791294665,0.0465310604862,0.0414943603007,0.0370028519175,0.0329975216563,0.0294257437216,0.0262405887802,0.023400207224,0.0208672794786,0.0186085254873,0.016594267722,0.014798040937,0.0131962445768,0.0117678327919,0.0104940378108,0.00935812322144,0.008345164359,0.00744185205655,0.00663631768968,0.00591797746659,0.00527739314186,0.00470614803313,0.0041967367349,0.00374246605753,0.0033373673124,0.00297611802189,0.0026539717454,0.00236669576231,0.00211051569017,0.00188206545054,0.00167834356914,0.00149667333732,0.00133466778021,0.00119019826404,0.00106136675499,0.000946480393013,0.000844029734691,0.000752668774996,0.000671197078634,0.000598544160316,0.000533755491412,0.000475979781895,0.000424457962053,0.000378513017136,0.000337541350379,0.000301004581299,0.000268422762962,0.000239367659088,0.000213457567772,0.000190352130301,0.000169747671794,0.000151373577202,0.000134988313099,0.000120376736496,0.000107346658659,9.57270539073e-05,8.53652047021e-05,7.61249488197e-05,6.78849225766e-05,6.05367942864e-05,5.39840696189e-05,4.81406044476e-05,4.29296866526e-05,3.82828095787e-05,3.41389974105e-05,3.044362396e-05,2.71483187527e-05,2.42096649099e-05,2.15890689397e-05,1.92522176466e-05,1.71682946411e-05,1.53099094495e-05,1.36527441061e-05,1.21749213789e-05,1.08570063993e-05,9.68180971245e-06,
69.0,42.5641901357,39.0550969798,35.8353019471,32.8809545887,30.1701707461,27.6828704462,25.4006291587,23.3065413177,21.3850950941,19.6220574928,18.0043689218,16.5200464544,15.158095066,13.9084261888,12.7617829814,11.7096717593,10.7442990779,9.85851400368,9.04575514309,8.30000204018,7.61573057993,6.98787206886,6.41177568884,5.8831740465,5.39815156263,4.95311546787,4.54476918947,4.17008793206,3.82629627163,3.51084759685,3.22140524507,2.95582519373,2.71214017865,2.4885451215,2.28338375911,2.09513637435,1.92240853934,1.76392078604,1.61849912889,1.48506636843,1.36263411208,1.25029545265,1.14721825052,1.0526389696,0.96585702162,0.88622957639,0.813166800022,0.746127486152,0.68461504655,0.628173832931,0.57638576178,0.528867217263,0.48526620981,0.445259768678,0.408551549477,0.374869639334,0.343964542318,0.315607331604,0.289587953627,0.265713672087,0.243807640371,0.223707591436,0.205264635953,0.188342159368,0.172814809989,0.158567570238,0.145494905061,0.13349997985,0.122493943293,0.112395269079,0.10312915229,0.0946269550351,0.0868256979094,0.0796675939362,0.0730996201275,0.0670731247846,0.0615434671899,0.0564696869523,0.051814200504,0.0475425227294,0.0436230116614,0.0400266337996,0.0367267493459,0.0336989147449,0.0309207015863,0.0283715304674,0.0260325187359,0.0238863402824,0.0219170975946,0.02011020362,0.0184522740011,0.0169310277717,0.0155351964932,0.0142544406115,0.0130792731452,0.0120009889799,0.0110116010302,0.0101037803838,0.00927080247403,0.00850649711093,0.00780520277853,0.00716172469995,0.00657129635863,0.00602954427232,0.00553245540881,0.00507634763049,0.00465784238624,0.00427383965579,0.00392149489979,0.00359819825898,0.00330155491116,0.00302936748446,0.0027796197888,0.00255046187526,0.00234019620668,0.00214726531525,0.0019702400461,0.00180780915867,0.00165876940271,0.00152201682077,0.00139653843831,0.00128140477629,0.00117576296764,0.00107883047897,0.000989889342799,0.000908280756525,0.000833400058539,0.000764692744348,0.000701649819413,0.000643804271872,0.000590727640543,0.000542026766875,0.000497340898721,0.000456339031107,0.000418717448395,0.000384197464512,0.000352523374203,0.000323460581007,0.000296793801735,0.000272325468241,0.000249874380114,0.000229274232659,0.000210372317152,0.00019302878856,0.000177115065987,0.000162513339098,0.000149115358647,0.000136821959147,0.000125542070284,0.000115192116175,0.000105695398793,9.69816421322e-05,8.89862950103e-05,8.16500447093e-05,7.49186482945e-05,6.87422038236e-05,6.30749194396e-05,5.78749082042e-05,5.31035808975e-05,4.87255939841e-05,4.47085671935e-05,4.10226883319e-05,3.76406937282e-05,3.45375291342e-05,3.16901424238e-05,2.90775830523e-05,2.66803346533e-05,2.44807616857e-05,2.24625130183e-05,2.06106336096e-05,1.89114826978e-05,1.73523588476e-05,1.59217852593e-05,1.46091793259e-05,1.34047431812e-05,1.22996601966e-05,1.12856504285e-05,1.03552183218e-05,9.50151611354e-06,
70.0,28.4033762648,26.8220033758,25.3286742885,23.9184871138,22.586812878,21.3292803285,20.1417615848,19.0203585886,17.9613903082,16.9613806558,16.0170470765,15.1252897737,14.2831815341,13.4879581183,12.7370091877,12.0278697358,11.3582119969,10.7258378049,10.1286713779,9.56475250415,9.0322301081,8.52935617378,8.05448000697,7.60604281679,7.18257259899,6.7826793039,6.40505027376,6.04844593369,5.71169572277,5.39369425184,5.09339767489,4.80982026249,4.54203116636,4.28915136371,4.0503507717,3.82484552297,3.61189539228,3.41080136698,3.22090335208,3.04157800403,2.87223668406,2.71232352627,2.56131361288,2.41871125114,2.28404834635,2.15688286515,2.03679738468,1.92339772228,1.8163116416,1.71518763087,1.61969374875,1.52951653501,1.44435998147,1.36394456035,1.28800630672,1.21629595202,1.14857810594,1.0846304835,1.02424317566,0.967217960134,0.91336765075,0.862515483068,0.814494534059,0.769147174261,0.726324550256,0.685886096146,0.647699072071,0.611638128625,0.577584895202,0.545427591604,0.515060660964,0.486384423448,0.459304748905,0.43373274786,0.409584479961,0.386780678092,0.365246488518,0.344911224923,0.325708136591,0.307574189063,0.290449857447,0.274278930907,0.259008328149,0.244587923226,0.230970380956,0.21811100163,0.205967574097,0.194500237447,0.18367135003,0.173445365831,0.163788717955,0.154669708336,0.14605840374,0.137926537407,0.130247416412,0.12299583396,0.116147986629,0.109681396286,0.103574836254,0.0978082616978,0.0923627437722,0.0872204075027,0.082364373109,0.0777787005753,0.0734483374221,0.0693590691732,0.0654974727351,0.0618508724279,0.0584072981931,0.0551554464908,0.0520846430333,0.0491848079566,0.0464464224697,0.0438604977726,0.0414185456015,0.0391125501941,0.0369349421036,0.0348785732888,0.0329366936673,0.0311029291178,0.0293712601777,0.0277360026424,0.026191788831,0.0247335497515,0.0233564987927,0.0220561157384,0.0208281320752,0.0196685169469,0.0185734638645,0.0175393783604,0.0165628659905,0.0156407214071,0.0147699175712,0.0139475961596,0.0131710578183,0.0124377536058,0.0117452764037,0.0110913531791,0.010473837411,0.00989070207794,0.00934003306886,0.00882002279352,0.00832896430892,0.00786524572386,0.00742734485284,0.00701382433185,0.0066233267117,0.00625457021796,0.00590634439375,0.00557750622074,0.00526697621703,0.00497373511475,0.0046968203252,0.00443532290734,0.00418838444589,0.00395519440247,0.00373498731872,0.00352704033722,0.00333067090381,0.00314523441683,0.00297012219071,0.00280475939333,0.00264860325212,0.00250114116923,0.00236188910005,0.00223038994376,0.0021062120498,0.00198894782979,0.00187821233886,0.00177364210208,0.0016748938263,0.00158164344615,0.00149358477921,0.00141042885367,0.00133190264614,0.00125774839882,0.00118772275914,0.00112159580769,0.00105915049645,0.00100018186256,0.00094449632802,0.000891911096933,0.000842253587086,0.000795360759061,0.000751078743047,0.000709262120086,0.000669773661557,0.000632483727945,0.000597269954005,0.000564016695525,0.000532614849108,0.000502961290971,0.000474958709717,0.000448515211238,0.000423543921838,0.000399962954359,0.000377694852423,0.000356666543506,0.000336808986025,0.000318057005521,0.000300349041343,0.000283626981316,0.000267835945101,0.00025292407227,0.000238842416152,0.000225544789045,0.000212987492999,0.000201129327036,0.000189931360086,0.000179356864588,0.000169371095777,0.000159941290588,0.000151036486054,0.000142627478247,0.000134686636647,0.000127187891309,0.000120106656977,0.000113419647049,0.000107104994287,0.000101141873087,9.55107757753e-05,9.01931660716e-05,8.5171615058e-05,8.04296470876e-05,7.59516820873e-05,7.17230815684e-05,6.77298674768e-05,6.3958960545e-05,6.03980064889e-05,5.70353640164e-05,5.3859867726e-05,5.08612023911e-05,4.80295028943e-05,4.53554279887e-05,4.28302507146e-05,4.04456489022e-05,3.8193831242e-05,3.60673725784e-05,3.40593115026e-05,3.21630244953e-05,3.03723475048e-05,2.8681348963e-05,2.70844846149e-05,2.55765503367e-05,2.4152575122e-05,2.28078931946e-05,2.15380399743e-05,2.03388923939e-05,1.9206522259e-05,1.81372076169e-05,1.71274047363e-05,1.61738344753e-05,1.52733250885e-05,1.44229933283e-05,1.36199862902e-05,1.28616882748e-05,1.21456066085e-05,1.14694010805e-05,1.08308450708e-05,1.02278151409e-05,9.6583898359e-06,
71.0,14.0585306189,13.6664618687,13.2853272599,12.9148218574,12.5546492303,12.2045212147,11.8641576831,11.5332863202,11.2116424053,10.8989686002,10.5950147434,10.2995376502,10.0123009176,9.73307473582,9.46163570386,9.1977666511,8.94125646345,8.6918999144,8.44949750094,8.21385528378,7.98478473238,7.76210257388,7.54563064669,7.33519575784,7.13062954438,6.9317683388,6.73845303791,6.55052897571,6.36784579958,6.19025734993,6.01762154338,5.84980025899,5.68665922778,5.52806792533,5.37389946732,5.224030508,5.07834114156,4.93671480614,4.79903819064,4.66520114396,4.53509658695,4.40862042673,4.28567147342,4.16615135909,4.0499644592,3.93701781599,3.8272210641,3.72048635838,3.6167283035,3.51586388564,3.41781240612,3.32249541683,3.22983665743,3.13976199433,3.05219936143,2.96707870244,2.88433191481,2.80389279525,2.72569698677,2.64968192721,2.57578679914,2.50395248125,2.43412150098,2.36623798864,2.30024763262,2.23609763597,2.17373667418,2.11311485407,2.05418367389,1.99689598457,1.94120595189,1.88706901993,1.83444187529,1.78328241258,1.73354970061,1.6852039497,1.63820647986,1.59251968978,1.54810702686,1.50493295778,1.46296294029,1.42216339541,1.38250168064,1.34394606383,1.30646569773,1.27003059545,1.23461160635,1.20018039273,1.16670940724,1.13417187068,1.10254175079,1.07179374122,1.04190324141,1.01284633687,0.984599780036,0.95714097169,0.930447942831,0.904499337193,0.879274394065,0.854752931712,0.83091533125,0.807742520949,0.7852159609,0.763317628318,0.742030002978,0.721336053291,0.701219222656,0.681663416188,0.662652987889,0.644172728071,0.626207851254,0.608743984272,0.591767154778,0.57526378017,0.559220656568,0.543624948366,0.528464177887,0.513726215472,0.499399269723,0.485471878089,0.471932897647,0.458771496318,0.445977144017,0.433539604389,0.421448926562,0.409695437097,0.398269732421,0.387162671155,0.37636536689,0.365869181011,0.355665715857,0.345746807931,0.336104521425,0.326731141823,0.317619169792,0.308761315089,0.30015049085,0.291779807799,0.283642568784,0.275732263488,0.268042563088,0.260567315306,0.2533005394,0.246236421472,0.239369309713,0.232693709971,0.226204281298,0.219895831697,0.21376331397,0.207801821685,0.202006585228,0.196372968007,0.190896462729,0.18557268782,0.180397383896,0.175366410334,0.170475742026,0.165721466092,0.16109977877,0.1566069824,0.152239482442,0.147993784578,0.143866491963,0.139854302475,0.135954006081,0.132162482271,0.128476697578,0.124893703102,0.121410632209,0.118024698184,0.114733192068,0.111533480431,0.108423003252,0.105399271969,0.102459867355,0.0996024377046,0.0968246968682,0.0941244224651,0.0914994540944,0.0889476915787,0.086467093355,0.0840556747535,0.081711506482,0.0794327130611,0.0772174712652,0.075064008767,0.072970602639,0.070935578017,0.0689573067525,0.0670342060641,0.065164737351,0.0633474049414,0.0615807547902,0.0598633734871,0.0581938869961,0.0565709596248,0.0549932928964,0.0534596246064,0.0519687276726,0.0505194093127,0.0491105099375,0.0477409023622,0.0464094907723,0.0451152099725,0.0438570244471,0.0426339275434,0.0414449407212,0.0402891126976,0.0391655187215,0.0380732598654,0.0370114622189,0.0359792762923,0.0349758762568,0.0340004593094,0.0330522450867,0.0321304749089,0.0312344113344,0.0303633374156,0.0295165562571,0.0286933903762,0.0278931811637,0.0271152884109,0.0263590897511,0.0256239801877,0.024909371553,0.0242146921185,0.0235393860901,0.0228829132166,0.0222447482046,0.0216243805376,0.0210213138631,0.0204350656661,0.0198651669243,0.0193111616793,0.0187726066894,0.0182490710755,0.0177401359596,0.0172453941731,0.0167644498858,0.0162969183048,0.0158424253577,0.01540060746,0.0149711110859,0.0145535926398,0.0141477180536,0.0137531626221,0.01336961064,0.0129967552813,0.0126342982202,0.0122819494442,0.0119394270739,0.0116064570778,0.0112827730175,0.010968115956,0.0106622341459,0.0103648828428,0.0100758241746,0.00979482682808,0.00952166601885,0.00925612319989,0.00899798591385,0.00874704762746,0.0085031075889,0.00826597059857,0.00803544696871,0.00781135223329,0.00759350710461,0.00738173732344,0.00717587341266,0.0069757506924,0.00678120907577,0.00659209286826,0.00640825078344,0.00622953573718,0.00605580476756,0.00588691883749,0.00572274284673,0.00556314543375,0.00540799892422,0.00525717919762,0.0051105655626,0.00496804071684,0.00482949064656,0.00469480450232,0.00456387452525,0.00443659595568,0.00431286696764,0.00419258857212,0.00407566451789,0.00396200128156,0.00385150791357,0.00374409602361,0.00363967966584,0.00353817530165,0.00343950171874,0.00334357995222,0.00325033329805,0.00315968712318,0.00307156891446,0.00298590817333,0.00290263635902,0.00282168685862,0.00274299489529,0.00266649751301,0.00259213351742,0.00251984338425,0.00244956932581,0.0023812550719,0.00231484598536,0.00225028893874,0.00218753227376,0.00212652579541,0.00206722067064,0.00200956945437,0.00195352604661,0.00189904559522,0.00184608450067,0.00179460038588,0.00174455210024,0.0016958995593,0.00164860385681,0.00160262715302,0.0015579326562,0.00151448460761,0.00147224826553,0.00143118981067,0.00139127640263,0.00135247611745,0.00131475788408,0.001278091579,0.00124244781232,0.00120779810838,0.00117411469393,0.0011413706628,0.00110953981698,0.0010785966896,0.00104851648701,0.00101927518789,0.000990849358145,0.000963216288197,0.000936353854878,0.000910240571488,0.000884855533334,0.000860178451643,0.000836189565487,0.000812869679319,0.000790200160319,0.000768162851239,0.000746740122435,0.000725914832208,0.000705670320873,0.000685990403639,0.000666859317146,0.000648261768501,0.00063018287517,0.000612608168632,0.000595523579952,0.000578915459,0.000562770518168,0.000547075822632,0.000531818831074,0.000516987321294,0.000502569436438,0.000488553653121,0.000474928733628,0.000461683797903,0.000448808242729,0.00043629174837,0.000424124332116,0.000412296240737,0.000400798013284,0.000389620447574,0.000378754619688,0.000368191807843,0.000357923569019,0.000347941709696,0.000338238222898,0.000328805335316,0.000319635530774,0.000310721448974,0.000302055965262,0.000293632145724,0.000285443257777,0.000277482741438,0.000269744229898,0.000262221528563,0.000254908623327,0.000247799676958,0.000240888959497,0.000234170984642,0.000227640380009,0.000221291876459,0.000215120429016,0.000209121093809,0.000203289067231,0.000197619678154,0.000192108424586,0.000186750843158,0.000181542699718,0.000176479776101,0.000171558064774,0.000166773601641,0.000162122582776,0.000157601257,0.000153206037384,0.000148933391014,0.000144779896021,0.000140742243657,0.000136817167281,0.000133001586823,0.000129292410936,0.000125686659746,0.000122181480312,0.000118774050028,0.000115461655841,0.000112241618971,0.000109111404919,0.000106068474405,0.000103110404525,0.000100234831234,9.74394514294e-05,9.47220372607e-05,9.20804170966e-05,8.95124475875e-05,8.70160968922e-05,8.45893670062e-05,8.22303158186e-05,7.99370570394e-05,7.77077537933e-05,7.55406198931e-05,7.34339192238e-05,7.13859769516e-05,6.93951463516e-05,6.74598391243e-05,6.55785007513e-05,6.37496310151e-05,6.19717688449e-05,6.02434755426e-05,5.85633885126e-05,5.69301587547e-05,5.53424760757e-05,5.37990686676e-05,5.22987146546e-05,5.08401849946e-05,4.94223498043e-05,4.80440405174e-05,4.67041851243e-05,4.54016749033e-05,4.4135507244e-05,4.2904647348e-05,4.17081045626e-05,4.05449530061e-05,3.94142030456e-05,3.83150293688e-05,3.7246482344e-05,3.62077373537e-05,3.51979729179e-05,3.4216356501e-05,3.32621144434e-05,3.2334502329e-05,3.14327430763e-05,3.05561453507e-05,2.97039946867e-05,2.88755887673e-05,2.80702954969e-05,2.72874770814e-05,2.65264587787e-05,2.57866982098e-05,2.50675437405e-05,2.43684617682e-05,2.36888604943e-05,2.30282292356e-05,2.23860125263e-05,2.1761694806e-05,2.11548067563e-05,2.05648316441e-05,1.99913095023e-05,1.94337915225e-05,1.88918165812e-05,1.83649564806e-05,1.78527959087e-05,1.73549121167e-05,1.6870914189e-05,1.64004057102e-05,1.59430195802e-05,1.549840156e-05,1.50661777449e-05,1.46460131424e-05,1.42375588219e-05,1.384049949e-05,1.34545096972e-05,1.30792928945e-05,1.27145294557e-05,1.23599441131e-05,1.20152408318e-05,1.16801600904e-05,1.13544264146e-05,1.10377694131e-05,1.07299460397e-05,1.04306978725e-05,1.0139807901e-05,
72.0,0.487519882208,0.487997032151,0.488474649094,0.488952733493,0.489431285812,0.489910306504,0.490389796026,0.490869754841,0.4913501834,0.491831082174,0.492312451615,0.492794292189,0.493276604352,0.493759388572,0.494242645303,0.494726375012,0.495210578164,0.49569525522,0.496180406642,0.496666032894,0.497152134444,0.49763871176,0.498125765295,0.498613295533,0.499101302928,0.49958978795,0.500078751066,0.500568192747,0.501058113459,0.501548513669,0.502039393843,0.502530754463,0.503022595992,0.503514918896,0.504007723657,0.504501010737,0.504994780611,0.505489033754,0.505983770639,0.506478991733,0.506974697519,0.507470888463,0.507967565045,0.508464727738,0.508962377023,0.509460513366,0.509959137256,0.510458249159,0.510957849561,0.511457938937,0.511958517761,0.512459586518,0.512961145689,0.513463195746,0.513965737176,0.514468770461,0.514972296076,0.515476314508,0.515980826238,0.516485831749,0.51699133152,0.517497326042,0.518003815798,0.518510801264,0.519018282939,0.519526261292,0.520034736826,0.520543710018,0.521053181357,0.521563151332,0.522073620428,0.522584589138,0.523096057941,0.52360802734,0.524120497816,0.524633469862,0.525146943971,0.525660920631,0.526175400334,0.526690383577,0.527205870847,0.527721862639,0.528238359451,0.528755361765,0.529272870093,0.529790884919,0.530309406743,0.530828436053,0.531347973359,0.531868019149,0.532388573926,0.532909638181,0.533431212422,0.533953297142,0.534475892836,0.534999000016,0.535522619175,0.536046750815,0.536571395438,0.537096553547,0.537622225642,0.538148412227,0.538675113808,0.539202330889,0.539730063972,0.540258313564,0.540787080168,0.541316364292,0.541846166441,0.542376487121,0.542907326846,0.543438686119,0.543970565449,0.54450296534,0.545035886312,0.54556932887,0.546103293519,0.546637780776,0.547172791154,0.547708325164,0.548244383313,0.548780966122,0.549318074097,0.549855707757,0.550393867614,0.550932554184,0.551471767985,0.552011509527,0.552551779335,0.553092577914,0.55363390579,0.554175763485,0.554718151509,0.555261070383,0.555804520628,0.556348502764,0.556893017315,0.557438064795,0.557983645729,0.558529760636,0.559076410048,0.559623594479,0.560171314454,0.560719570501,0.561268363143,0.561817692906,0.562367560313,0.562917965889,0.563468910165,0.564020393667,0.564572416921,0.565124980456,0.565678084801,0.566231730488,0.566785918045,0.567340647998,0.567895920883,0.568451737233,0.569008097576,0.56956500244,0.570122452369,0.57068044789,0.571238989534,0.571798077842,0.572357713348,0.572917896583,0.573478628086,0.574039908396,0.574601738045,0.575164117568,0.575727047517,0.576290528421,0.576854560821,0.577419145253,0.577984282262,0.57854997239,0.579116216168,0.579683014153,0.580250366879,0.580818274887,0.581386738723,0.581955758933,0.582525336063,0.583095470651,0.583666163249,0.584237414399,0.584809224648,0.585381594547,0.58595452464,0.586528015478,0.587102067609,0.587676681581,0.588251857945,0.588827597249,0.58940390005,0.58998076689,0.590558198328,0.591136194918,0.591714757214,0.592293885756,0.592873581117,0.593453843839,0.59403467448,0.594616073598,0.595198041751,0.595780579493,0.596363687383,0.596947365975,0.597531615832,0.598116437512,0.598701831571,0.599287798575,0.599874339084,0.600461453653,0.601049142854,0.601637407239,0.60222624738,0.602815663832,0.603405657163,0.603996227944,0.604587376728,0.605179104088,0.605771410595,0.606364296801,0.606957763288,0.607551810614,0.608146439358,0.608741650081,0.609337443349,0.60993381974,0.610530779825,0.61112832417,0.611726453348,0.61232516794,0.612924468504,0.613524355621,0.614124829872,0.614725891819,0.615327542045,0.615929781126,0.616532609632,0.617136028147,0.617740037245,0.618344637506,0.618949829504,0.619555613822,0.620161991042,0.620768961736,0.621376526496,0.621984685892,0.62259344052,0.623202790946,0.623812737765,0.624423281555,0.625034422904,0.625646162393,0.62625850061,0.626871438147,0.627484975576,0.628099113496,0.628713852486,0.629329193147,0.629945136055,0.630561681804,0.631178830991,0.631796584194,0.632414942013,0.633033905037,0.633653473855,0.634273649067,0.634894431265,0.635515821035,0.636137818983,0.636760425695,0.637383641774,0.638007467812,0.638631904403,0.63925695215,0.639882611654,0.640508883506,0.641135768308,0.641763266667,0.642391379168,0.643020106426,0.643649449039,0.644279407609,0.644909982736,0.645541175025,0.646172985082,0.646805413507,0.647438460913,0.6480721279,0.648706415072,0.649341323045,0.64997685242,0.650613003805,0.651249777809,0.651887175041,0.652525196121,0.653163841643,0.653803112228,0.654443008489,0.655083531034,0.655724680476,0.656366457431,0.657008862512,0.657651896333,0.658295559512,0.658939852665,0.659584776401,0.660230331351,0.660876518117,0.661523337328,0.6621707896,0.662818875554,0.663467595805,0.664116950986,0.664766941702,0.665417568585,0.666068832257,0.666720733341,0.667373272456,0.668026450237,0.668680267297,0.669334724268,0.669989821779,0.670645560449,0.671301940912,0.671958963793,0.672616629722,0.673274939328,0.673933893242,0.674593492093,0.675253736513,0.675914627134,0.676576164588,0.677238349509,0.677901182528,0.678564664283,0.67922879541,0.679893576539,0.680559008306,0.681225091355,0.681891826318,0.682559213832,0.683227254543,0.683895949084,0.684565298091,0.685235302216,0.68590596209,0.686577278361,0.687249251665,0.687921882653,0.688595171964,0.689269120245,0.689943728137,0.690618996288,0.691294925344,0.691971515954,0.692648768758,0.693326684416,0.694005263565,0.694684506863,0.695364414955,0.696044988492,0.696726228128,0.697408134514,0.698090708304,0.698773950139,0.699457860698,0.700142440614,0.700827690544,0.701513611152,0.702200203093,0.702887467017,0.703575403592,0.704264013468,0.704953297306,0.705643255766,0.706333889514,0.7070251992,0.707717185491,0.708409849058,0.709103190549,0.709797210633,0.710491909977,0.711187289239,0.7118833491,0.712580090206,0.713277513241,0.713975618854,0.714674407732,0.715373880533,0.716074037929,0.716774880586,0.717476409186,0.718178624388,0.71888152687,0.719585117302,0.720289396363,0.720994364718,0.721700023051,0.722406372028,0.723113412332,0.723821144635,0.724529569621,0.725238687961,0.725948500336,0.726659007429,0.727370209911,0.728082108469,0.728794703786,0.729507996541,0.730221987414,0.730936677093,0.731652066257,0.732368155598,0.733084945795,0.733802437536,0.734520631509,0.735239528397,0.735959128891,0.736679433681,0.737400443456,0.738122158901,0.738844580712,0.739567709579,0.740291546194,0.741016091246,0.741741345436,0.742467309453,0.743193983988,0.743921369747,0.744649467417,0.745378277701,0.746107801291,0.746838038888,0.747568991186,0.748300658894,0.749033042704,0.749766143322,0.750499961443,0.75123449778,0.751969753025,0.752705727889,0.753442423073,0.754179839277,0.754917977219,0.755656837597,0.756396421118,0.75713672849,0.757877760426,0.758619517631,0.759362000814,0.760105210687,0.760849147965,0.761593813357,0.762339207572,0.763085331324,0.763832185332,0.764579770311,0.765328086976,0.766077136033,0.766826918211,0.76757743422,0.768328684784,0.769080670616,0.769833392447,0.77058685098,0.771341046948,0.772095981072,0.772851654069,0.773608066671,0.774365219595,0.775123113564,0.775881749308,0.77664112755,0.777401249023,0.778162114443,0.778923724547,0.779686080063,0.780449181718,0.781213030242,0.781977626367,0.782742970827,0.783509064354,0.784275907674,0.785043501531,0.785811846652,0.786580943777,0.787350793641,0.78812139698,0.788892754529,0.789664867026,0.790437735219,0.791211359839,0.791985741625,0.792760881326,0.793536779676,0.794313437418,0.795090855303,
73.0,15.5524372096,16.0344045522,16.5313079856,17.0436103768,17.5717889376,18.1163356679,18.677757815,19.2565783458,19.8533364335,20.4685879605,21.1029060359,21.7568815294,22.4311236215,23.1262603712,23.8429393012,24.5818280005,25.3436147469,26.1290091476,26.9387428006,27.773569976,28.6342683187,29.5216395725,30.4365103274,31.3797327893,32.3521855737,33.3547745243,34.3884335571,35.4541255296,36.5528431386,37.685609844,38.8534808231,40.0575439526,41.2989208226,42.5787677811,43.8982770113,45.2586776417,46.6612368919,48.1072612519,49.5980977002,51.1351349577,52.7198047818,54.3535832997,56.0379923839,57.7746010694,59.5650270154,61.4109380124,63.3140535353,65.2761463455,67.2990441422,69.3846312646,71.5348504475,73.7517046309,76.0372588257,78.3936420373,80.8230492486,83.3277434651,85.9100578225,88.5723977601,91.3172432616,94.1471511653,97.0647575454,100.072780168,103.174021023,106.371368932,109.667802244,113.066391604,116.570302816,120.182799794,123.9072476,127.747115578,131.705980586,135.787530331,139.9955668,144.334009804,148.806900627,153.418405795,158.172820952,163.074574864,168.128233546,173.338504511,178.710241158,184.248447294,189.958281792,195.8450634,201.914275691,208.171572175,214.622781564,221.273913203,228.131162662,235.200917515,242.489763285,250.004489581,257.75209642,265.739800751,273.975043174,282.465494873,291.219064763,300.243906855,309.548427852,319.141294981,329.031444065,339.228087849,349.740724579,360.579146852,371.753450737,383.27404518,395.151661699,407.397364382,420.022560192,433.039009595,446.45883751,460.29454461,474.559018961,489.265548032,504.427831069,520.059991856,536.176591875,552.792643865,569.923625811,587.585495362,605.79470469,624.568215823,643.92351644,663.878636163,684.452163353,705.663262421,727.531691687,750.077821777,773.322654606,797.287842936,821.995710549,847.469273043,873.732259267,900.809133431,928.72511789,957.506216643,987.179239553,1017.77182733,1049.31247726,1081.83056978,1115.35639584,1149.92118509,1185.55713502,1222.29744093,1260.17632686,1299.22907749,1339.49207099,1381.00281295,1423.79997131,1467.9234124,1513.41423809,1560.31482415,1608.66885969,1658.52138798,1709.91884843,1762.90911993,1817.54156557,1873.86707875,1931.93813078,1991.80881995,2053.53492223,2117.17394361,2182.78517414,2250.42974376,2320.17068006,2392.07296802,2466.20361183,2542.63169904,2621.4284671,2702.66737252,2786.42416294,2872.77695237,2961.80629995,3053.59529278,3148.22963331,3245.79773201,3346.39080633,3450.10298705,3557.03143341,3667.27645913,3780.94167147,3898.13412654,4018.96450485,4143.54731198,4272.00111105,4404.44879512,4541.01791046,4681.8410442,4827.05629433,4976.80784457,5131.24667361,5290.53143627,5454.82956523,5624.31865552,5799.18821204,5979.64186326,6165.90017342,6358.20422321,6556.82017702,6762.04511605,6974.21449456,7193.71167551,7420.98012666,7656.53901531,7901.00313548,8155.10834349,8419.74397392,8695.99406399,8985.18963479,9288.97475931,9609.38967775,9948.97476959,10310.8997041,10699.1224751,11118.5831452,11575.4368024,12077.3292454,12633.717066,13256.2309812,13959.0776039,14759.4708739,15678.0811568,16739.4891153,17972.6345697,19411.2588155,21094.3519431,23066.6323298,25379.0997756,28089.7127285,31264.2414185,34977.3431238,39313.896456,44370.6226607,50258.0168935,57102.6127347,65049.6086281,74265.8941706,84943.5258108,97303.7144652,111601.401307,128130.512495,147229.999161,169290.786034,194763.771134,224169.040674,258106.488087,297268.054671,342451.842345,394578.387027,454709.425152,524069.536601,604071.105942,696343.111537,802764.330168,925501.634925,1067054.16808,1230304.29062,1418576.3484,1635704.45474,1886110.67307,2174895.19616,2507940.36297,2892030.63751,3334990.99962,3845846.57434,4435006.76015,5114477.61747,5898106.85605,6801866.42647,7844178.48969,9046291.42533,10432713.5625,12031713.4973,13875897.2228,16002873.8678,18456023.6537,21285383.7689,24548670.272,28312456.9187,32653535.017,37660482.1193,43435471.6327,50096360.36,57779096.6694,66640498.5555,76861458.4221,88650640.1547,102248744.124,117933427.396,136024979.821,156892872.182,180963310.399,208727950.417,240753952.172,277695578.432,320307575.981,369460613.099,426159089.434,491561682.929,567005054.583,654031196.501,754418983.326,870220573.315,1003803404.67,1157898647.4,1335657103.38,1540713699.74,1777261897.13,2050139537.45,2364927890.13,2728065926.94,3146982167.02,3630246794.69,4187747167.73,4830890314.01,5572836567.28,6428769132.21,7416205105.03,8555354326.99,9869533428.79,11385643556.3,13134721574.8,15152576055.0,17480521087.2,20166222971.3,23264677154.3,26839335451.8,30963406681.2,35721357388.7,41210643461.2,47543708152.7,54850287524.9,63280070609.3,73005768885.4,84226658067.4,97172664894.4,112109082806.0,129342013302.0,149224644683.0,172164497069.0,198631782439.0,229169051332.0,264402324277.0,305053936522.0,351957359826.0,406074305687.0,468514461252.0,540558263253.0,623683177711.0,719594025210.0,830257974661.0,957944924400.0,1.10527410019e+12,1.27526782749e+12,1.47141358268e+12,1.69773559837e+12,1.95887749388e+12,2.26019762906e+12,2.60787914079e+12,3.00905692367e+12,3.47196416441e+12,4.0061014418e+12,4.62243186781e+12,5.33360628102e+12,6.15422312146e+12,7.10112832903e+12,8.19376143093e+12,9.45455493328e+12,1.09093952284e+13,1.25881544946e+13,1.45253045253e+13,1.67606251094e+13,1.93400215311e+13,2.23164679993e+13,2.57510964108e+13,2.97144528386e+13,3.4287947589e+13,3.95655286541e+13,4.56556129808e+13,5.26833152851e+13,6.07930202622e+13,7.01513511083e+13,8.09505954282e+13,9.34126590149e+13,1.07793628851e+14,1.24389039222e+14,1.43539949304e+14,1.65639957293e+14,1.91143295411e+14,2.20574172401e+14,2.54537555768e+14,2.93731615699e+14,3.38962086778e+14,3.91158843122e+14,4.51395028122e+14,5.20909132575e+14,6.01130475725e+14,6.93708613775e+14,8.00547281342e+14,9.23843564661e+14,1.0661331131e+15,1.23034231992e+15,1.41984854672e+15,1.63854963178e+15,1.89094411359e+15,2.18222382181e+15,2.51838074235e+15,2.90633035777e+15,3.35405400305e+15,3.87076316915e+15,4.46708913839e+15,5.1553018582e+15,5.94956256168e+15,6.8662153392e+15,7.92412366772e+15,9.145058831e+15,1.05541482332e+16,1.21803928427e+16,1.40572644281e+16,1.62233948913e+16,1.87233719043e+16,2.16086572424e+16,2.49386467399e+16,2.87818937127e+16,3.32175210591e+16,3.8336851144e+16,4.42452870577e+16,5.10644840251e+16,5.89348557228e+16,6.80184671642e+16,7.85023737879e+16,9.06024755787e+16,1.04567965677e+17,1.20686465185e+17,1.39289950032e+17,1.60761592095e+17,1.85543655619e+17,2.14146611757e+17,2.47159659159e+17,2.85262867543e+17,3.29241194667e+17,3.80000665735e+17,4.3858704891e+17,5.06207412048e+17,5.84255005264e+17,6.74337982469e+17,7.78312554296e+17,8.98321256182e+17,1.03683712094e+18,1.19671466699e+18,1.38124875393e+18,1.59424251964e+18,1.84008580033e+18,2.12384565128e+18,2.45137083576e+18,2.82941243784e+18,3.26576308748e+18,3.76941767048e+18,4.35075883903e+18,5.02177115084e+18,5.79628825511e+18,6.69027822624e+18,7.72217293301e+18,8.91324824025e+18,1.0288062889e+19,1.18749651124e+19,1.3706677443e+19,1.58209717803e+19,1.82614486528e+19,2.10784367564e+19,2.43300313373e+19,2.80832928519e+19,3.24156306464e+19,3.74164002176e+19,4.31887470268e+19,4.98517349296e+19,5.75428031605e+19,6.64206025951e+19,7.66682698453e+19,8.84972067835e+19,1.02151443527e+20,1.17912674968e+20,1.36106074834e+20,1.57107007338e+20,1.81348774986e+20,2.09331562553e+20,2.41632761887e+20,2.78918890779e+20,3.21959352009e+20,3.71642316731e+20,4.28993060199e+20,4.95195128529e+20,5.71614773638e+20,6.59829161039e+20,7.61658933088e+20,8.79205800273e+20,1.01489593698e+21,1.17153007814e+21,1.3523413515e+21,1.56106204019e+21,1.80200065476e+21,
74.0,4.10024302428e+21,5.56427261048e+21,7.55113400511e+21,1.02475695717e+22,1.39070314272e+22,1.88735155288e+22,2.56139123859e+22,3.47619180408e+22,4.71776368253e+22,6.40284841354e+22,8.68990021004e+22,1.17939922282e+23,1.60070503639e+23,2.17253188762e+23,2.94866429006e+23,4.00210770696e+23,5.43195840316e+23,7.37272897992e+23,1.00070074973e+24,1.35826419729e+24,1.84360681682e+24,2.50239770692e+24,3.39663038349e+24,4.61045861969e+24,6.2581187801e+24,8.49468471413e+24,1.15306680708e+25,1.56518391095e+25,2.12461348412e+25,2.88401889704e+25,3.91489245408e+25,5.31428808194e+25,7.21396167636e+25,9.79278018571e+25,1.3293568495e+26,1.80459813278e+26,2.44975551146e+26,3.32558655993e+26,4.5145763519e+26,6.12870816548e+26,8.32001358479e+26,1.12948962079e+27,1.53335788368e+27,2.08165069331e+27,2.82601968076e+27,3.83659072764e+27,5.20857223166e+27,7.07122735438e+27,9.60005598792e+27,1.30333347705e+28,1.7694574345e+28,2.40230109342e+28,3.26150068083e+28,4.42802627795e+28,6.01181424774e+28,8.16213045418e+28,1.1081641388e+29,1.50455199618e+29,2.04273875119e+29,2.7734538225e+29,3.76557675986e+29,5.11263152255e+29,6.94160462751e+29,9.42491877943e+29,1.27966912117e+30,1.73748101003e+30,2.35909111874e+30,3.2031081939e+30,4.34911324611e+30,5.90516464806e+30,8.01798915968e+30,1.08868201773e+31,1.47821885723e+31,2.0071438709e+31,2.72533766978e+31,3.70053195102e+31,5.02469835588e+31,6.82272401231e+31,9.26419225043e+31,1.25793799612e+32,1.70809809301e+32,2.3193604763e+32,3.14938347213e+32,4.27646241338e+32,5.80691640859e+32,7.88511925024e+32,1.07071209934e+33,1.45391455847e+33,1.97427100793e+33,2.68087358825e+33,3.64038710721e+33,4.94333953007e+33,6.71266438118e+33,9.11530124677e+33,1.2377949198e+34,1.68084599216e+34,2.28248896532e+34,3.09949518981e+34,4.20895946466e+34,5.71557590061e+34,7.76151867487e+34,1.05398603126e+35,1.43127940565e+35,1.94363803769e+35,2.63941535429e+35,3.58427605653e+35,4.86739406955e+35,6.60986962607e+35,8.97616005758e+35,1.21896033791e+36,1.65535001424e+36,2.24797437826e+36,3.05277023345e+36,4.14570222452e+36,5.62993394296e+36,7.64556678291e+36,1.03828660084e+37,1.41002227446e+37,1.91485477609e+37,2.60044002012e+37,3.53149791717e+37,4.79592262108e+37,6.51308079016e+37,8.84508139005e+37,1.20120811544e+38,1.63130708925e+38,2.21541053761e+38,3.00866424261e+38,4.08596114295e+38,5.54901280007e+38,7.53595322948e+38,1.02343819872e+39,1.38990781843e+39,1.88760582032e+39,2.56352489632e+39,3.4814862214e+39,4.72816603574e+39,6.4212805085e+39,8.72070184003e+39,1.18435553895e+40,1.60847235906e+40,2.18446930527e+40,2.9667374763e+40,4.02914692131e+40,5.47202275377e+40,7.43161971882e+40,1.00929900398e+41,1.37074598587e+41,1.86163648642e+41,2.52832868798e+41,3.43378361106e+41,4.66351142505e+41,6.33364747512e+41,8.60192081386e+41,1.16825512352e+42,1.58664818737e+42,2.15488584073e+42,2.92663503875e+42,3.97478398807e+42,5.39832652506e+42,7.33171228188e+42,9.95754583053e+42,1.35238343391e+43,1.83674129295e+43,2.49457604802e+43,3.38802111935e+43,4.60146437233e+43,6.24951917163e+43,8.4878505388e+43,1.15278790811e+44,1.56567516737e+44,2.12644654059e+44,2.88807070428e+44,3.92248880527e+44,5.32741017989e+44,7.23554225727e+44,9.82712656824e+44,1.33469651071e+45,1.8127545496e+45,2.46204495585e+45,3.34390124497e+45,4.54162623466e+45,6.16836142882e+45,8.37777524511e+45,1.13785798192e+46,1.54542478182e+46,2.09897919613e+46,2.85081371918e+46,3.87195217105e+46,5.25885939874e+46,7.14255447153e+46,9.70098834013e+46,1.31758553458e+47,1.78954268639e+47,2.43055643236e+47,3.30118416201e+47,4.48367565331e+47,6.08974363642e+47,8.27111792863e+47,1.12338802816e+48,1.52579342846e+48,2.07234498321e+48,2.81467806275e+48,3.82292482223e+48,5.19234017459e+48,7.05230136219e+48,9.57853142087e+48,1.30097014332e+49,1.76699801909e+49,2.39996618189e+49,3.25967651554e+49,4.42735353383e+49,6.01331860864e+49,8.16741336031e+49,1.10931570595e+50,1.50669757009e+50,2.04643196111e+50,2.7795137328e+50,3.77520575317e+50,5.12758315541e+50,6.96442199038e+50,9.4592721412e+50,1.28478552353e+51,1.74503369514e+51,2.37015781812e+51,3.21922234206e+51,4.37245087654e+51,5.93880627324e+51,8.06628622485e+51,1.09559072038e+52,1.48806980761e+52,2.02114980939e+52,2.74519969186e+52,3.728632762e+52,5.06437097406e+52,6.87862506042e+52,9.34282013112e+52,1.26897936083e+53,1.72357960647e+53,2.34103738656e+53,3.17969572895e+53,4.31879893924e+53,5.86598048856e+53,7.96743345427e+53,1.08217245495e+54,1.4698557074e+54,1.99642557644e+54,2.71163816995e+54,3.68307481624e+54,5.00252801804e+54,6.79467521104e+54,9.22885995002e+54,1.2535093783e+55,1.702579091e+55,2.31252894476e+55,3.14099489201e+55,4.26626130151e+55,5.79465841008e+55,7.87060997974e+55,1.0690280625e+56,1.45201124326e+56,1.97220025187e+56,2.67875007202e+56,3.63842589923e+56,4.94191218446e+56,6.71238196826e+56,9.1171362851e+56,1.23834135327e+57,1.68198627556e+57,2.28457100214e+57,3.10303740557e+57,4.21472747391e+57,5.72469192804e+57,7.77561725982e+57,1.05613092824e+58,1.43450073721e+58,1.94842600775e+58,2.64647128177e+58,3.59460005818e+58,4.88240824571e+58,6.63159085707e+58,9.00744204353e+58,1.22344752207e+59,1.66176393856e+59,2.25711365675e+59,3.06575636656e+59,4.16410775897e+59,5.65596078282e+59,7.6822940573e+59,1.04345943411e+60,1.41729520423e+60,1.92506398099e+60,2.61474969098e+60,3.55152742452e+60,4.82392251819e+60,6.5521762595e+60,8.89960878489e+60,1.20880529827e+61,1.6418817931e+61,2.23011629517e+61,3.02909731337e+61,4.11432912378e+61,5.58836703586e+61,7.59050903254e+61,1.03099596664e+62,1.40037102313e+62,1.90208249304e+62,2.58354281453e+62,3.50915101916e+62,4.76637858279e+62,6.47403568212e+62,8.7934990423e+62,1.19439624412e+63,1.62231510906e+63,2.2035457469e+63,2.99301575353e+63,4.06533188833e+63,5.52183063374e+63,7.50015480158e+63,1.018726121e+64,1.38370887047e+64,1.87945562181e+64,2.55281587762e+64,3.46742419029e+64,4.7097138529e+64,6.3970851589e+64,8.68900016478e+64,1.18020524575e+65,1.6030436084e+65,2.17737480458e+65,2.9574751817e+65,4.01706707062e+65,5.4562858521e+65,7.411143173e+65,1.00663806308e+66,1.36729286601e+66,1.85716205705e+66,2.52254028262e+66,3.42630855992e+66,4.65387682402e+66,6.3212555674e+66,8.58601938304e+66,1.16621985225e+67,1.58405057989e+67,2.15158103835e+67,2.9224454916e+67,3.96949425975e+67,5.39167844687e+67,7.32340133231e+67,9.94722018341e+67,1.35110988822e+68,1.83518418362e+68,2.4926923812e+68,3.38577237928e+68,4.598824871e+68,6.24648967839e+68,8.48447985798e+68,1.15242974649e+69,1.56532217035e+69,2.12614584644e+69,2.88790170451e+69,3.92257991276e+69,5.32796337322e+69,7.23686878689e+69,9.82969862726e+69,1.33514902622e+70,1.81350734745e+70,2.46325249128e+70,3.3457892122e+70,4.54452248464e+70,6.17273979423e+70,8.38431751764e+70,1.13882632142e+71,1.54684681719e+71,2.10105369534e+71,2.85382295143e+71,3.87629599168e+71,5.26510296005e+71,7.15149492106e+71,9.71374795156e+71,1.31940114131e+72,1.79211926822e+72,2.43420411035e+72,3.30633688151e+72,4.49093986073e+72,6.09996585902e+72,8.28547852618e+72,1.12540234114e+73,1.52861479449e+73,2.07629151171e+73,2.82019165889e+73,3.83061887285e+73,5.20306544938e+73,7.06723703989e+73,9.59931075568e+73,1.30385851601e+74,1.77100956945e+74,2.40553328619e+74,3.26739662626e+74,4.43805177118e+74,6.02813394687e+74,8.18791725927e+74,1.11215166972e+75,1.51061784981e+75,2.0518481961e+75,2.78699289755e+75,3.78552847468e+75,5.14182382812e+75,6.98405880469e+75,9.48633815372e+75,1.28851457349e+76,1.75016940264e+76,2.37722811348e+76,3.22895242761e+76,4.38583666133e+76,5.95721505288e+76,8.09159468494e+76,1.09906905438e+77,1.49284891383e+77,2.02771423396e+77,2.75421386131e+77,3.74100756003e+77,5.08135489378e+77,6.90192898176e+77,9.3747880989e+77,1.27336365314e+78,1.72959114679e+78,2.34927833138e+78,3.1909904698e+78,4.33427592799e+78,5.88718412637e+78,7.99647706875e+78,1.08614995206e+79,1.47530186807e+79,2.0038813847e+79,2.72184345085e+79,3.69704117843e+79,5.02163850754e+79,6.820820442e+79,9.26462404375e+79,1.25840083117e+80,1.70926816805e+80,2.32167500165e+80,3.15349870913e+80,4.28335334232e+80,5.81801929786e+80,7.90253493864e+80,1.07339039081e+81,1.45797135925e+81,1.98034243297e+81,2.6898719406e+81,3.6536162201e+81,4.96265699691e+81,6.74070936106e+81,9.15581386893e+81,1.24362177712e+82,1.68919462762e+82,2.29441025141e+82,3.11646652948e+82,4.23305458831e+82,5.74970126108e+82,7.80974225729e+82,1.06078685894e+83,1.44085265086e+83,1.95709098993e+83,2.65829071254e+83,3.61072105943e+83,4.90439467833e+83,6.66157457989e+83,9.04832902686e+83,1.22902263918e+84,1.66936532817e+84,2.26747706741e+84,3.07988446675e+84,4.18336689392e+84,5.68221277895e+84,7.71807576044e+84,1.0483362164e+85,1.42394150449e+85,1.93412133429e+85,2.62709204331e+85,3.56834526993e+85,4.84683747535e+85,6.58339709347e+85,8.94214385703e+85,1.21459995251e+86,1.64977559103e+86,2.24086913159e+86,3.04374398865e+86,4.13427873606e+86,5.61553828849e+86,7.62751442788e+86,1.03603562395e+87,1.40723408492e+87,1.91142828525e+87,2.5962689341e+87,3.52647939634e+87,4.78997261352e+87,6.50615964212e+87,8.83723503865e+87,1.20035056593e+88,
75.0,2.51774319452e+88,4.1512473664e+88,6.8445643648e+88,1.12852978721e+89,1.86071670667e+89,3.06794452649e+89,5.05841856785e+89,8.34030701554e+89,1.37514763621e+90,2.26733989227e+90,3.73838430852e+90,6.16383882464e+90,1.01629225434e+91,1.67566025812e+91,2.76282473515e+91,4.55533911855e+91,7.51083294093e+91,1.23838448564e+92,2.04184567095e+92,3.36659082358e+92,5.55082796089e+92,9.15219382985e+92,1.5090118875e+93,2.48805583546e+93,4.10230166107e+93,6.76386720466e+93,1.11522516554e+94,1.83878121318e+94,3.03177915955e+94,4.99879212323e+94,8.24199977416e+94,1.35893951605e+95,2.24061719358e+95,3.69432593123e+95,6.09119859933e+95,1.00431585256e+96,1.65591440015e+96,2.73026910357e+96,4.50166354491e+96,7.42233611277e+96,1.22379368424e+97,2.01778925046e+97,3.32692803229e+97,5.4854342563e+97,9.04437639492e+97,1.49123554425e+98,2.45874715757e+98,4.05397905063e+98,6.68419535567e+98,1.10208926819e+99,1.81712338382e+99,2.99607075611e+99,4.93991775588e+99,8.14493036614e+99,1.34293513776e+100,2.21422985881e+100,3.6508195932e+100,6.0194671163e+100,9.92489049639e+100,1.63641482395e+101,2.69811893593e+101,4.44865552758e+101,7.33493838883e+101,1.20938385209e+102,1.99403080877e+102,3.28775590045e+102,5.42084851e+102,8.93788944919e+102,1.47367830338e+103,2.42979930399e+103,4.00625067382e+103,6.60550216491e+103,1.08911455302e+104,1.79573102405e+104,2.96079959692e+104,4.8817635746e+104,8.04904720845e+104,1.32712615684e+105,2.18816438745e+105,3.60784344906e+105,5.94860902254e+105,9.80806123518e+105,1.61715226677e+106,2.66635923583e+106,4.39629078387e+106,7.24860044418e+106,1.19514861976e+107,1.97056002777e+107,3.249057711e+107,5.35704363347e+107,8.83268909148e+107,1.45633304893e+108,2.40120073875e+108,3.95909782626e+108,6.5277573005e+108,1.07629610049e+109,1.77459615365e+109,2.9259527348e+109,4.82430857042e+109,7.95431620504e+109,1.31150703887e+110,2.16241179462e+110,3.56538290998e+110,5.87860062609e+110,9.69263226033e+110,1.59812047722e+111,2.63497984613e+111,4.34455280796e+111,7.16329545154e+111,1.18108362621e+112,1.94736981706e+112,3.21082193395e+112,5.29400087425e+112,8.72874481753e+112,1.439194818e+113,2.37294338605e+113,3.91250736455e+113,6.45093936794e+113,1.06363042747e+114,1.75371310094e+114,2.89152093285e+114,4.76753769762e+114,7.86071284429e+114,1.29607378988e+115,2.1369655714e+115,3.52342736664e+115,5.80942463133e+115,9.57857537135e+115,1.57931485644e+116,2.60397326594e+116,4.29342936357e+116,7.07900344661e+116,1.16718561361e+117,1.92445485952e+117,3.17303988988e+117,5.23170606213e+117,8.62603348913e+117,1.42225983182e+118,2.34502107369e+118,3.86646920555e+118,6.37503189243e+118,1.05111484175e+119,1.73307746579e+119,2.85749699848e+119,4.71143919719e+119,7.76821789879e+119,1.2808232655e+120,2.11182057488e+120,3.48196840612e+120,5.74106727417e+120,9.46586804617e+120,1.56073171868e+121,2.57333346258e+121,4.24291057545e+121,6.99570826175e+121,1.15345193466e+122,1.90181081989e+122,3.13570447837e+122,5.17014756636e+122,8.52453605229e+122,1.40552496848e+123,2.31742868597e+123,3.82097496536e+123,6.30002113239e+123,1.03874709075e+124,1.71268555527e+124,2.82387487669e+124,4.65600314011e+124,7.67681508508e+124,1.26575279497e+125,2.0869724241e+125,3.4409988414e+125,5.67351676297e+125,9.3544909364e+125,1.54236788879e+126,2.54305522509e+126,4.19298789059e+126,6.91339585718e+126,1.13988028451e+127,1.87943391404e+127,3.09880948601e+127,5.10931518385e+127,8.42423575088e+127,1.38898747596e+128,2.29016170258e+128,3.77601721862e+128,6.22589488936e+128,1.02652517034e+129,1.69253407643e+129,2.79064915651e+129,4.60122063443e+129,7.58648978976e+129,1.25085997648e+130,2.06241717124e+130,3.40051218306e+130,5.60676242968e+130,9.24442650353e+130,1.52422048324e+131,2.51313381222e+131,4.14365351275e+131,6.83205341237e+131,1.12646855477e+132,1.8573206744e+132,3.06234920956e+132,5.04919953371e+132,8.32511715404e+132,1.37264481586e+133,2.26321594758e+133,3.73158909509e+133,6.15264185991e+133,1.01444722069e+134,1.67261996906e+134,2.75781480229e+134,4.54708339349e+134,7.49722837565e+134,1.23614256571e+135,2.03815112254e+135,3.36050235154e+135,5.5407942676e+135,9.13565827621e+135,1.50628679066e+136,2.48356476066e+136,4.09490009431e+136,6.75166883105e+136,1.11321475396e+137,1.83546782222e+137,3.02631825065e+137,4.9897917274e+137,8.22716562614e+137,1.35649457823e+138,2.23658745255e+138,3.68768405984e+138,6.08025128239e+138,1.00251146954e+139,1.65294031444e+139,2.72536700712e+139,4.49358350041e+139,7.40901780352e+139,1.22159841499e+140,2.01417074059e+140,3.32096352022e+140,5.47560267919e+140,9.02817044511e+140,1.48856420685e+141,2.45434378045e+141,4.04672056827e+141,6.6722304712e+141,1.10011696416e+142,1.81387219782e+142,2.99071140378e+142,4.93108318879e+142,8.13036703758e+142,1.34053443511e+143,2.21027238192e+143,3.64429579325e+143,6.00871274419e+143,9.9071620122e+143,1.63349228561e+144,2.69330111287e+144,4.44071327965e+144,7.3218454256e+144,1.20722544021e+145,1.99047259105e+145,3.28189002976e+145,5.4111783384e+145,8.92194764165e+145,1.47105019915e+146,2.42546669789e+146,3.9991080564e+146,6.59372699746e+146,1.08717331729e+147,1.79253072248e+147,2.95552359506e+147,4.87306555568e+147,8.03470760662e+147,1.3247621151e+148,2.18426699215e+148,3.60141812536e+148,5.93801607619e+148,9.79059739656e+148,1.61427312008e+149,2.66161256637e+149,4.38846522656e+149,7.23569887238e+149,1.19302160255e+150,1.96705331341e+150,3.24327634104e+150,5.34751211516e+150,8.81697481664e+150,1.45374228697e+151,2.39692942412e+151,3.95205581886e+151,6.51614730017e+151,1.07438198205e+152,1.77144037757e+152,2.92074984855e+152,4.81573062575e+152,7.94017381246e+152,1.30917538942e+153,2.15856760919e+153,3.55904499977e+153,5.8681512947e+153,9.67540439086e+153,inf,inf,inf,inf,inf,inf,inf,inf,inf,inf,inf,inf,inf,inf,inf,inf,inf,inf,inf,inf,inf,inf,inf,inf,inf,inf,inf,inf,inf,inf,inf,inf,inf,inf,inf,inf,inf,inf,inf,inf,inf,inf,inf,inf,inf,inf,inf,inf,inf,inf,inf,inf,inf,inf,inf,inf,inf,inf,inf,inf,inf,inf,inf,inf,inf,inf,inf,inf,inf,inf,inf,inf,inf,inf,inf,inf,inf,inf,inf,inf,inf,inf,inf,inf,inf,inf,inf,inf,inf,inf,inf,inf,inf,inf,inf,inf,inf,inf,inf,inf,inf,inf,inf,inf,inf,inf,inf,inf,inf,inf,inf,inf,inf,inf,inf,inf,inf,inf,inf,inf,inf,inf,inf,inf,inf,inf,inf,inf,inf,inf,inf,inf,inf,inf,inf,inf,inf,inf,inf,inf,inf,inf,inf,inf,inf,inf,inf,inf,inf,inf,inf,inf,inf,inf,inf,inf,inf,inf,inf,inf,inf,inf,inf,inf,inf,inf,inf,inf,inf,inf,inf,inf,inf,inf,inf,inf,inf,inf,inf,inf,inf,inf,inf,inf,inf,inf,inf,inf,inf,inf,inf,inf,inf,inf,inf,inf,inf,inf,
76.0,inf,inf,inf,inf,inf,inf,inf,inf,inf,inf,inf,inf,inf,inf,inf,inf,inf,inf,inf,inf,inf,inf,inf,inf,inf,inf,inf,inf,inf,inf,inf,inf,inf,inf,inf,inf,inf,inf,inf,inf,inf,inf,inf,inf,inf,inf,inf,inf,inf,inf,inf,inf,inf,inf,inf,inf,inf,inf,inf,inf,inf,inf,inf,inf,inf,inf,inf,inf,inf,inf,inf,inf,inf,inf,inf,inf,inf,inf,inf,inf,inf,inf,inf,inf,inf,inf,inf,inf,inf,inf,inf,inf,inf,inf,inf,inf,inf,inf,inf,inf,inf,inf,inf,inf,inf,inf,inf,inf,inf,inf,inf,inf,inf,inf,inf,inf,inf,inf,inf,inf,inf,inf,inf,inf,inf,inf,inf,inf,inf,inf,inf,inf,inf,inf,inf,inf,inf,inf,inf,inf,inf,inf,inf,inf,inf,inf,inf,inf,inf,inf,inf,inf,inf,inf,inf,inf,inf,inf,inf,inf,inf,inf,inf,inf,inf,inf,inf,inf,inf,inf,inf,inf,inf,inf,inf,inf,inf,inf,inf,inf,inf,inf,inf,inf,inf,inf,inf,inf,inf,inf,inf,inf,inf,inf,inf,inf,inf,inf,inf,inf,inf,inf,inf,inf,inf,inf,inf,inf,inf,inf,inf,inf,inf,inf,inf,inf,inf,inf,inf,inf,inf,inf,inf,inf,inf,inf,inf,inf,inf,inf,inf,inf,inf,inf,inf,inf,inf,inf,inf,inf,inf,inf,inf,inf,inf,inf,inf,inf,inf,inf,inf,inf,inf,inf,inf,inf,inf,inf,inf,inf,inf,inf,inf,inf,inf,inf,inf,inf,inf,inf,inf,inf,inf,inf,inf,inf,inf,inf,inf,inf,inf,inf,inf,inf,inf,inf,inf,inf,inf,inf,inf,inf,inf,inf,inf,inf,inf,inf,inf,inf,inf,inf,inf,inf,inf,inf,inf,inf,inf,inf,inf,inf,inf,inf,inf,inf,inf,inf,inf,inf,inf,inf,inf,inf,inf,inf,inf,inf,inf,inf,inf,inf,inf,inf,inf,inf,inf,inf,inf,inf,inf,inf,inf,inf,inf,nan,nan,nan,nan,nan,nan,nan,nan,nan,nan,nan,nan,nan,nan,nan,nan,nan,nan,nan,nan,nan,nan,nan,nan,nan,nan,nan,nan,nan,nan,nan,nan,nan,nan,nan,nan,nan,nan,nan,nan,nan,nan,nan,nan,nan,nan,nan,nan,nan,nan,nan,nan,nan,nan,nan,nan,nan,nan,nan,nan,nan,nan,nan,nan,nan,nan,nan,nan,nan,nan,nan,nan,nan,nan,nan,nan,nan,nan,nan,nan,nan,nan,nan,nan,nan,nan,nan,nan,nan,nan,nan,nan,nan,nan,nan,nan,nan,nan,nan,nan,nan,nan,nan,nan,nan,nan,nan,nan,nan,nan,nan,nan,nan,nan,nan,nan,nan,nan,nan,nan,nan,nan,nan,nan,nan,nan,nan,nan,nan,nan,nan,nan,nan,nan,nan,nan,nan,nan,nan,nan,nan,nan,nan,nan,nan,nan,nan,nan,nan,nan,nan,nan,nan,nan,nan,nan,
77.0,nan,nan,nan,nan,nan,nan,nan,nan,nan,nan,nan,nan,nan,nan,nan,nan,nan,nan,nan,nan,nan,nan,nan,nan,nan,nan,nan,nan,nan,nan,nan,nan,nan,nan,nan,nan,nan,nan,nan,nan,nan,nan,nan,nan,nan,nan,nan,nan,nan,nan,nan,nan,nan,nan,nan,nan,nan,nan,nan,nan,nan,nan,nan,nan,nan,nan,nan,nan,nan,nan,nan,nan,nan,nan,nan,nan,nan,nan,nan,nan,nan,nan,nan,nan,nan,nan,nan,nan,nan,nan,nan,nan,nan,nan,nan,nan,nan,nan,nan,nan,nan,nan,nan,nan,nan,nan,nan,nan,nan,nan,nan,nan,nan,nan,nan,nan,nan,nan,nan,nan,nan,nan,nan,nan,nan,nan,nan,nan,nan,nan,nan,nan,nan,nan,nan,nan,nan,nan,nan,nan,nan,nan,nan,nan,nan,nan,nan,nan,nan,nan,nan,nan,nan,nan,nan,nan,nan,nan,nan,nan,nan,nan,nan,nan,nan,nan,nan,nan,nan,nan,nan,nan,nan,nan,nan,nan,nan,nan,nan,nan,nan,nan,nan,nan,nan,nan,nan,nan,nan,nan,nan,nan,nan,nan,nan,nan,nan,nan,nan,nan,nan,nan,nan,nan,nan,nan,nan,nan,nan,nan,nan,nan,nan,nan,nan,nan,nan,nan,nan,nan,nan,nan,nan,nan,nan,nan,nan,nan,nan,nan,nan,nan,nan,nan,nan,nan,nan,nan,nan,nan,nan,nan,nan,nan,nan,nan,nan,nan,nan,nan,nan,nan,nan,nan,nan,nan,nan,nan,nan,nan,nan,nan,nan,nan,nan,nan,nan,nan,nan,nan,nan,nan,nan,nan,nan,nan,nan,nan,nan,nan,nan,nan,nan,nan,nan,nan,nan,nan,nan,nan,nan,nan,nan,nan,nan,nan,nan,nan,nan,nan,nan,nan,nan,nan,nan,nan,nan,nan,nan,nan,nan,nan,nan,nan,nan,nan,nan,nan,nan,nan,nan,nan,nan,nan,nan,nan,nan,nan,nan,nan,nan,nan,nan,nan,nan,nan,nan,nan,nan,nan,nan,nan,nan,nan,nan,nan,nan,nan,nan,nan,nan,nan,nan,nan,nan,nan,nan,nan,nan,nan,nan,nan,nan,nan,nan,nan,nan,nan,nan,nan,nan,nan,nan,nan,nan,nan,nan,nan,nan,nan,nan,nan,nan,nan,nan,nan,nan,nan,nan,nan,nan,nan,nan,nan,nan,nan,nan,nan,nan,nan,nan,nan,nan,nan,nan,nan,nan,nan,nan,nan,nan,nan,nan,nan,nan,nan,nan,nan,nan,nan,nan,nan,nan,nan,nan,nan,nan,nan,nan,nan,nan,nan,nan,nan,nan,nan,nan,nan,nan,nan,nan,nan,nan,nan,nan,nan,nan,nan,nan,nan,nan,nan,nan,nan,nan,nan,nan,nan,nan,nan,nan,nan,nan,nan,nan,nan,nan,nan,nan,nan,nan,nan,nan,nan,nan,nan,nan,nan,nan,nan,nan,nan,nan,nan,nan,nan,nan,nan,nan,nan,nan,nan,nan,nan,nan,nan,nan,nan,nan,nan,nan,
78.0,nan,nan,nan,nan,nan,nan,nan,nan,nan,nan,nan,nan,nan,nan,nan,nan,nan,nan,nan,nan,nan,nan,nan,nan,nan,nan,nan,nan,nan,nan,nan,nan,nan,nan,nan,nan,nan,nan,nan,nan,nan,nan,nan,nan,nan,nan,nan,nan,nan,nan,nan,nan,nan,nan,nan,nan,nan,nan,nan,nan,nan,nan,nan,nan,nan,nan,nan,nan,nan,nan,nan,nan,nan,nan,nan,nan,nan,nan,nan,nan,nan,nan,nan,nan,nan,nan,nan,nan,nan,nan,nan,nan,nan,nan,nan,nan,nan,nan,nan,nan,nan,nan,nan,nan,nan,nan,nan,nan,nan,nan,nan,nan,nan,nan,nan,nan,nan,nan,nan,nan,nan,nan,nan,nan,nan,nan,nan,nan,nan,nan,nan,nan,nan,nan,nan,nan,nan,nan,nan,nan,nan,nan,nan,nan,nan,nan,nan,nan,nan,nan,nan,nan,nan,nan,nan,nan,nan,nan,nan,nan,nan,nan,nan,nan,nan,nan,nan,nan,nan,nan,nan,nan,nan,nan,nan,nan,nan,nan,nan,nan,nan,nan,nan,nan,nan,nan,nan,nan,nan,nan,nan,nan,nan,nan,nan,nan,nan,nan,nan,nan,nan,nan,nan,nan,nan,nan,nan,nan,nan,nan,nan,nan,nan,nan,nan,nan,nan,nan,nan,nan,nan,nan,nan,nan,nan,nan,nan,nan,nan,nan,nan,nan,nan,nan,nan,nan,nan,nan,nan,nan,nan,nan,nan,nan,nan,nan,nan,nan,nan,nan,nan,nan,nan,nan,nan,nan,nan,nan,nan,nan,nan,nan,nan,nan,nan,nan,nan,nan,nan,nan,nan,nan,nan,nan,nan,nan,nan,nan,nan,nan,nan,nan,nan,nan,nan,nan,nan,nan,nan,nan,nan,nan,nan,nan,nan,nan,nan,nan,nan,nan,nan,nan,nan,nan,nan,nan,nan,nan,nan,nan,nan,nan,nan,nan,nan,nan,nan,nan,nan,nan,nan,nan,nan,nan,nan,nan,nan,nan,nan,nan,nan,nan,nan,nan,nan,nan,nan,nan,nan,nan,nan,nan,nan,nan,nan,nan,nan,nan,nan,nan,nan,nan,nan,nan,nan,nan,nan,nan,nan,nan,nan,nan,nan,nan,nan,nan,nan,nan,nan,nan,nan,nan,nan,nan,nan,nan,nan,nan,nan,nan,nan,nan,nan,nan,nan,nan,nan,nan,nan,nan,nan,nan,nan,nan,nan,nan,nan,nan,nan,nan,nan,nan,nan,nan,nan,nan,nan,nan,nan,nan,nan,nan,nan,nan,nan,nan,nan,nan,nan,nan,nan,nan,nan,nan,nan,nan,nan,nan,nan,nan,nan,nan,nan,nan,nan,nan,nan,nan,nan,nan,nan,nan,nan,nan,nan,nan,nan,nan,nan,nan,nan,nan,nan,nan,nan,nan,nan,nan,nan,nan,nan,nan,nan,nan,nan,nan,nan,nan,nan,nan,nan,nan,nan,nan,nan,nan,nan,nan,nan,nan,nan,nan,nan,nan,nan,nan,nan,nan,nan,nan,nan,nan,nan,nan,nan,nan,nan,nan,nan,nan,nan,
79.0,nan,nan,nan,nan,nan,nan,nan,nan,nan,nan,nan,nan,nan,nan,nan,nan,nan,nan,nan,nan,nan,nan,nan,nan,nan,nan,nan,nan,nan,nan,nan,nan,nan,nan,nan,nan,nan,nan,nan,nan,nan,nan,nan,nan,nan,nan,nan,nan,nan,nan,nan,nan,nan,nan,nan,nan,nan,nan,nan,nan,nan,nan,nan,nan,nan,nan,nan,nan,nan,nan,nan,nan,nan,nan,nan,nan,nan,nan,nan,nan,nan,nan,nan,nan,nan,nan,nan,nan,nan,nan,nan,nan,nan,nan,nan,nan,nan,nan,nan,nan,nan,nan,nan,nan,nan,nan,nan,nan,nan,nan,nan,nan,nan,nan,nan,nan,nan,nan,nan,nan,nan,nan,nan,nan,nan,nan,nan,nan,nan,nan,nan,nan,nan,nan,nan,nan,nan,nan,nan,nan,nan,nan,nan,nan,nan,nan,nan,nan,nan,nan,nan,nan,nan,nan,nan,nan,nan,nan,nan,nan,nan,nan,nan,nan,nan,nan,nan,nan,nan,nan,nan,nan,nan,nan,nan,nan,nan,nan,nan,nan,nan,nan,nan,nan,nan,nan,nan,nan,nan,nan,nan,nan,nan,nan,nan,nan,nan,nan,nan,nan,nan,nan,nan,nan,nan,nan,nan,nan,nan,nan,nan,nan,nan,nan,nan,nan,nan,nan,nan,nan,nan,nan,nan,nan,nan,nan,nan,nan,nan,nan,nan,nan,nan,nan,nan,nan,nan,nan,nan,nan,nan,nan,nan,nan,nan,nan,nan,nan,nan,nan,nan,nan,nan,nan,nan,nan,nan,nan,nan,nan,nan,nan,nan,nan,nan,nan,nan,nan,nan,nan,nan,nan,nan,nan,nan,nan,nan,nan,nan,nan,nan,nan,nan,nan,nan,nan,nan,nan,nan,nan,nan,nan,nan,nan,nan,nan,nan,nan,nan,nan,nan,nan,nan,nan,nan,nan,nan,nan,nan,nan,nan,nan,nan,nan,nan,nan,nan,nan,nan,nan,nan,nan,nan,nan,nan,nan,nan,nan,nan,nan,nan,nan,nan,nan,nan,nan,nan,nan,nan,nan,nan,nan,nan,nan,nan,nan,nan,nan,nan,nan,nan,nan,nan,nan,nan,nan,nan,nan,nan,nan,nan,nan,nan,nan,nan,nan,nan,nan,nan,nan,nan,nan,nan,nan,nan,nan,nan,nan,nan,nan,nan,nan,nan,nan,nan,nan,nan,nan,nan,nan,nan,nan,nan,nan,nan,nan,nan,nan,nan,nan,nan,nan,nan,nan,nan,nan,nan,nan,nan,nan,nan,nan,nan,nan,nan,nan,nan,nan,nan,nan,nan,nan,nan,nan,nan,nan,nan,nan,nan,nan,nan,nan,nan,nan,nan,nan,nan,nan,nan,nan,nan,nan,nan,nan,nan,nan,nan,nan,nan,nan,nan,nan,nan,nan,nan,nan,nan,nan,nan,nan,nan,nan,nan,nan,nan,nan,nan,nan,nan,nan,nan,nan,nan,nan,nan,nan,nan,nan,nan,nan,nan,nan,nan,nan,nan,nan,nan,nan,nan,nan,nan,nan,nan,nan,nan,nan,nan,nan,nan,nan,nan,
80.0,nan,nan,nan,nan,nan,nan,nan,nan,nan,nan,nan,nan,nan,nan,nan,nan,nan,nan,nan,nan,nan,nan,nan,nan,nan,nan,nan,nan,nan,nan,nan,nan,nan,nan,nan,nan,nan,nan,nan,nan,nan,nan,nan,nan,nan,nan,nan,nan,nan,nan,nan,nan,nan,nan,nan,nan,nan,nan,nan,nan,nan,nan,nan,nan,nan,nan,nan,nan,nan,nan,nan,nan,nan,nan,nan,nan,nan,nan,nan,nan,nan,nan,nan,nan,nan,nan,nan,nan,nan,nan,nan,nan,nan,nan,nan,nan,nan,nan,nan,nan,nan,nan,nan,nan,nan,nan,nan,nan,nan,nan,nan,nan,nan,nan,nan,nan,nan,nan,nan,nan,nan,nan,nan,nan,nan,nan,nan,nan,nan,nan,nan,nan,nan,nan,nan,nan,nan,nan,nan,nan,nan,nan,nan,nan,nan,nan,nan,nan,nan,nan,nan,nan,nan,nan,nan,nan,nan,nan,nan,nan,nan,nan,nan,nan,nan,nan,nan,nan,nan,nan,nan,nan,nan,nan,nan,nan,nan,nan,nan,nan,nan,nan,nan,nan,nan,nan,nan,nan,nan,nan,nan,nan,nan,nan,nan,nan,nan,nan,nan,nan,nan,nan,nan,nan,nan,nan,nan,nan,nan,nan,nan,nan,nan,nan,nan,nan,nan,nan,nan,nan,nan,nan,nan,nan,nan,nan,nan,nan,nan,nan,nan,nan,nan,nan,nan,nan,nan,nan,nan,nan,nan,nan,nan,nan,nan,nan,nan,nan,nan,nan,nan,nan,nan,nan,nan,nan,nan,nan,nan,nan,nan,nan,nan,nan,nan,nan,nan,nan,nan,nan,nan,nan,nan,nan,nan,nan,nan,nan,nan,nan,nan,nan,nan,nan,nan,nan,nan,nan,nan,nan,nan,nan,nan,nan,nan,nan,nan,nan,nan,nan,nan,nan,nan,nan,nan,nan,nan,nan,nan,nan,nan,nan,nan,nan,nan,nan,nan,nan,nan,nan,nan,nan,nan,nan,nan,nan,nan,nan,nan,nan,nan,nan,nan,nan,nan,nan,nan,nan,nan,nan,nan,nan,nan,nan,nan,nan,nan,nan,nan,nan,nan,nan,nan,nan,nan,nan,nan,nan,nan,nan,nan,nan,nan,nan,nan,nan,nan,nan,nan,nan,nan,nan,nan,nan,nan,nan,nan,nan,nan,nan,nan,nan,nan,nan,nan,nan,nan,nan,nan,nan,nan,nan,nan,nan,nan,nan,nan,nan,nan,nan,nan,nan,nan,nan,nan,nan,nan,nan,nan,nan,nan,nan,nan,nan,nan,nan,nan,nan,nan,nan,nan,nan,nan,nan,nan,nan,nan,nan,nan,nan,nan,nan,nan,nan,nan,nan,nan,nan,nan,nan,nan,nan,nan,nan,nan,nan,nan,nan,nan,nan,nan,nan,nan,nan,nan,nan,nan,nan,nan,nan,nan,nan,nan,nan,nan,nan,nan,nan,nan,nan,nan,nan,nan,nan,nan,nan,nan,nan,nan,nan,nan,nan,nan,nan,nan,nan,nan,nan,nan,nan,nan,nan,nan,nan,nan,nan,nan,nan,nan,nan,nan,
81.0,nan,nan,nan,nan,nan,nan,nan,nan,nan,nan,nan,nan,nan,nan,nan,nan,nan,nan,nan,nan,nan,nan,nan,nan,nan,nan,nan,nan,nan,nan,nan,nan,nan,nan,nan,nan,nan,nan,nan,nan,nan,nan,nan,nan,nan,nan,nan,nan,nan,nan,nan,nan,nan,nan,nan,nan,nan,nan,nan,nan,nan,nan,nan,nan,nan,nan,nan,nan,nan,nan,nan,nan,nan,nan,nan,nan,nan,nan,nan,nan,nan,nan,nan,nan,nan,nan,nan,nan,nan,nan,nan,nan,nan,nan,nan,nan,nan,nan,nan,nan,nan,nan,nan,nan,nan,nan,nan,nan,nan,nan,nan,nan,nan,nan,nan,nan,nan,nan,nan,nan,nan,nan,nan,nan,nan,nan,nan,nan,nan,nan,nan,nan,nan,nan,nan,nan,nan,nan,nan,nan,nan,nan,nan,nan,nan,nan,nan,nan,nan,nan,nan,nan,nan,nan,nan,nan,nan,nan,nan,nan,nan,nan,nan,nan,nan,nan,nan,nan,nan,nan,nan,nan,nan,nan,nan,nan,nan,nan,nan,nan,nan,nan,nan,nan,nan,nan,nan,nan,nan,nan,nan,nan,nan,nan,nan,nan,nan,nan,nan,nan,nan,nan,nan,nan,nan,nan,nan,nan,nan,nan,nan,nan,nan,nan,nan,nan,nan,nan,nan,nan,nan,nan,nan,nan,nan,nan,nan,nan,nan,nan,nan,nan,nan,nan,nan,nan,nan,nan,nan,nan,nan,nan,nan,nan,nan,nan,nan,nan,nan,nan,nan,nan,nan,nan,nan,nan,nan,nan,nan,nan,nan,nan,nan,nan,nan,nan,nan,nan,nan,nan,nan,nan,nan,nan,nan,nan,nan,nan,nan,nan,nan,nan,nan,nan,nan,nan,nan,nan,nan,nan,nan,nan,nan,nan,nan,nan,nan,nan,nan,nan,nan,nan,nan,nan,nan,nan,nan,nan,nan,nan,nan,nan,nan,nan,nan,nan,nan,nan,nan,nan,nan,nan,nan,nan,nan,nan,nan,nan,nan,nan,nan,nan,nan,nan,nan,nan,nan,nan,nan,nan,nan,nan,nan,nan,nan,nan,nan,nan,nan,nan,nan,nan,nan,nan,nan,nan,nan,nan,nan,nan,nan,nan,nan,nan,nan,nan,nan,nan,nan,nan,nan,nan,nan,nan,nan,nan,nan,nan,nan,nan,nan,nan,nan,nan,nan,nan,nan,nan,nan,nan,nan,nan,nan,nan,nan,nan,nan,nan,nan,nan,nan,nan,nan,nan,nan,nan,nan,nan,nan,nan,nan,nan,nan,nan,nan,nan,nan,nan,nan,nan,nan,nan,nan,nan,nan,nan,nan,nan,nan,nan,nan,nan,nan,nan,nan,nan,nan,nan,nan,nan,nan,nan,nan,nan,nan,nan,nan,nan,nan,nan,nan,nan,nan,nan,nan,nan,nan,nan,nan,nan,nan,nan,nan,nan,nan,nan,nan,nan,nan,nan,nan,nan,nan,nan,nan,nan,nan,nan,nan,nan,nan,nan,nan,nan,nan,nan,nan,nan,nan,nan,nan,nan,nan,nan,nan,nan,nan,nan,nan,nan,nan,
82.0,nan,nan,nan,nan,nan,nan,nan,nan,nan,nan,nan,nan,nan,nan,nan,nan,nan,nan,nan,nan,nan,nan,nan,nan,nan,nan,nan,nan,nan,nan,nan,nan,nan,nan,nan,nan,nan,nan,nan,nan,nan,nan,nan,nan,nan,nan,nan,nan,nan,nan,nan,nan,nan,nan,nan,nan,nan,nan,nan,nan,nan,nan,nan,nan,nan,nan,nan,nan,nan,nan,nan,nan,nan,nan,nan,nan,nan,nan,nan,nan,nan,nan,nan,nan,nan,nan,nan,nan,nan,nan,nan,nan,nan,nan,nan,nan,nan,nan,nan,nan,nan,nan,nan,nan,nan,nan,nan,nan,nan,nan,nan,nan,nan,nan,nan,nan,nan,nan,nan,nan,nan,nan,nan,nan,nan,nan,nan,nan,nan,nan,nan,nan,nan,nan,nan,nan,nan,nan,nan,nan,nan,nan,nan,nan,nan,nan,nan,nan,nan,nan,nan,nan,nan,nan,nan,nan,nan,nan,nan,nan,nan,nan,nan,nan,nan,nan,nan,nan,nan,nan,nan,nan,nan,nan,nan,nan,nan,nan,nan,nan,nan,nan,nan,nan,nan,nan,nan,nan,nan,nan,nan,nan,nan,nan,nan,nan,nan,nan,nan,nan,nan,nan,nan,nan,nan,nan,nan,nan,nan,nan,nan,nan,nan,nan,nan,nan,nan,nan,nan,nan,nan,nan,nan,nan,nan,nan,nan,nan,nan,nan,nan,nan,nan,nan,nan,nan,nan,nan,nan,nan,nan,nan,nan,nan,nan,nan,nan,nan,nan,nan,nan,nan,nan,nan,nan,nan,nan,nan,nan,nan,nan,nan,nan,nan,nan,nan,nan,nan,nan,nan,nan,nan,nan,nan,nan,nan,nan,nan,nan,nan,nan,nan,nan,nan,nan,nan,nan,nan,nan,nan,nan,nan,nan,nan,nan,nan,nan,nan,nan,nan,nan,nan,nan,nan,nan,nan,nan,nan,nan,nan,nan,nan,nan,nan,nan,nan,nan,nan,nan,nan,nan,nan,nan,nan,nan,nan,nan,nan,nan,nan,nan,nan,nan,nan,nan,nan,nan,nan,nan,nan,nan,nan,nan,nan,nan,nan,nan,nan,nan,nan,nan,nan,nan,nan,nan,nan,nan,nan,nan,nan,nan,nan,nan,nan,nan,nan,nan,nan,nan,nan,nan,nan,nan,nan,nan,nan,nan,nan,nan,nan,nan,nan,nan,nan,nan,nan,nan,nan,nan,nan,nan,nan,nan,nan,nan,nan,nan,nan,nan,nan,nan,nan,nan,nan,nan,nan,nan,nan,nan,nan,nan,nan,nan,nan,nan,nan,nan,nan,nan,nan,nan,nan,nan,nan,nan,nan,nan,nan,nan,nan,nan,nan,nan,nan,nan,nan,nan,nan,nan,nan,nan,nan,nan,nan,nan,nan,nan,nan,nan,nan,nan,nan,nan,nan,nan,nan,nan,nan,nan,nan,nan,nan,nan,nan,nan,nan,nan,nan,nan,nan,nan,nan,nan,nan,nan,nan,nan,nan,nan,nan,nan,nan,nan,nan,nan,nan,nan,nan,nan,nan,nan,nan,nan,nan,nan,nan,nan,nan,nan,nan,nan,
83.0,nan,nan,nan,nan,nan,nan,nan,nan,nan,nan,nan,nan,nan,nan,nan,nan,nan,nan,nan,nan,nan,nan,nan,nan,nan,nan,nan,nan,nan,nan,nan,nan,nan,nan,nan,nan,nan,nan,nan,nan,nan,nan,nan,nan,nan,nan,nan,nan,nan,nan,nan,nan,nan,nan,nan,nan,nan,nan,nan,nan,nan,nan,nan,nan,nan,nan,nan,nan,nan,nan,nan,nan,nan,nan,nan,nan,nan,nan,nan,nan,nan,nan,nan,nan,nan,nan,nan,nan,nan,nan,nan,nan,nan,nan,nan,nan,nan,nan,nan,nan,nan,nan,nan,nan,nan,nan,nan,nan,nan,nan,nan,nan,nan,nan,nan,nan,nan,nan,nan,nan,nan,nan,nan,nan,nan,nan,nan,nan,nan,nan,nan,nan,nan,nan,nan,nan,nan,nan,nan,nan,nan,nan,nan,nan,nan,nan,nan,nan,nan,nan,nan,nan,nan,nan,nan,nan,nan,nan,nan,nan,nan,nan,nan,nan,nan,nan,nan,nan,nan,nan,nan,nan,nan,nan,nan,nan,nan,nan,nan,nan,nan,nan,nan,nan,nan,nan,nan,nan,nan,nan,nan,nan,nan,nan,nan,nan,nan,nan,nan,nan,nan,nan,nan,nan,nan,nan,nan,nan,nan,nan,nan,nan,nan,nan,nan,nan,nan,nan,nan,nan,nan,nan,nan,nan,nan,nan,nan,nan,nan,nan,nan,nan,nan,nan,nan,nan,nan,nan,nan,nan,nan,nan,nan,nan,nan,nan,nan,nan,nan,nan,nan,nan,nan,nan,nan,nan,nan,nan,nan,nan,nan,nan,nan,nan,nan,nan,nan,nan,nan,nan,nan,nan,nan,nan,nan,nan,nan,nan,nan,nan,nan,nan,nan,nan,nan,nan,nan,nan,nan,nan,nan,nan,nan,nan,nan,nan,nan,nan,nan,nan,nan,nan,nan,nan,nan,nan,nan,nan,nan,nan,nan,nan,nan,nan,nan,nan,nan,nan,nan,nan,nan,nan,nan,nan,nan,nan,nan,nan,nan,nan,nan,nan,nan,nan,nan,nan,nan,nan,nan,nan,nan,nan,nan,nan,nan,nan,nan,nan,nan,nan,nan,nan,nan,nan,nan,nan,nan,nan,nan,nan,nan,nan,nan,nan,nan,nan,nan,nan,nan,nan,nan,nan,nan,nan,nan,nan,nan,nan,nan,nan,nan,nan,nan,nan,nan,nan,nan,nan,nan,nan,nan,nan,nan,nan,nan,nan,nan,nan,nan,nan,nan,nan,nan,nan,nan,nan,nan,nan,nan,nan,nan,nan,nan,nan,nan,nan,nan,nan,nan,nan,nan,nan,nan,nan,nan,nan,nan,nan,nan,nan,nan,nan,nan,nan,nan,nan,nan,nan,nan,nan,nan,nan,nan,nan,nan,nan,nan,nan,nan,nan,nan,nan,nan,nan,nan,nan,nan,nan,nan,nan,nan,nan,nan,nan,nan,nan,nan,nan,nan,nan,nan,nan,nan,nan,nan,nan,nan,nan,nan,nan,nan,nan,nan,nan,nan,nan,nan,nan,nan,nan,nan,nan,nan,nan,nan,nan,nan,nan,nan,nan,nan,
84.0,nan,nan,nan,nan,nan,nan,nan,nan,nan,nan,nan,nan,nan,nan,nan,nan,nan,nan,nan,nan,nan,nan,nan,nan,nan,nan,nan,nan,nan,nan,nan,nan,nan,nan,nan,nan,nan,nan,nan,nan,nan,nan,nan,na