Coordinates:
0.0,0.714285714286,1.42857142857,2.14285714286,2.85714285714,3.57142857143,4.28571428571,5.0,5.71428571429,6.42857142857,7.14285714286,7.85714285714,8.57142857143,9.28571428571,10.0,
Volumes:
0.357142857143,0.714285714286,0.714285714286,0.714285714286,0.714285714286,0.714285714286,0.714285714286,0.714285714286,0.714285714286,0.714285714286,0.714285714286,0.714285714286,0.714285714286,0.714285714286,0.357142857143,

 Time(s), Error (-) on vertices
1.0,0.0,76985.770494,19412.8327488,4904.758522,1240.83850337,314.208524897,79.6202822771,20.1866893521,5.12029865498,1.29921304088,0.32975766771,0.0837180817259,0.0212587624371,0.00539931340892,0.00137154691348,0.00034845433752,8.85393870755e-05,2.24999533155e-05,5.71843903842e-06,1.45335113999e-06,3.69392432371e-07,9.3821603292e-08,2.40013572648e-08,5.91745518488e-09,1.60537537384e-09,3.81108202577e-10,
2.0,5594.41755696,1162.13873298,250.080765964,55.3245502728,12.5035839584,2.87297513268,0.668735419295,0.157274146756,0.037298632002,0.00890684486799,0.00213926011833,0.000516338213116,0.000125151875987,3.04464487922e-05,7.43084530472e-06,1.81879036433e-06,4.46398613408e-07,1.09884429058e-07,2.70705452623e-08,6.59415002006e-09,1.71862941841e-09,4.26557586128e-10,
3.0,3685.77448164,822.649316614,187.048575421,43.1588670137,10.0759243588,2.37483082425,0.564128883525,0.134882922914,0.0324286570444,0.00783335495828,0.0018999274819,0.000462459171183,0.000112921308294,2.76499252042e-05,6.78742610994e-06,1.66983327544e-06,4.11851252336e-07,1.01600431536e-07,2.51382098019e-08,6.36368333529e-09,1.46164194727e-09,5.38020396388e-10,
4.0,1515.79960089,350.993279898,82.1564778049,19.4014743271,4.61560129328,1.10487838715,0.265883906087,0.0642748127653,0.0155992154158,0.00379898848121,0.000928034881718,0.000227326194307,5.58219378113e-05,1.3738273384e-05,3.38798596451e-06,8.37034221275e-07,2.07187243056e-07,5.14077572746e-08,1.28052617701e-08,3.08460273228e-09,8.26142560329e-10,
5.0,533.863578351,126.296096341,30.0871197008,7.21008875747,1.73660359077,0.420110189088,0.102020220229,0.0248583139034,0.00607513542185,0.00148868684783,0.000365679195201,9.00225935366e-05,2.22062638454e-05,5.48786665475e-06,1.35853165933e-06,3.36919518316e-07,8.36332102044e-08,2.08005507779e-08,5.17672155751e-09,1.27061536666e-09,3.13400625766e-10,
6.0,234.217093482,56.1853891719,13.543962628,3.27874442141,0.796674971181,0.194213287283,0.0474837773369,0.0116399289924,0.0028601266307,0.000704300794543,0.000173776550417,4.29553921892e-05,1.06360462953e-05,2.63773416966e-06,6.55128043143e-07,1.62913653761e-07,4.05898708079e-08,1.01404256412e-08,2.53340934182e-09,6.23746181028e-10,
7.0,123.329928968,34.4971725454,9.68664772599,2.72921674861,0.771279678849,0.218553664507,0.0620815151397,0.0176737431288,0.00504168476597,0.00144090315501,0.000412521678951,0.000118293439544,3.39728333408e-05,9.77060197132e-06,2.81380910438e-06,8.11362773929e-07,2.34244170121e-07,6.76995338381e-08,1.96040834952e-08,5.66695158314e-09,1.64039923045e-09,4.79172695393e-10,
8.0,70.0836289979,18.3909023125,4.84003977385,1.27710624583,0.337777305462,0.0895300881793,0.0237774924436,0.00632639259107,0.00168609863118,0.00045008833565,0.000120325526981,3.22125576752e-05,8.63509088165e-06,2.31767027392e-06,6.22805128576e-07,1.67545111031e-07,4.51267963119e-08,1.21604976485e-08,3.28269971298e-09,8.86864569657e-10,
9.0,43.8429554455,10.7585376852,2.64595584617,0.652086929832,0.161009523063,0.0398254147147,0.00986687000943,0.00244829232801,0.000608375669243,0.000151380352559,3.7715904661e-05,9.40822206105e-06,2.349593793e-06,5.87420397952e-07,1.47016985169e-07,3.68397989525e-08,9.23400358125e-09,2.32321615124e-09,5.82653086278e-10,
10.0,29.5742002705,6.76639157764,1.55086553835,0.356049245853,0.0818686955978,0.0188519506877,0.00434699221659,0.00100365169481,0.000232011451178,5.36959272458e-05,1.24409696498e-05,2.88552632255e-06,6.69936148812e-07,1.55687760283e-07,3.62153776671e-08,8.42814786285e-09,1.97173998217e-09,4.52400754935e-10,
11.0,21.1890729343,4.50701444904,0.960032865609,0.204770587418,0.0437322115778,0.00935101999558,0.00200176994156,0.000428985987988,9.20287912857e-05,1.97622058606e-05,4.24774857652e-06,9.13852517254e-07,1.96769001849e-07,4.24061776832e-08,9.14483696147e-09,1.97096262834e-09,4.29220949021e-10,
12.0,15.9442148802,3.14339526225,0.620431448182,0.122592364462,0.0242485487963,0.00480109601906,0.000951498979718,0.000188743363962,3.7472574337e-05,7.44591109273e-06,1.48070642036e-06,2.94681110391e-07,5.86897144496e-08,1.1697166519e-08,2.33126346988e-09,4.64342164954e-10,
13.0,12.4923176073,2.27524885691,0.41477481859,0.0756792705443,0.0138199683833,0.00252573637041,0.000461961542941,8.45565036782e-05,1.54881172161e-05,2.83888717898e-06,5.20693529239e-07,9.55625686268e-08,1.75502391047e-08,3.22390410564e-09,5.94870608011e-10,
14.0,10.1230542181,1.69703792128,0.284695549246,0.0477933670371,0.00802863112939,0.00134955871997,0.000226990805272,3.82015462195e-05,6.43280597385e-06,1.08381665057e-06,1.8269931024e-07,3.08137950719e-08,5.19958947288e-09,8.7747321573e-10,
15.0,8.43900139526,1.29673075251,0.199360312809,0.0306655084858,0.00471929148104,0.000726626704162,0.000111930057056,1.72494772356e-05,2.65945194323e-06,4.10191590854e-07,6.32942924845e-08,9.76983288084e-09,1.50846077557e-09,2.34274279862e-10,
16.0,7.20629879618,1.0100833806,0.141632130859,0.0198664950286,0.00278760336985,0.000391278873415,5.49392844161e-05,7.71642785288e-06,1.08413116803e-06,1.52362316161e-07,2.14188433097e-08,3.01120451378e-09,4.24787886129e-10,
17.0,6.28124275933,0.798614729156,0.101561105826,0.0129185388362,0.00164358725209,0.000209152509356,2.66208496498e-05,3.3889642869e-06,4.31513348669e-07,5.49563372345e-08,7.00078320443e-09,8.91626546346e-10,
18.0,5.57215376677,0.638389422014,0.0731470735053,0.00838215997722,0.000960642272767,0.000110106571938,1.2621462679e-05,1.44693800556e-06,1.65896002997e-07,1.90214611342e-08,2.18125581404e-09,2.501551305e-10,
19.0,5.01859591832,0.514022242331,0.0526496779385,0.00539291383881,0.000552414451195,5.6587461348e-05,5.79680681505e-06,5.93841760127e-07,6.0835746691e-08,6.23412322495e-09,6.36782486596e-10,
20.0,4.57956785835,0.415334961749,0.0376679960977,0.00341622587441,0.000309828006603,2.80992553401e-05,2.54840908264e-06,2.31122118757e-07,2.09616109332e-08,1.90078235151e-09,1.71407566806e-10,
21.0,4.22653908871,0.335421119456,0.0266201680057,0.00211274110141,0.000167686112928,1.33095545267e-05,1.05644092984e-06,8.38584274764e-08,6.65636461853e-09,5.28190193975e-10,
22.0,3.93920618796,0.269487950233,0.0184392561395,0.00126189617442,8.63739659975e-05,5.91321981412e-06,4.04900997932e-07,2.77312215084e-08,1.89983212075e-09,1.30558686104e-10,
23.0,3.70282924572,0.214142528758,0.0123901482198,0.000717246872245,4.15426546476e-05,2.40751303341e-06,1.39607514231e-07,8.10129376118e-09,4.70866552656e-10,
24.0,3.50651515795,0.166939990741,0.00795637642588,0.000379660377503,1.81409023123e-05,8.68096401865e-07,4.16084700383e-08,1.99822483279e-09,9.58500379003e-11,
25.0,3.3420843259,0.126091059512,0.00476848230387,0.000180841451391,6.88100475983e-06,2.62829452994e-07,1.00834149492e-08,3.8836007899e-10,
26.0,3.2033060394,0.0902698110431,0.00255773104425,7.29883542113e-05,2.10168470261e-06,6.11906459242e-08,1.80628132018e-09,5.37134140444e-11,
27.0,3.08537230037,0.0584901802986,0.00112577511789,2.21689847802e-05,4.50528206222e-07,9.51706026045e-09,2.10418797103e-10,
28.0,2.98452915064,0.030063545161,0.000325395862202,3.98995435149e-06,5.62341860577e-08,8.7717457775e-10,
29.0,2.89781407995,0.00591068217479,4.54200958768e-05,3.97942726622e-07,3.74188575271e-09,4.42184472564e-11,
30.0,2.82286616495,0.0204730549073,0.000151180204048,1.11687540204e-06,8.25349965884e-09,6.06876933198e-11,
31.0,2.7584863937,0.00911587913548,3.07590582708e-05,1.1089428885e-07,6.20728093828e-10,
32.0,2.70225059172,0.00455240727804,3.25234665471e-05,2.81618186371e-07,2.51711007649e-09,2.56292913908e-11,
33.0,2.65266261051,0.00399539649436,1.79683515982e-05,1.2003175792e-07,8.87166060698e-10,
34.0,2.60906645019,0.00855816158848,2.84217114342e-05,9.74171769253e-08,4.04770845994e-10,
35.0,2.57061620728,0.0136143040847,7.23725228128e-05,3.85212821727e-07,2.05379693632e-09,1.29827132972e-11,
36.0,2.53669958573,0.0108615786675,4.65185845746e-05,1.99358378419e-07,8.58943154353e-10,
37.0,2.5066084197,0.00818561294559,2.69280085494e-05,9.00904515725e-08,3.24632533094e-10,
38.0,2.47984634983,0.00559301481222,1.4231547081e-05,5.19706391145e-08,2.7782166253e-10,
39.0,2.45599202298,0.00314833256918,1.00540994188e-05,6.4122623822e-08,4.35999831368e-10,
40.0,2.43465585235,0.00423553667546,1.00841374846e-05,4.78585918955e-08,2.96149827287e-10,
41.0,2.41556638446,0.00539153439985,1.29947224109e-05,4.19412754802e-08,2.0255480417e-10,
42.0,2.39845760351,0.00656875524926,1.82763048533e-05,5.36119587708e-08,1.82433021774e-10,
43.0,2.38309976343,0.00774993719339,2.52671790107e-05,8.28383411343e-08,2.75711682382e-10,
44.0,2.36930339498,0.00708958264743,2.13222268531e-05,6.50365491647e-08,2.0708605005e-10,
45.0,2.35688358016,0.00643894685401,1.77560345352e-05,5.0592098922e-08,1.59427523092e-10,
46.0,2.34568937521,0.00579679674889,1.45622092519e-05,3.93093194488e-08,1.32020976821e-10,
47.0,2.33558858834,0.00516208288003,1.17380774327e-05,3.10224493635e-08,1.20289233543e-10,
48.0,2.3264651067,0.00453393074121,9.28566319689e-06,2.55151519251e-08,1.19749424561e-10,
49.0,2.31821665625,0.00391164840856,7.21332031875e-06,2.23807913545e-08,1.23138139019e-10,
50.0,2.31075026589,0.00419433644739,8.01570394812e-06,2.16160788938e-08,1.05194999873e-10,
51.0,2.3039891244,0.00447849365514,8.96796232853e-06,2.20933693648e-08,9.24261426373e-11,
52.0,2.29786220708,0.00476362707459,1.00461195085e-05,2.37852824978e-08,8.39662054e-11,
53.0,2.29230635911,0.00504940777382,1.12332923879e-05,2.65738722677e-08,8.09005921844e-11,
54.0,2.28726531059,0.00533561653914,1.25180157001e-05,3.03170001737e-08,8.47412377583e-11,
55.0,2.28268964303,0.00517475528856,1.1798575044e-05,2.78422150566e-08,7.6895681519e-11,
56.0,2.27853348049,0.00501545534095,1.11039589978e-05,2.55200698924e-08,7.03328147763e-11,
57.0,2.27475661399,0.00485754088765,1.04334810926e-05,2.33419879642e-08,6.48291381859e-11,
58.0,2.27132297417,0.00470085578501,9.78652579828e-06,2.12999586018e-08,5.87710808861e-11,
59.0,2.26820015954,0.00454526126712,9.16257353532e-06,1.93917750446e-08,5.41422445479e-11,
60.0,2.26535902551,0.00439063391032,8.56115239962e-06,1.76123462641e-08,4.95184884995e-11,
61.0,2.26277332534,0.0042368638968,7.98185801106e-06,1.59522118357e-08,4.52631287672e-11,
62.0,2.26041939546,0.00408385345377,7.42433742693e-06,1.44094623404e-08,4.0215932129e-11,
63.0,2.25827587916,0.00393151549501,6.88827791638e-06,1.29816336546e-08,3.76779147325e-11,
64.0,2.25632348321,0.00377977242596,6.37341015086e-06,1.16606152811e-08,3.58333250829e-11,
65.0,2.25454476308,0.00362855508893,5.87949907776e-06,1.04442767641e-08,3.23778035257e-11,
66.0,2.25292393289,0.00347780182912,5.40634061634e-06,9.32686747142e-09,2.87921292592e-11,
67.0,2.25144669696,0.00332745766269,4.95375683222e-06,8.3061063915e-09,2.84325379197e-11,
68.0,2.25010010012,0.00317747356734,4.52160046259e-06,7.37636306387e-09,2.47920481859e-11,
69.0,2.24887239455,0.00302780580206,4.1097384088e-06,6.53343423833e-09,2.43405939549e-11,
70.0,2.24775292093,0.002878415363,3.7180602056e-06,5.77629243203e-09,2.27003336099e-11,
71.0,2.24673200242,0.00272926745734,3.3464709256e-06,5.09658435391e-09,2.1743404897e-11,
72.0,2.24580084969,0.00258033106325,2.99490521983e-06,4.49393750418e-09,2.0218278043e-11,
73.0,2.24495147586,0.00243157851312,2.66329587742e-06,3.95940274847e-09,1.89884178016e-11,
74.0,2.24417662024,0.00228298513696,2.35160013775e-06,3.49478967371e-09,1.80573461359e-11,
75.0,2.24346967972,0.00213452897196,2.05979306973e-06,3.09200474357e-09,1.65029244271e-11,
76.0,2.2428246471,0.00198619044476,1.78786071985e-06,2.74692792652e-09,1.51724764871e-11,
77.0,2.24223605554,0.00183795216114,1.53581698596e-06,2.4524897797e-09,1.52611388947e-11,
78.0,2.24169888044,0.00191123239804,1.65165551008e-06,2.36200212198e-09,1.32444263377e-11,
79.0,2.24120864672,0.00198453103573,1.77408580512e-06,2.31997021973e-09,1.25991881139e-11,
80.0,2.240761226,0.00205784424864,1.90267015322e-06,2.32833208219e-09,1.13196845277e-11,
81.0,2.24035285736,0.00213116904638,2.03707145561e-06,2.38128427505e-09,9.43805099102e-12,
82.0,2.23998011388,0.00220450307563,2.17704528832e-06,2.47794190538e-09,8.98378097153e-12,
83.0,2.23963987241,0.0022778444707,2.32240510457e-06,2.61401732172e-09,8.04033205643e-12,
84.0,2.23932928613,0.00235119171815,2.47301776451e-06,2.78548750246e-09,6.8374516194e-12,
85.0,2.23904575968,0.00242454356738,2.62877032872e-06,2.98938217843e-09,7.56199912341e-12,
86.0,2.23878693815,0.00238742167628,2.54884316395e-06,2.84455806801e-09,7.70057165501e-12,
87.0,2.23855064468,0.00240557068903,2.58743774068e-06,2.88359164509e-09,9.05257274872e-12,
88.0,2.2383349199,0.00239612401451,2.56704535913e-06,2.83261233972e-09,4.02114727405e-12,
89.0,2.23813796582,0.00238670048733,2.54681915527e-06,2.79186838985e-09,7.14846080743e-12,
90.0,2.23795814387,0.00239110407181,2.55613329805e-06,2.79046504828e-09,4.61456481798e-12,
91.0,2.23779396121,0.00239552476752,2.56553950082e-06,2.79605108911e-09,3.56903343763e-12,
92.0,2.23764405472,0.00239996100287,2.57501989658e-06,2.8036880094e-09,4.52842224233e-12,
93.0,2.23750718091,0.00239750983086,2.5697608527e-06,2.78758309735e-09,4.19395116395e-12,
94.0,2.23738220429,0.00239507229748,2.56455352707e-06,2.7755000744e-09,6.01352563211e-12,
95.0,2.23726808885,0.00239609760596,2.56676820858e-06,2.77492422348e-09,3.90473093142e-12,
96.0,2.23716388942,0.00239713387191,2.56901335478e-06,2.77192368831e-09,3.72422057793e-12,
97.0,2.23706874313,0.00239818010273,2.57128282749e-06,2.77012914807e-09,1.34786847613e-12,
98.0,2.23698186243,0.00239923541254,2.57358069062e-06,2.77173061131e-09,1.53380496394e-12,
99.0,2.23690252847,0.00239857405357,2.57220153917e-06,2.77044167644e-09,4.19306756404e-12,
100.0,2.23683008495,0.00239878277636,2.57268797126e-06,2.76811818695e-09,5.34346127137e-12,
101.0,2.23676393285,0.00239856719671,2.57226376395e-06,2.76459684027e-09,1.19175883925e-12,
102.0,2.2367035253,0.00239835793561,2.57185326084e-06,2.76683086767e-09,3.60906258394e-12,
103.0,2.23664836304,0.00239837002839,2.57191794609e-06,2.76496729977e-09,5.57410144786e-12,
104.0,2.23659799028,0.00239827955693,2.57175801219e-06,2.76205885515e-09,3.94299305592e-12,
105.0,2.23655199089,0.00239819386552,2.57160704268e-06,2.76095524926e-09,1.0781794861e-12,
106.0,2.23650998493,0.00239811253372,2.57146796459e-06,2.7580670028e-09,7.59739850596e-13,
107.0,2.23647162551,0.00239803517247,2.57133293227e-06,2.75697970497e-09,2.51906186871e-12,
108.0,2.23643659592,0.00239801531929,2.57132059822e-06,2.75990219252e-09,3.28665241152e-12,
109.0,2.23640511203,0.036556201978,0.000597546441182,9.76747387296e-06,1.59657190558e-07,2.6085809791e-09,4.62333298621e-11,
110.0,2.2363756212,0.0167534045599,0.000125505115969,9.40200669471e-07,7.03986553259e-09,5.60196869684e-11,
111.0,2.23634871776,0.0023979205602,2.57119507837e-06,2.75914193919e-09,4.53334666978e-12,
112.0,2.23632417367,0.0209294368456,0.000195875593766,1.83316748876e-06,1.7152240849e-08,1.61123346528e-10,
113.0,2.23630202498,0.011739076793,6.16222358739e-05,3.23478454165e-07,1.70073230876e-09,5.6509735406e-12,
114.0,2.23628179264,0.00239784848777,2.57110566891e-06,2.76294252878e-09,5.47813777308e-12,
115.0,2.23626331071,0.0070980239887,2.25295300579e-05,7.15088861983e-08,2.2778776303e-10,
116.0,2.23624632866,0.00233049018559,2.42874418329e-06,2.53228336679e-09,2.10711299157e-12,
117.0,2.23623082341,0.00239779366215,2.57104207638e-06,2.75930315304e-09,4.48414443917e-12,
118.0,2.23621670681,3.85441463175e-05,8.92362127475e-09,6.7837996497e-11,
119.0,2.2362038141,0.00233044567242,2.42868097709e-06,2.53158311064e-09,4.26395946437e-12,
120.0,2.23619202213,0.00114473316811,5.86057488082e-07,3.11485066417e-10,
121.0,2.23618125392,3.85363237446e-05,6.81002147906e-09,5.20766437733e-11,
122.0,2.23617142055,0.00121934121447,6.64903629452e-07,3.64384787912e-10,
123.0,2.2361624473,0.000629235185762,1.77138858518e-07,6.20649163125e-11,
124.0,2.23615425248,3.85316699562e-05,5.20401764484e-09,3.90371880492e-11,
125.0,2.23614676857,0.00055278758246,1.36745796266e-07,5.23983819568e-11,
126.0,2.23613993142,0.000257054462282,2.98792415266e-08,3.42713150395e-11,
127.0,2.2361336876,3.85288957471e-05,3.98924684487e-09,2.96615459009e-11,
128.0,2.23612798561,0.000333951570327,4.99962891265e-08,2.73702708676e-11,
129.0,2.23612277843,0.000629223760733,1.77083782244e-07,5.58510421459e-11,
130.0,2.23611802397,0.00048160516169,1.0376313536e-07,3.01916243133e-11,
131.0,2.23611368201,0.000333949299779,4.99386628822e-08,2.12790031056e-11,
132.0,2.23610971676,0.000186256107108,1.57095486258e-08,1.94134831885e-11,
133.0,2.23610609554,3.85261963595e-05,2.37556588387e-09,1.74012145861e-11,
134.0,2.2361027885,0.000109243596343,5.74564019037e-09,1.61111645994e-11,
135.0,2.23609976838,0.000257049342564,2.96140755209e-08,1.88444643128e-11,
136.0,2.23609701003,0.000183141324968,1.51067081925e-08,1.44618197089e-11,
137.0,2.23609449102,0.000109243053917,5.57218648418e-09,1.31019495253e-11,
138.0,2.23609219057,3.53547053597e-05,1.56343199096e-09,1.1804454028e-11,
139.0,2.23609008972,3.85251731046e-05,1.47974019842e-09,1.02745123912e-11,
140.0,2.23608817116,0.000112394256353,5.77482519199e-09,1.02295010263e-11,
141.0,2.23608641906,0.000186253942687,1.55510987112e-08,8.27808482481e-12,
142.0,2.23608481899,0.000260104061556,3.02687208664e-08,9.79129829449e-12,
143.0,2.23608335781,0.000223179968256,2.22937132093e-08,7.4125677225e-12,
144.0,2.2360820234,0.000186253561408,1.554157554e-08,7.62351567694e-12,
145.0,2.23608080475,0.000204716871705,1.8757891723e-08,7.88532024327e-12,
146.0,2.23607969184,0.00019548514094,1.7106171631e-08,7.02527219287e-12,
147.0,2.23607867548,0.000186253261004,1.55256702597e-08,5.27962929269e-12,
148.0,2.23607774731,0.000177021261399,1.40269463797e-08,3.63716940605e-12,
149.0,2.23607689967,0.000167789124254,1.26004816577e-08,7.11596342137e-12,
150.0,2.23607612557,0.000172405119248,1.33029805473e-08,6.59427670571e-12,
151.0,2.23607541863,0.000177021064809,1.40183153863e-08,4.92966598363e-12,
152.0,2.23607477302,0.000181636990017,1.47589966281e-08,4.29897568308e-12,
153.0,2.23607418343,0.00018625287296,1.55147717164e-08,3.4338911763e-12,
154.0,2.236073645,0.000190868724917,1.62945185879e-08,8.48546851323e-12,
155.0,2.23607315328,0.000188560744627,1.59050503003e-08,2.95792633968e-12,
156.0,2.23607270422,0.000186252755517,1.55181948733e-08,2.59165296909e-12,
157.0,2.23607229412,0.000183944754951,1.51347698798e-08,1.75155874193e-12,
158.0,2.23607191961,0.000181636756081,1.47552406522e-08,2.54162133545e-12,
159.0,2.23607157759,0.000182790708803,1.4944522296e-08,1.79658991089e-12,
160.0,2.23607126524,0.000183944669771,1.51311915618e-08,1.89109426162e-12,
161.0,2.23607097999,0.000183367651542,1.50333017947e-08,4.04880786727e-12,
162.0,2.23607071949,0.000183656131794,1.50903344033e-08,3.35727265058e-12,
163.0,2.23607048159,0.000183944616604,1.51428454478e-08,3.83942794317e-12,
164.0,2.23607026433,0.000183800340243,1.51138829698e-08,7.31033437324e-12,
165.0,2.23607006593,0.00018387244148,1.51125288813e-08,7.41777983098e-12,
166.0,2.2360698876,0.0389176760258,0.000677342652516,1.17888082318e-05,2.05183501572e-07,3.57434804196e-09,5.37248985646e-11,
167.0,2.23606972055,0.0190395416708,0.00016211665335,1.38038416941e-06,1.17502468894e-08,1.02858937344e-10,
168.0,2.23606956814,0.000183872402347,1.51182206571e-08,4.64981029213e-12,
169.0,2.2360694291,0.0187843888398,0.000157800689378,1.32563211331e-06,1.11370508054e-08,8.91664094709e-11,
170.0,2.23606930362,0.00956008430279,4.08731522608e-05,1.74740876998e-07,7.49377640792e-10,
171.0,2.236069189,0.000183872376845,1.51233655954e-08,4.53757071064e-12,
172.0,2.2360690843,0.00934803072346,3.90800439418e-05,1.63368796898e-07,6.87741578736e-10,
173.0,2.23606898809,0.00456237610759,9.3088686656e-06,1.89917433765e-08,3.75408721701e-11,
174.0,2.23606890024,0.000183872352166,1.51173261851e-08,2.14891984975e-12,
175.0,2.23606882003,0.00489119940598,1.0699058989e-05,2.34082359374e-08,5.28023110894e-11,
176.0,2.236068747,0.00254237093511,2.89062710499e-06,3.28550246572e-09,3.75323979544e-12,
177.0,2.2360686803,0.000183872326433,1.51160360619e-08,2.23283304834e-12,
178.0,2.23606861938,0.00218435627035,2.13384776032e-06,2.08261072262e-09,2.34965519803e-12,
179.0,2.23606856366,0.000999021929335,4.46335443408e-07,2.00557275034e-10,
180.0,2.23606851278,0.000183872313146,1.51213204751e-08,2.82899345397e-12,
181.0,2.23606846632,0.00136433398305,8.3244977528e-07,5.08502091104e-10,
182.0,2.23606842392,0.000774406729205,2.68195274321e-07,9.5031715888e-11,
183.0,2.2360683852,0.000183872309595,1.51177479559e-08,4.26671117744e-12,
184.0,2.23606834983,0.000407270230964,7.41772002664e-08,1.5340349502e-11,
185.0,2.23606831753,0.000111622885562,5.57660774304e-09,2.27460839057e-12,
186.0,2.23606828802,0.000183872295837,1.51259598993e-08,1.61269649226e-11,
187.0,2.23606826108,3.61437202174e-05,5.82697286424e-10,
188.0,2.23606823648,0.000111622888837,5.56455605652e-09,4.47541650782e-12,
189.0,2.23606821401,3.77348290396e-05,6.41312196061e-10,
190.0,2.23606819349,3.61437154585e-05,5.87755284742e-10,
191.0,2.23606817475,0.00011001275717,5.41637035108e-09,4.84910325564e-12,
192.0,2.23606815763,7.30794201142e-05,2.39274155722e-09,4.33696543551e-12,
193.0,2.23606814201,3.61437091652e-05,5.89377604958e-10,
194.0,2.23606812773,7.94357697816e-07,1.42800188245e-11,
195.0,2.2360681147,3.77348194002e-05,6.44838578835e-10,
196.0,2.2360681028,1.92642974726e-05,1.61529976477e-10,
197.0,2.23606809193,7.94361403021e-07,5.83845903001e-12,
198.0,2.236068082,1.76749640315e-05,1.25623174961e-10,
199.0,2.23606807293,8.44037685967e-06,3.02627317162e-11,
200.0,2.23606806465,7.94370936903e-07,7.00855600071e-12,
201.0,2.23606805709,1.00292569142e-05,3.94118086947e-11,
202.0,2.23606805019,5.4117871047e-06,2.01621632041e-11,
203.0,2.23606804388,7.94363823046e-07,2.06974837025e-12,
204.0,2.23606803812,3.82301543522e-06,4.61016845678e-12,
205.0,2.23606803286,1.51432932017e-06,4.38292486139e-12,
206.0,2.23606802806,7.94363302027e-07,6.37926234918e-12,
207.0,2.23606802367,3.59981174048e-07,3.030114076e-12,
208.0,2.23606801967,1.51433349904e-06,2.71999693889e-12,
209.0,2.23606801601,2.66866790857e-06,1.03474728773e-11,
210.0,2.23606801267,2.09151643383e-06,2.19116787552e-12,
211.0,2.23606800962,1.51433255526e-06,5.87527665204e-12,
212.0,2.23606800683,1.80292532572e-06,6.50038732695e-12,
213.0,2.23606800428,1.65861609355e-06,1.58668401417e-12,
214.0,2.23606800196,1.51433812462e-06,9.22685090344e-12,
215.0,2.23606799984,1.58649351165e-06,1.08727187638e-11,
216.0,2.23606799793,0.0391125581316,0.000684143856778,1.19668167617e-05,2.09326638621e-07,3.65630947376e-09,7.47656432305e-11,
217.0,2.23606799614,0.0192279687797,0.000165341471794,1.42178908481e-06,1.22193419573e-08,9.38432234341e-11,
218.0,2.23606799451,1.58647473636e-06,3.09048678805e-12,
219.0,2.23606799303,0.0186079501904,0.000154850300259,1.28862038278e-06,1.07342924607e-08,8.86507971837e-11,
220.0,2.23606799168,0.00938075839423,3.9354196071e-05,1.65111817652e-07,6.98154891242e-10,
221.0,2.23606799046,1.58648322384e-06,7.68197187121e-12,
222.0,2.23606798934,0.00953335159766,4.06449205847e-05,1.73290621698e-07,7.3350113308e-10,
223.0,2.23606798831,0.00474617025089,1.00740022698e-05,2.13866710003e-08,4.14875235085e-11,
224.0,2.23606798737,1.58647338052e-06,2.84567061707e-12,
225.0,2.23606798651,0.00471040367014,9.92273136559e-06,2.08930923704e-08,3.92704487939e-11,
226.0,2.23606798573,0.00236083252281,2.49256661028e-06,2.62709357988e-09,3.35917787273e-12,
227.0,2.23606798502,1.58648520126e-06,5.65376832423e-12,
228.0,2.23606798437,0.00236739431342,2.5064382874e-06,2.65841804413e-09,3.33824615083e-12,
229.0,2.23606798377,0.00118168329052,6.24497148638e-07,3.34913494508e-10,
230.0,2.23606798322,1.58649057637e-06,1.85251387944e-12,
231.0,2.23606798273,0.0011824225843,6.25255874436e-07,3.21772759375e-10,
232.0,2.23606798227,0.000592308285429,1.56914575475e-07,6.33939443311e-11,
233.0,2.23606798186,1.58649145566e-06,1.04937811389e-11,
234.0,2.23606798148,0.000589743739488,1.55542853247e-07,2.74100533331e-11,
235.0,2.23606798114,0.000294002506869,3.86737524322e-08,1.80590510574e-11,
236.0,2.23606798082,1.58649214455e-06,5.68922853451e-12,
237.0,2.23606798053,0.000297023372954,3.94636391166e-08,9.8305563267e-12,
238.0,2.23606798027,0.000149323947275,9.98623837957e-09,3.00957141835e-12,
239.0,2.23606798003,1.58646566672e-06,1.5335808082e-11,
240.0,2.23606797981,0.000146188984753,9.55646876077e-09,3.6577436976e-12,
241.0,2.23606797961,7.22965077387e-05,2.33939098852e-09,1.00498635235e-11,
242.0,2.23606797943,0.000109241574602,5.34193774401e-09,1.23078044412e-11,
243.0,2.23606797926,9.07687292713e-05,3.69349190837e-09,7.3797124535e-12,
244.0,2.23606797911,7.22965037741e-05,2.33819975852e-09,6.39165333199e-12,
245.0,2.23606797897,5.3824867776e-05,1.28311607237e-09,8.91550694504e-12,
246.0,2.23606797884,6.30606089723e-05,1.79130698637e-09,3.92027976461e-12,
247.0,2.23606797872,7.22965011159e-05,2.3274224212e-09,7.5324013567e-12,
248.0,2.23606797862,6.76785311939e-05,2.04964374555e-09,1.13229940159e-11,
249.0,2.23606797852,6.99875145895e-05,2.18299642396e-09,2.38490395619e-11,
250.0,2.23606797843,6.88330437302e-05,2.10992825915e-09,7.94078939445e-12,
251.0,2.23606797835,6.76785420886e-05,2.03962661095e-09,8.36810774946e-12,
252.0,2.23606797828,6.8255787857e-05,2.06910354188e-09,1.88813384774e-11,
253.0,2.23606797821,6.79671573932e-05,2.06770186812e-09,3.66876448845e-12,
254.0,2.23606797815,6.76785333283e-05,2.05865818451e-09,1.88025939557e-11,
255.0,2.23606797809,6.78228523744e-05,2.05817943576e-09,1.42951506907e-11,
256.0,2.23606797804,6.79671658027e-05,2.07371580339e-09,9.06578637378e-12,
257.0,2.23606797799,6.81114350288e-05,2.09411252299e-09,8.60116154124e-12,
258.0,2.23606797795,6.82557916177e-05,2.0574478939e-09,1.96186509791e-11,
259.0,2.23606797791,0.039187239472,0.000686758952137,1.20354944546e-05,2.10930677108e-07,3.69767494184e-09,7.63628198649e-11,
260.0,2.23606797788,0.0193001698061,0.00016658551607,1.43783813915e-06,1.24261958081e-08,9.19751956769e-11,
261.0,2.23606797784,6.82557791028e-05,2.08512891887e-09,3.47705925108e-12,
262.0,2.23606797781,0.0185403529872,0.000153727317222,1.27465258298e-06,1.05670321851e-08,6.32408202824e-11,
263.0,2.23606797779,0.00931205238272,3.87798260216e-05,1.61489297302e-07,6.79744998699e-10,
264.0,2.23606797776,6.82557831803e-05,2.07646142042e-09,3.34552236908e-12,
265.0,2.23606797774,0.00960435856905,4.12526473522e-05,1.77171575953e-07,7.80239251636e-10,
266.0,2.23606797772,0.00481659128752,1.03751537949e-05,2.23413012276e-08,4.82679405708e-11,
267.0,2.2360679777,6.8255784442e-05,2.09823897722e-09,8.05108375137e-12,
268.0,2.23606797768,0.00464113304302,9.63303091364e-06,1.99916069555e-08,2.03164502007e-11,
269.0,2.23606797767,0.00229127693768,2.34781427755e-06,2.3836074203e-09,1.25756487241e-11,
270.0,2.23606797765,6.82558047607e-05,2.04910863329e-09,3.48570930441e-11,
271.0,2.23606797764,0.00243752505818,2.65714320177e-06,2.88355853022e-09,5.37243653143e-12,
272.0,2.23606797763,0.00125166959017,7.00646200176e-07,4.01252500387e-10,
273.0,2.23606797762,6.82557621742e-05,2.08888739989e-09,1.11709778576e-11,
274.0,2.2360679776,0.00111272390858,5.53749838598e-07,2.79513008992e-10,
275.0,2.2360679776,0.000522537856333,1.22086563044e-07,3.70033764054e-12,
276.0,2.23606797759,6.82557822348e-05,2.08209405875e-09,4.87875087837e-12,
277.0,2.23606797758,0.000227217020386,2.3102085908e-08,2.71714410943e-11,
278.0,2.23606797757,7.9499641885e-05,2.81347349308e-09,1.02193575536e-11,
279.0,2.23606797757,6.82558019937e-05,2.05706901063e-09,7.9370007662e-12,
280.0,2.23606797756,0.000216049234105,2.08710706577e-08,1.64443870261e-11,
281.0,2.23606797756,0.000142147736144,9.03871597607e-09,8.93108078509e-12,
282.0,2.23606797755,6.82558206629e-05,2.05417796648e-09,1.2071743119e-11,
283.0,2.23606797755,0.000105200601845,4.93814747685e-09,2.40295436292e-11,
284.0,2.23606797754,8.6727856055e-05,3.38897819378e-09,2.2821282612e-11,
285.0,2.23606797754,6.8255820731e-05,2.02251995692e-09,1.71471456786e-11,
286.0,2.23606797754,4.97842700943e-05,1.13130552415e-09,1.27568437009e-11,
287.0,2.23606797753,3.13133362916e-05,4.47131553242e-10,
288.0,2.23606797753,1.28430574572e-05,5.96533448567e-11,
289.0,2.23606797753,5.62669961198e-06,2.65272856231e-11,
290.0,2.23606797752,2.40958217483e-05,2.6968633609e-10,
291.0,2.23606797752,1.48613119213e-05,5.04208064315e-11,
292.0,2.23606797752,5.62666618399e-06,9.20730507326e-12,
293.0,2.23606797752,3.6080642425e-06,1.13317784125e-11,
294.0,2.23606797752,1.00930116506e-06,3.40731602343e-11,
295.0,2.23606797752,1.29941358845e-06,4.92759369763e-12,
296.0,2.23606797752,3.60812780574e-06,1.90887574398e-11,
297.0,2.23606797751,2.45377191459e-06,3.63016020544e-11,
298.0,2.23606797751,3.03089228296e-06,9.50332986925e-12,
299.0,2.23606797751,3.6080860149e-06,4.47283135755e-11,
300.0,2.23606797751,3.31951655039e-06,1.89717838495e-11,
301.0,2.23606797751,3.03097053768e-06,2.03567227545e-11,
302.0,2.23606797751,3.17520208289e-06,4.35959614733e-11,
303.0,2.23606797751,3.10309558518e-06,1.20847509328e-11,
304.0,2.2360679775,3.03089950996e-06,3.00005174587e-11,
305.0,2.23606797751,3.06704734423e-06,2.71049568388e-11,
306.0,2.23606797751,3.10304869661e-06,1.06225694299e-11,
307.0,2.23606797751,3.1391122665e-06,1.23763950879e-11,
308.0,2.23606797751,3.12108265674e-06,3.22703598978e-11,
309.0,2.2360679775,0.0391175915666,0.000684319937964,1.19714242856e-05,2.09483986002e-07,3.66899440499e-09,5.94953342445e-11,
310.0,2.2360679775,0.0192328352178,0.000165425166158,1.42284966918e-06,1.22453909324e-08,7.05339913005e-11,
311.0,2.2360679775,3.12112071605e-06,1.46740972574e-11,
312.0,2.2360679775,0.0186033938025,0.000154774516421,1.28768175363e-06,1.06949356795e-08,8.1611493975e-11,
313.0,2.2360679775,0.00937612731404,3.93153311681e-05,1.6486110837e-07,7.1575234162e-10,
314.0,2.2360679775,3.12113415449e-06,9.90337544594e-12,
315.0,2.2360679775,0.00953813762399,4.06857649455e-05,1.73562002942e-07,7.01396008966e-10,
316.0,2.2360679775,0.00475091684484,1.00941620679e-05,2.14529659288e-08,5.46585169293e-11,
317.0,2.2360679775,3.12113076965e-06,8.76370552717e-12,
318.0,2.2360679775,0.00470573457903,9.90308926753e-06,2.08399346183e-08,4.29391311324e-11,
319.0,2.2360679775,0.00235614419518,2.48263464766e-06,2.61460004261e-09,1.27800094977e-11,
320.0,2.2360679775,3.12108371117e-06,2.40318990902e-11,
321.0,2.2360679775,0.00237212133168,2.51648727443e-06,2.6644060747e-09,7.19380303406e-12,
322.0,2.2360679775,0.00118640061407,6.29484885969e-07,3.17506489223e-10,
323.0,2.2360679775,3.12109044707e-06,6.72396809298e-12,
324.0,2.2360679775,0.00117772464699,6.20268341218e-07,3.18102459853e-10,
325.0,2.2360679775,0.000587605585665,1.54453593084e-07,8.09027276319e-11,
326.0,2.2360679775,3.12105223843e-06,1.68300560221e-11,
327.0,2.2360679775,0.000594456124692,1.58040847086e-07,4.60766449125e-11,
328.0,2.2360679775,0.00029871251853,3.99009833691e-08,2.24311881204e-11,
329.0,2.2360679775,3.12110771563e-06,1.88982459504e-11,
330.0,2.2360679775,0.000292318185482,3.81992668411e-08,2.3647292189e-11,
331.0,2.2360679775,0.000144617536605,9.33071312501e-09,1.67484645727e-11,
332.0,2.2360679775,3.12111200629e-06,3.57031585458e-11,
333.0,2.2360679775,0.000150897803612,1.01482974759e-08,2.4514137323e-11,
334.0,2.2360679775,7.70046654932e-05,2.62614204355e-09,8.6640344263e-12,
335.0,2.23606797751,3.12115295672e-06,7.87999553817e-12,
336.0,2.2360679775,7.07529860546e-05,2.26377965838e-09,1.7973123769e-11,
337.0,2.2360679775,3.38171126248e-05,5.42745404077e-10,
338.0,2.2360679775,3.12115703629e-06,5.88214287845e-12,
339.0,2.2360679775,4.00617479594e-05,6.98972658653e-10,
340.0,2.2360679775,2.15911505963e-05,1.71726369035e-10,
341.0,2.2360679775,3.12115631414e-06,2.854805335e-11,
342.0,2.2360679775,1.53482692022e-05,7.26075732536e-11,
343.0,2.2360679775,6.11370591268e-06,1.80975386351e-11,
344.0,2.2360679775,3.12110480135e-06,2.58325188714e-11,
345.0,2.2360679775,1.49625520089e-06,4.1523743393e-11,
346.0,2.2360679775,8.124359336e-07,2.77648688903e-11,
347.0,2.2360679775,3.12117439868e-06,1.00532823261e-11,
348.0,2.2360679775,5.42976667502e-06,1.07489119406e-10,
349.0,2.2360679775,4.27552538131e-06,7.13142739685e-12,
350.0,2.2360679775,3.12118929832e-06,1.3997388899e-10,
351.0,2.2360679775,3.69828848617e-06,1.7801605211e-11,
352.0,2.2360679775,4.27550910808e-06,2.95355772515e-11,
353.0,2.2360679775,3.98692598326e-06,8.40503255537e-11,
354.0,2.2360679775,4.13123308513e-06,1.54304111691e-11,
355.0,2.2360679775,4.2753795748e-06,1.04749574738e-10,
356.0,2.2360679775,4.20332223117e-06,2.11897567417e-11,
357.0,2.2360679775,4.13115787152e-06,4.14587394665e-11,
358.0,2.2360679775,0.0391186716533,0.00068435775147,1.19724365589e-05,2.09438166531e-07,3.7088049415e-09,3.26319686247e-11,
359.0,2.2360679775,0.019233879392,0.000165443125364,1.42309351048e-06,1.22031099052e-08,1.75998975524e-10,
360.0,2.2360679775,4.13129731152e-06,6.65036917308e-11,
361.0,2.2360679775,0.0186024161692,0.000154758162377,1.28748681776e-06,1.07837411548e-08,1.36438741992e-10,
362.0,2.2360679775,0.00937513371574,3.93069683062e-05,1.64771245473e-07,6.64562351168e-10,
363.0,2.2360679775,4.13123140392e-06,1.82581099294e-11,
364.0,2.2360679775,0.00953916460368,4.06945120114e-05,1.73588088469e-07,7.52088146414e-10,
365.0,2.23606797749,0.00475193526959,1.00984969761e-05,2.14978565055e-08,3.92745771308e-11,
366.0,2.23606797749,4.13122815857e-06,5.512639394e-11,
367.0,2.23606797749,0.00470473280757,9.89886143772e-06,2.08722410117e-08,5.16106200805e-11,
368.0,2.2360679775,0.00235513826797,2.48048565555e-06,2.51487109954e-09,5.64525229566e-11,
369.0,2.2360679775,0.00353114121665,5.57628170974e-06,8.77545309088e-09,3.6331369984e-11,
370.0,2.2360679775,0.0047047327938,9.89881105708e-06,2.07390383811e-08,3.85393291835e-11,
371.0,2.23606797749,0.00411823795164,7.58476388893e-06,1.39981783096e-08,2.22610226083e-11,
372.0,2.2360679775,0.00353114123651,5.57632973433e-06,8.84948935891e-09,5.58040661634e-11,
373.0,2.2360679775,0.00382476480785,6.54221627589e-06,1.12141904162e-08,1.38716743913e-11,
374.0,2.2360679775,0.00411823791832,7.58464239792e-06,1.39213780587e-08,7.67365513092e-11,
375.0,2.2360679775,0.00397152021844,7.05386862384e-06,1.25080819733e-08,4.5477788788e-11,
376.0,2.2360679775,0.00382476491483,6.54226336394e-06,1.11814174605e-08,4.45883589759e-11,
377.0,2.2360679775,0.00367797192629,6.04968499317e-06,9.91274976718e-09,3.42991256314e-11,
378.0,2.2360679775,0.00353114111802,5.57613822728e-06,8.66990755918e-09,1.21623359747e-10,
379.0,2.2360679775,0.00360456128384,5.81063586777e-06,9.33778333386e-09,1.39854347832e-10,
380.0,2.2360679775,0.00356785243666,5.69283252414e-06,9.11687588986e-09,5.18762833121e-11,
381.0,2.2360679775,0.00353114114486,5.57624424318e-06,8.85237200901e-09,7.82787406826e-11,
382.0,2.2360679775,0.00354949717195,5.63449743298e-06,8.8872806983e-09,2.37859585734e-11,
383.0,2.2360679775,0.00356785242238,5.69284525771e-06,9.04837498625e-09,1.6250288887e-11,
384.0,2.2360679775,0.00358620707669,5.75156105272e-06,9.21793040922e-09,4.87015998226e-11,
385.0,2.2360679775,0.00357702980203,5.72211756714e-06,9.10936687502e-09,1.23113571544e-10,
386.0,2.2360679775,0.00358161856545,5.73683132833e-06,9.05455522248e-09,9.46415247514e-11,
387.0,2.2360679775,0.00358620710798,5.75155528784e-06,9.20769486577e-09,6.635129384e-11,
388.0,2.2360679775,0.00359079575578,5.76628507413e-06,9.29316844952e-09,7.12687040881e-11,
389.0,2.2360679775,0.00358850142013,5.758945462e-06,9.30446241757e-09,9.08906147047e-11,
390.0,2.2360679775,0.00358964848794,5.76266590706e-06,9.30326123165e-09,5.03434294235e-11,
391.0,2.2360679775,0.0035907957692,5.76625429191e-06,9.19891336344e-09,4.43334074307e-11,
392.0,2.2360679775,0.00359194289926,5.76993950869e-06,9.18887855847e-09,7.00956088097e-11,
393.0,2.2360679775,0.00359136926569,5.76811875456e-06,9.23927808079e-09,3.8214916647e-11,
394.0,2.2360679775,0.00359079568308,5.76618443501e-06,9.18863886032e-09,6.35548950333e-11,
395.0,2.2360679775,0.00359108241827,5.76719878636e-06,9.30410339867e-09,1.50675460143e-11,
396.0,2.2360679775,0.00359136931242,5.76815759096e-06,9.25669054742e-09,6.75250971287e-11,
397.0,2.23606797751,0.0035912258301,5.76772262503e-06,9.36296278067e-09,8.48135946732e-11,
398.0,2.2360679775,0.00359129755779,5.76786900438e-06,9.32649266346e-09,5.7523696877e-11,
399.0,2.2360679775,0.00359136927797,5.76819451746e-06,9.23632649972e-09,1.04447946115e-10,
400.0,2.23606797751,0.0352744543481,0.0005564619581,8.77830586405e-06,1.38512368551e-07,2.23587427494e-09,8.20128975325e-11,
401.0,2.2360679775,0.0155171390886,0.000107680767916,7.47182169513e-07,5.23523761836e-09,4.59183897862e-11,
402.0,2.2360679775,0.00359136924837,5.76815552049e-06,9.32157233012e-09,1.52789923422e-11,
403.0,2.23606797751,0.022082513641,0.000218078021178,2.1537776894e-06,2.14496041938e-08,3.01026664274e-10,
404.0,2.2360679775,0.0129122268675,7.45620881554e-05,4.30639204023e-07,2.47661978072e-09,7.16025849225e-11,
405.0,2.23606797751,0.00359136923092,5.76805643777e-06,9.13718005307e-09,1.42648566875e-10,
406.0,2.23606797751,0.00588379823294,1.54819950309e-05,4.07964955758e-08,1.09846478095e-10,
407.0,2.23606797751,0.0155171390558,0.000107680655001,7.47356722374e-07,5.17106775944e-09,1.59511785696e-10,
408.0,2.2360679775,0.0106804503492,5.10145816405e-05,2.43685762219e-07,1.16645390294e-09,2.276150784e-11,
409.0,2.2360679775,0.00588379803215,1.5482183023e-05,4.06552153514e-08,2.26155907139e-10,
410.0,2.2360679775,0.00112668720179,5.67694866773e-07,2.35831014193e-10,
411.0,2.2360679775,0.00359136951576,5.76839557669e-06,9.3794343899e-09,4.5336617032e-11,
412.0,2.23606797751,0.00123719273651,6.84469983015e-07,3.22030307182e-10,
413.0,2.23606797751,0.00112668719634,5.67616425121e-07,3.47393177027e-10,
414.0,2.2360679775,5.64695307077e-05,1.33969560893e-09,2.01941962522e-10,
415.0,2.2360679775,0.00123719270978,6.84640440858e-07,4.33495573199e-10,
416.0,2.2360679775,0.00064713483843,1.87416527843e-07,7.77574058012e-11,
417.0,2.2360679775,5.64693836102e-05,1.43191280957e-09,5.29990475054e-11,
418.0,2.2360679775,0.000534804413358,1.27863438502e-07,7.57388526261e-11,
419.0,2.2360679775,0.000239091220022,2.56539893154e-08,7.40938493458e-11,
420.0,2.2360679775,5.64696056102e-05,1.44880817869e-09,1.17016834639e-10,
421.0,2.2360679775,9.12918969734e-05,3.68439503116e-09,1.2228167105e-10,
422.0,2.2360679775,1.74064972079e-05,5.97751494468e-11,
423.0,2.2360679775,5.64696062992e-05,1.44594963726e-09,4.05447053602e-11,
424.0,2.2360679775,1.95327442485e-05,1.00916853371e-10,
425.0,2.2360679775,1.74064572131e-05,1.04462813325e-10,
426.0,2.2360679775,1.06348336765e-06,4.79384533815e-11,
427.0,2.2360679775,1.95325882503e-05,7.80875687728e-11,
428.0,2.23606797751,1.02979828991e-05,4.43603905373e-11,
429.0,2.2360679775,1.0633731081e-06,1.79631207356e-11,
430.0,2.2360679775,8.17143692959e-06,2.49191144198e-11,
431.0,2.23606797751,3.55403340388e-06,8.66007609278e-11,
432.0,2.23606797751,5.86280334332e-06,5.08396557369e-11,
433.0,2.23606797751,8.1713648156e-06,1.92450435344e-10,
434.0,2.2360679775,7.01704360585e-06,1.12485201563e-10,
435.0,2.23606797751,5.86255410152e-06,2.54434892934e-10,
436.0,2.2360679775,6.43975463218e-06,1.27996344343e-10,
437.0,2.2360679775,7.01696556375e-06,2.49401701613e-10,
438.0,2.2360679775,6.72864450831e-06,1.17258715027e-10,
439.0,2.2360679775,6.44004372199e-06,2.569535776e-10,
440.0,2.2360679775,0.0391211403705,0.000684444029548,1.19746045477e-05,2.09649560887e-07,3.57160413474e-09,9.79861433392e-11,
441.0,2.2360679775,0.0192362660151,0.00016548413457,1.4237751458e-06,1.22101052457e-08,4.64921283747e-11,
442.0,2.2360679775,6.43987241587e-06,6.89420983643e-11,
443.0,2.23606797751,0.0186001816847,0.000154721190598,1.28719315669e-06,1.06670969394e-08,6.8786987211e-11,
444.0,2.2360679775,0.00937286244343,3.92879280712e-05,1.64784468303e-07,6.94798863728e-10,
445.0,2.2360679775,6.43989007892e-06,1.11968872722e-10,
446.0,2.23606797751,0.00954151164636,4.07146953425e-05,1.73677760134e-07,8.15326561022e-10,
447.0,2.23606797751,0.00475426299672,1.0108549795e-05,2.14551775964e-08,1.58966609164e-10,
448.0,2.2360679775,6.43987443471e-06,8.10060255989e-11,
449.0,2.23606797751,0.00470244303597,9.88928960989e-06,2.0866472237e-08,3.00767729677e-11,
450.0,2.2360679775,0.00235283915871,2.4758415689e-06,2.77171710091e-09,1.06634019977e-10,
451.0,2.23606797751,0.00352884652142,5.5688944132e-06,8.62009734833e-09,5.39726735537e-11,
452.0,2.23606797751,0.00470244298808,9.88928156498e-06,2.09587085346e-08,5.53375881578e-11,
453.0,2.23606797751,0.00411594604157,7.57623388334e-06,1.38746735451e-08,9.23431990183e-11,
454.0,2.23606797751,0.0044092692516,8.69448448052e-06,1.71491128017e-08,8.18745517277e-11,
455.0,2.23606797752,0.00470244283313,9.88924984497e-06,2.08651242068e-08,1.47837260579e-10,
456.0,2.2360679775,0.00455587499022,9.28233971256e-06,1.88131627694e-08,2.0354801488e-10,
457.0,2.23606797751,0.00462916353226,9.58354357082e-06,1.99909790571e-08,9.68943239312e-11,
458.0,2.23606797751,0.00470244288209,9.88931610107e-06,2.10102435739e-08,1.93492489536e-10,
459.0,2.23606797751,0.00466580442005,9.73563887032e-06,2.05962403322e-08,1.66466043992e-10,
460.0,2.23606797751,0.00462916367512,9.58342270115e-06,2.00410669304e-08,9.35902261527e-11,
461.0,2.23606797751,0.00459252045674,9.4323776287e-06,1.94234299253e-08,1.1128919486e-10,
462.0,2.23606797751,0.00461084252837,9.50773621435e-06,1.96652313399e-08,2.00254603343e-10,
463.0,2.23606797751,0.00460168169304,9.46999297742e-06,1.94261499048e-08,3.6716190757e-10,
464.0,2.23606797751,0.0046062619568,9.4887602416e-06,1.9408834347e-08,1.82707563153e-10,
465.0,2.23606797751,0.00461084228439,9.50755386378e-06,1.95388407664e-08,9.59937544718e-11,
466.0,2.23606797751,0.00461542273146,9.52646901895e-06,1.93377984964e-08,2.95137804222e-10,
467.0,2.23606797751,0.00461313245535,9.51704468907e-06,1.96333196834e-08,2.51582577358e-10,
468.0,2.23606797752,0.0046108426997,9.50785096443e-06,1.96731182923e-08,7.71538562508e-11,
469.0,2.23606797751,0.00460855216666,9.49839760656e-06,1.96277236664e-08,6.31089479055e-11,
470.0,2.23606797752,0.00460626214606,9.48899406527e-06,1.9654392053e-08,3.44128137543e-10,
471.0,2.23606797751,0.0046074070973,9.4933314128e-06,1.93121445743e-08,8.84286072808e-11,
472.0,2.23606797751,0.00460855207902,9.4983193124e-06,1.97924108211e-08,3.74057179039e-10,
473.0,2.23606797751,0.00460797994245,9.49631027913e-06,1.95787047965e-08,2.04820425852e-10,
474.0,2.2360679775,0.00460740724322,9.49354296758e-06,1.94470595127e-08,1.03654584997e-10,
475.0,2.2360679775,0.00460683435032,9.49111952526e-06,1.96208157343e-08,5.50053549903e-11,
476.0,2.2360679775,0.0046062621083,9.48890560694e-06,1.95592475535e-08,4.52304601654e-11,
477.0,2.23606797749,0.00460568965898,9.48655118642e-06,1.93882220586e-08,6.00507130833e-11,
478.0,2.23606797749,0.00460597570263,9.48754731975e-06,1.94717114473e-08,1.62785332807e-10,
479.0,2.23606797749,0.00460583239776,9.48699392796e-06,1.95291066998e-08,1.50725969366e-10,
480.0,2.23606797749,0.00460568950006,9.48630124854e-06,1.95842978858e-08,4.45004922931e-10,
481.0,2.2360679775,0.00460576128986,9.48695514867e-06,1.95838127303e-08,7.00254806974e-11,
482.0,2.2360679775,0.00460583269436,9.48733029777e-06,1.96012456206e-08,1.62761083688e-10,
483.0,2.2360679775,0.00460579683144,9.48694909288e-06,1.95955680001e-08,2.78402456039e-10,
484.0,2.2360679775,0.034190002781,0.000522772659503,7.99363900003e-06,1.2232523212e-07,1.62929475597e-09,1.49414233489e-10,
485.0,2.23606797749,0.0144685758328,9.3619709866e-05,6.05577059701e-07,3.99105881065e-09,1.5390757029e-10,
486.0,2.23606797749,0.00460579682799,9.4871203315e-06,1.97318595866e-08,6.64811681894e-11,
487.0,2.23606797749,0.0230644454183,0.000237903407222,2.45377661235e-06,2.51058314883e-08,3.56051600699e-10,
488.0,2.23606797749,0.0139102081209,8.65329512651e-05,5.37996321611e-07,3.49068708096e-09,3.96750757377e-10,
489.0,2.2360679775,0.0185058703159,0.000153155823243,1.26733140731e-06,1.01839540687e-08,1.28910305049e-10,
490.0,2.2360679775,0.0230644452536,0.000237903592169,2.45414807641e-06,2.56109209799e-08,3.5390235854e-10,
491.0,2.2360679775,0.0207897658488,0.000193292138794,1.79727646231e-06,1.67599453674e-08,8.64160205438e-11,
492.0,2.23606797749,0.0185058706988,0.00015315605604,1.26756677201e-06,1.11000176895e-08,7.81308712604e-10,
493.0,2.23606797751,0.0196489739425,0.00017266145069,1.51741583047e-06,1.35551316674e-08,2.04056018573e-10,
494.0,2.23606797752,0.020789765642,0.000193292514272,1.7975951203e-06,1.65692387511e-08,1.13159464036e-10,
495.0,2.2360679775,0.0219282541456,0.000215041866487,2.10896127599e-06,2.05904504566e-08,1.08086351292e-10,
496.0,2.2360679775,0.0230644453839,0.000237903098646,2.45356495982e-06,2.49895786581e-08,7.60975805341e-11,
497.0,2.23606797751,0.0241983470261,0.000261870388102,2.83373861173e-06,3.04388408583e-08,3.72016035809e-10,
498.0,2.23606797753,0.0236316821098,0.000249749648059,2.63964168897e-06,2.78321738727e-08,8.77686821962e-11,
499.0,2.23606797751,0.0230644455565,0.00023790365047,2.45394960038e-06,2.51252419525e-08,1.47890885253e-10,
500.0,2.23606797753,0.023348134955,0.000243792025846,2.54572149841e-06,2.65475541828e-08,1.408479456e-10,
501.0,2.2360679775,0.0236316822908,0.000249749380726,2.63966367203e-06,2.78556697558e-08,2.63768867886e-10,
502.0,2.23606797751,0.0234899263168,0.000246761896726,2.59222844575e-06,2.69320740681e-08,1.81137532047e-10,
503.0,2.23606797751,0.0233481354838,0.000243792175765,2.54588273505e-06,2.68586063301e-08,4.34566763132e-10,
504.0,2.23606797751,0.0234190353249,0.00024527487042,2.56881301658e-06,2.69793929996e-08,3.65353416932e-10,
505.0,2.23606797749,0.0234899267532,0.00024676179774,2.59219251368e-06,2.72829873209e-08,1.6407621733e-10,
506.0,2.23606797749,0.023560808979,0.000248253686139,2.61543480267e-06,2.75208403534e-08,5.70582228356e-10,
507.0,2.23606797748,0.023525368633,0.000247507158586,2.60382260009e-06,2.74806569478e-08,2.82114132623e-10,
508.0,2.23606797748,0.0234899269925,0.00024676240733,2.59245133148e-06,2.70753596931e-08,3.7789062169e-10,
509.0,2.23606797748,0.023507647858,0.000247134173387,2.59804481347e-06,2.74341680686e-08,2.83724569594e-10,
510.0,2.23606797749,0.023525368705,0.0002475073081,2.60392332635e-06,2.72379494462e-08,2.45387621995e-10,
511.0,2.23606797748,0.0235430892691,0.000247880713772,2.61013852273e-06,2.76822243564e-08,7.33458211582e-10,
512.0,2.23606797748,0.0235342291731,0.000247693502047,2.60681196361e-06,2.75064624929e-08,2.80892216962e-10,
513.0,2.23606797749,0.0235253686855,0.00024750729798,2.60440144457e-06,2.79111535914e-08,8.27143816351e-10,
514.0,2.23606797749,0.0235297986092,0.000247600340056,2.60535560615e-06,2.74989049206e-08,9.23726209091e-11,
515.0,2.23606797747,0.0235342294678,0.000247693640314,2.60650419541e-06,2.70580258382e-08,3.36821732525e-10,
516.0,2.23606797749,0.0235320137624,0.000247646924585,2.60588212961e-06,2.77562848098e-08,7.11373304875e-10,
517.0,2.23606797749,0.0235331217108,0.000247670740468,2.6068193607e-06,2.74215637085e-08,6.55994070449e-10,
518.0,2.23606797749,0.023534229285,0.000247693727727,2.60752663519e-06,2.76120569834e-08,1.34519576873e-10,
519.0,2.23606797751,0.0235353366844,0.000247717050197,2.60723854952e-06,2.77700241263e-08,4.86314160342e-10,
520.0,2.2360679775,0.0235347827256,0.000247705215907,2.60676215103e-06,2.73145624667e-08,3.54883702183e-10,
521.0,2.23606797751,0.0235342290088,0.000247693984813,2.60724178708e-06,2.74851124523e-08,7.86350920164e-11,
522.0,2.23606797748,0.0235336754851,0.000247682129175,2.6069050171e-06,2.76648835418e-08,1.71529258755e-10,
523.0,2.23606797749,0.0235339520111,0.000247687373662,2.60607136503e-06,2.7339962911e-08,3.97662234943e-10,
524.0,2.23606797748,0.0235338137182,0.000247685230599,2.60706514353e-06,2.7353908366e-08,6.79399439471e-10,
525.0,2.2124612026,0.0138199210275,8.63248119258e-05,5.39140613631e-07,3.35608087935e-09,4.72569510619e-11,
526.0,2.14675319474,0.0518964685722,0.00125456598977,3.03284582911e-05,7.33324787065e-07,1.79751458428e-08,5.56286156832e-11,
527.0,2.14108219704,0.0322413273425,0.000485503860756,7.31058358639e-06,1.10184187689e-07,1.60168918404e-09,5.50017717532e-11,
528.0,2.13459037018,0.0133335090284,8.32862678336e-05,5.20539422914e-07,3.04284910325e-09,1.15234836622e-10,
529.0,2.12733749227,0.0048431491857,1.10257080619e-05,2.51618488398e-08,4.85958693847e-10,
530.0,2.11937916821,0.0223057056034,0.000234759210902,2.46995220635e-06,2.50741527491e-08,2.90991089107e-10,
531.0,2.08573960314,0.0134200046726,8.63464595212e-05,5.5511931634e-07,3.64242274676e-09,5.27374483115e-10,
532.0,2.06518173474,0.0175286192738,0.000148776989448,1.26244526661e-06,1.11636403679e-08,2.50263948322e-10,
533.0,2.04478449518,0.0215206236641,0.000226496611737,2.38363268549e-06,2.4862282492e-08,2.29027657878e-10,
534.0,2.02454776525,0.0253984150601,0.000318628926531,3.99726722047e-06,4.98428434998e-08,9.11502083465e-11,
535.0,2.00447138535,0.0291643514402,0.00042433094118,6.17402118658e-06,8.99939735038e-08,2.0451952891e-09,3.64698326505e-10,
536.0,1.97872052393,0.0268105695126,0.000363268871888,4.92254613725e-06,6.71293522767e-08,1.11480407803e-09,2.21222700001e-10,
537.0,1.95329082318,0.0245044801797,0.000307414433033,3.85637292327e-06,4.80460817024e-08,2.97426768517e-10,
538.0,1.92817833269,0.0222453324162,0.0002566438971,2.96101418976e-06,3.451602389e-08,8.98969303676e-10,
539.0,1.90623643597,0.0229541474067,0.000276405405836,3.32863390382e-06,4.0228106724e-08,8.37592223854e-10,
540.0,1.8845418742,0.023642009192,0.000296594225117,3.72085015513e-06,4.66043741172e-08,2.49717420882e-10,
541.0,1.86309189523,0.0243093278334,0.000317184515141,4.13917259626e-06,5.41460633208e-08,6.51967980133e-10,
542.0,1.84051576913,0.0235524574432,0.000301392786633,3.85687154083e-06,4.97054806495e-08,7.67967364953e-10,
543.0,1.8188897165,0.0235042075192,0.000303727615224,3.92467718097e-06,5.01172096003e-08,3.68516619147e-10,
544.0,1.79751763044,0.0234537253614,0.0003060202678,3.99264385244e-06,5.21605312329e-08,7.4153841813e-10,
545.0,1.77606644157,0.0230623469952,0.000299465755366,3.88832700339e-06,5.03012718768e-08,9.88945906482e-10,
546.0,1.75503436899,0.0228443308277,0.00029735189776,3.87038090253e-06,5.02023012493e-08,4.82520063787e-10,
547.0,1.73425134853,0.0226282374053,0.000295249645097,3.85242837495e-06,5.06106464561e-08,1.1463294854e-09,3.97343405931e-10,
548.0,1.71363480601,0.0223323467581,0.000291038566729,3.79260581099e-06,4.86402417735e-08,1.02250291589e-10,
549.0,1.69326334806,0.0220402912844,0.000286886112167,3.73412798899e-06,4.86163039331e-08,1.72829273087e-10,
550.0,1.67317294077,0.0217919133259,0.000283824342601,3.69645867691e-06,4.82971005864e-08,9.18150507389e-10,
551.0,1.65330169579,0.0215266184179,0.000280284924878,3.64933924698e-06,4.70317844385e-08,3.50842301268e-10,
552.0,1.63366644925,0.0212645509125,0.000276788842245,3.6025282182e-06,4.63507975132e-08,4.48763726669e-10,
553.0,1.61427377602,0.0210152939292,0.000273586013115,3.56185616149e-06,4.6567578832e-08,6.5186802646e-10,
554.0,1.59510667314,0.0207642036997,0.000270296803523,3.51855862277e-06,4.55165728406e-08,5.50048671955e-10,
555.0,1.57616715115,0.020516113444,0.000267047287793,3.47625450451e-06,4.53430736458e-08,4.84296619655e-10,
556.0,1.55745250783,0.0202709871449,0.000263836617404,3.43415651405e-06,4.47974376714e-08,7.42936173782e-10,
557.0,1.53896230812,0.0200310836674,0.000260724128354,3.39358216395e-06,4.41998902802e-08,7.89655028829e-10,
558.0,1.5206905213,0.0197928852601,0.000257618481726,3.35307329405e-06,4.37017077389e-08,7.50264184678e-10,
559.0,1.50263567167,0.0195575207573,0.000254551005128,3.31325255483e-06,4.28420850787e-08,5.0058084141e-10,
560.0,1.48479518361,0.0193249538503,0.000251519165924,3.27366862602e-06,4.25689563854e-08,6.05251438437e-10,
561.0,1.46716704476,0.0190956994692,0.00024853694373,3.23429580894e-06,4.2175162712e-08,4.3079271391e-10,
562.0,1.44974819485,0.0188691646637,0.000245591156826,3.19580571703e-06,4.15362692382e-08,6.51943127353e-10,
563.0,1.43253588912,0.0186450503491,0.000242673156901,3.15848918964e-06,4.08697958116e-08,3.09261097732e-10,
564.0,1.4155279385,0.0184235980546,0.000239789829926,3.12131137762e-06,4.07250362611e-08,6.4908851347e-10,
565.0,1.39872204376,0.0182049063896,0.000236943705642,3.08379936284e-06,4.01708580711e-08,4.12570756356e-10,
566.0,1.38211567747,0.0179888106119,0.000234131853445,3.0472454605e-06,3.93047218964e-08,1.68207145227e-10,
567.0,1.36570647071,0.0177752794802,0.000231353547239,3.01149922773e-06,3.9196530801e-08,4.27995184103e-10,
568.0,1.34949202146,0.0175642208549,0.000228605647785,2.97507250622e-06,3.89930218903e-08,1.30032955287e-09,3.08270826431e-10,
569.0,1.31161545701,0.00470500471126,1.68779022373e-05,6.03304607339e-08,2.83529518947e-10,
570.0,1.27296619021,0.0271511886079,0.000579109486121,1.23518666985e-05,2.63231723582e-07,5.56320340913e-09,3.45387619329e-10,
571.0,1.26944664718,0.0156250002175,0.000192320817497,2.36715534284e-06,2.94216731687e-08,6.28183527183e-10,
572.0,1.26545121814,0.00453940610618,1.62831144666e-05,5.87791474609e-08,5.37716506083e-10,
573.0,1.26101459087,0.0061153691709,2.96568772909e-05,1.43953414228e-07,8.74059880078e-10,
574.0,1.24085523828,0.000826266657859,5.50285186384e-07,2.98706921026e-10,
575.0,1.22091179768,0.00437963444719,1.57102905847e-05,5.67450661464e-08,1.16694904211e-10,
576.0,1.20900180574,0.00175531126242,2.54856079004e-06,3.44598051356e-09,8.75143392789e-11,
577.0,1.19718150958,0.000797184806008,5.30523185545e-07,2.53196706352e-10,
578.0,1.18545096274,0.00327930236713,9.07163141862e-06,2.51884697593e-08,2.4826192243e-10,
579.0,1.17015235546,0.00201060646035,3.45493422406e-06,6.00037020672e-09,2.30830249642e-10,
580.0,1.15504494213,0.000769127107743,5.11952153831e-07,1.41017363269e-10,
581.0,1.14012636793,0.000445572265532,1.74612070987e-07,2.2711993988e-10,
582.0,1.12718622835,0.000155643559972,2.12364724405e-08,1.42137132252e-10,
583.0,1.11439143326,0.000742056303059,4.93512045689e-07,1.80017413079e-10,
584.0,1.10087050115,0.000442680425062,1.77789450904e-07,1.57775982842e-10,
585.0,1.08751324797,0.0001501650586,2.0997289648e-08,2.87465839586e-10,
586.0,1.07474356871,0.000290324912998,7.85862369341e-08,4.83901055768e-11,
587.0,1.06212374157,0.000427099404132,1.71193773918e-07,1.55920756702e-10,
588.0,1.04944439301,0.00035275549719,1.19292410579e-07,1.08474554829e-10,
589.0,1.03691638503,0.000280106445912,7.60340893335e-08,4.70565825943e-10,
590.0,1.02463934092,0.000310605123583,9.35257575161e-08,4.34928428804e-10,
591.0,1.01250765107,0.000340338834649,1.14367712973e-07,2.27733164382e-10,
592.0,1.00051959466,0.000369321071499,1.36917266026e-07,3.71478802477e-11,
593.0,0.988673471148,0.000397564447354,1.59538425675e-07,6.53557329641e-11,
594.0,0.976919280868,0.000376723121178,1.45123429545e-07,1.63826020782e-10,
595.0,0.965328708615,0.000380216246192,1.49816156866e-07,6.52994876056e-10,
596.0,0.953863855996,0.00037176628167,1.44893853636e-07,2.30547422131e-10,
597.0,0.942535167126,0.000363464919508,1.40609853357e-07,3.87767511907e-10,
598.0,0.931346783563,0.000361070678065,1.40099963296e-07,2.02308285942e-10,
599.0,0.920291211924,0.000358681242349,1.39467805761e-07,5.55420600342e-10,
600.0,0.90936406434,0.000353485403176,1.37235970449e-07,6.81844110288e-11,
601.0,0.898566661054,0.000348361705902,1.35070677263e-07,3.57442732723e-10,
602.0,0.88789883404,0.000344683967613,1.33966927253e-07,3.05818856743e-10,
603.0,0.877357656009,0.000341043481811,1.32499414696e-07,4.65932298621e-10,
604.0,0.866940953275,0.000336771467738,1.31147210109e-07,1.18805453832e-10,
605.0,0.856647926129,0.000332551930752,1.29876637565e-07,4.64634865813e-10,
606.0,0.83169887844,0.0142032020987,0.000242553144824,4.1422342459e-06,7.05077993529e-08,1.10709540049e-09,1.91578222031e-10,
607.0,0.829248161793,0.00679853663959,5.57371342606e-05,4.57099576553e-07,4.03321922786e-09,3.28483776416e-10,
608.0,0.826496939973,0.000320847655615,1.2494536981e-07,5.22369483152e-10,
609.0,0.823467150747,0.00716150361321,6.22818470965e-05,5.42139917804e-07,5.20465154298e-09,2.9648028849e-10,
610.0,0.810366685071,0.00370855692916,1.69724979777e-05,7.741452896e-08,7.28878738931e-11,
611.0,0.797407162212,0.000309554286093,1.19681961369e-07,3.04240849705e-10,
612.0,0.784586394291,0.00303595084216,1.17476689486e-05,4.56042766496e-08,1.74814287361e-10,
613.0,0.776935037879,0.00134553544534,2.33054454882e-06,3.57826058292e-09,1.88450390818e-10,
614.0,0.766890564118,0.00214611121593,6.00583475921e-06,1.69076520704e-08,3.01489120973e-10,
615.0,0.758191295231,0.00171700256927,3.88816632946e-06,8.55680303706e-09,5.3184081606e-10,
616.0,0.748989295526,0.00189598589188,4.79935251788e-06,1.16803451397e-08,1.61063484847e-10,
617.0,0.739898720598,0.00207057618911,5.79415281826e-06,1.63514227555e-08,3.9978794533e-10,
618.0,0.73121215754,0.00194860144388,5.19224961794e-06,1.4261034028e-08,1.31634478746e-10,
619.0,0.722627513521,0.00182925436441,4.63072302119e-06,1.13830990261e-08,1.5304894673e-10,
620.0,0.714000299748,0.00185506774291,4.82020793003e-06,1.23445264068e-08,3.94481515016e-10,
621.0,0.705546896398,0.00180955932832,4.64104723864e-06,1.20799915775e-08,6.88415381485e-10,
622.0,0.697158587504,0.00179967715286,4.64637369492e-06,1.19681210662e-08,4.07092465533e-10,
623.0,0.688870007011,0.00178977569027,4.65024400573e-06,1.23497833254e-08,1.52172032337e-10,
624.0,0.680679969278,0.00177985644207,4.65358873208e-06,1.22919666825e-08,1.07722559933e-10,
625.0,0.672587302714,0.00176991980062,4.65739837324e-06,1.27276248873e-08,1.79932060831e-10,
626.0,0.664607531645,0.00174337568795,4.5729092761e-06,1.21532098328e-08,1.51096343228e-10,
627.0,0.65672243466,0.00171721178257,4.49053182522e-06,1.18813345706e-08,4.143998412e-10,
628.0,0.648922745205,0.00169952430811,4.45132171136e-06,1.11701382418e-08,7.30978120637e-10,
629.0,0.64121971362,0.00167801296546,4.39094089044e-06,1.17700876056e-08,1.97116291367e-10,
630.0,0.633608120797,0.00165677201122,4.33177842707e-06,1.17175956724e-08,4.31560465028e-11,
631.0,0.626086881335,0.00163579871288,4.27350152938e-06,1.16931511181e-08,6.76072737512e-10,
632.0,0.607690937469,0.0123280306847,0.000250094159527,5.07368515439e-06,1.0308194096e-07,1.85174622439e-09,1.45135132277e-10,
633.0,0.605983533984,0.00684818923788,7.73913880248e-05,8.74269820636e-07,1.03205653961e-08,6.38858552989e-10,
634.0,0.604050830907,0.00157822521404,4.12360999096e-06,1.05699886478e-08,3.62330965045e-10,
635.0,0.601909256314,0.00348656058752,2.01953669933e-05,1.1686083401e-07,4.47760069951e-10,
636.0,0.592298288646,0.000962120658565,1.5632051699e-06,2.42545242598e-09,7.40194278989e-10,
637.0,0.586488922272,0.00217995775158,8.10319364889e-06,3.00446450536e-08,6.18078949979e-10,
638.0,0.580724173032,0.0033638461685,1.94850847944e-05,1.12898255249e-07,6.87016276046e-10,
639.0,0.573238626239,0.0027268101926,1.2971535778e-05,6.20725986745e-08,4.64006508436e-10,
640.0,0.565846580353,0.00210323071585,7.8169848709e-06,2.86423707763e-08,2.06453784669e-10,
641.0,0.558546884233,0.00149289374979,3.99016045337e-06,1.08595836591e-08,4.30807010586e-10,
642.0,0.552203170271,0.00176452272946,5.63851235096e-06,1.82271470828e-08,1.17828005246e-10,
643.0,0.545930776115,0.00202920408941,7.5423206993e-06,2.83196091652e-08,5.47522149626e-10,
644.0,0.539309102175,0.00186402868774,6.44268343234e-06,2.24558524346e-08,2.44625323224e-10,
645.0,0.532767565944,0.00170241827599,5.43934603412e-06,1.65465930378e-08,7.23659785435e-10,
646.0,0.526510726195,0.0017511271125,5.82438049348e-06,1.94659655856e-08,6.56396138573e-11,
647.0,0.52032732359,0.00179842131018,6.21598770239e-06,2.15643866855e-08,1.23227457253e-10,
648.0,0.514116299975,0.00174343405615,5.91281474116e-06,2.0263385862e-08,2.34291010449e-10,
649.0,0.508028931027,0.00173935291377,5.95438803887e-06,2.04460359109e-08,2.52683073819e-10,
650.0,0.501989173271,0.00171049224884,5.82841226758e-06,2.02110792245e-08,1.36617694405e-10,
651.0,0.496021219184,0.0016820701983,5.70423587879e-06,2.00087034541e-08,6.26535657279e-10,
652.0,0.490136160213,0.00166610869207,5.66313904466e-06,1.91210032409e-08,2.19362828015e-10,
653.0,0.484320924568,0.00165028884983,5.62387032732e-06,1.92043173422e-08,2.0075109406e-10,
654.0,0.478574683799,0.00163460965252,5.58313527937e-06,1.867704256e-08,3.00841691811e-10,
655.0,0.472890857679,0.00161326842655,5.50324493953e-06,1.89103899498e-08,4.96149665308e-10,
656.0,0.467277382597,0.00159507020628,5.4447874856e-06,1.88260356006e-08,2.05497253199e-10,
657.0,0.461730542544,0.00157707647425,5.38636422921e-06,1.85843001338e-08,4.05805236558e-10,
658.0,0.456248156802,0.00155788647676,5.32003366557e-06,1.85705068863e-08,1.81367046815e-10,
659.0,0.450830866515,0.00153892967491,5.25334361411e-06,1.80689563255e-08,1.84412171007e-10,
660.0,0.445478577219,0.00152088649988,5.192769607e-06,1.80940821298e-08,2.11854725651e-10,
661.0,0.440189495372,0.0015027169284,5.12973571668e-06,1.70413758929e-08,1.44766394565e-10,
662.0,0.434963209804,0.00148476485272,5.06839160289e-06,1.72385402605e-08,9.16746230859e-11,
663.0,0.429798974924,0.00146702731564,5.00788947928e-06,1.73756274738e-08,7.71129359119e-11,
664.0,0.424696054013,0.00144950125134,4.94730298789e-06,1.67988999751e-08,4.68727390987e-10,
665.0,0.41965387886,0.00143234546991,4.8889207515e-06,1.62284810158e-08,1.89210131808e-10,
666.0,0.414671566605,0.00141539349935,4.83084155264e-06,1.62105078317e-08,1.62628803163e-10,
667.0,0.409748406533,0.00139864041421,4.7741031677e-06,1.68158908217e-08,7.64417280424e-10,
668.0,0.404883619257,0.00138200958329,4.71679867243e-06,1.60403688872e-08,2.52310522404e-10,
669.0,0.400076589758,0.00136557597243,4.66108770111e-06,1.56455525052e-08,1.77124307995e-10,
670.0,0.395326632283,0.0013493375089,4.60563387987e-06,1.55017035583e-08,4.81041599419e-10,
671.0,0.383914964512,0.00531473937098,7.3574806273e-05,1.01878017764e-06,1.37622837059e-08,5.15329026207e-10,
672.0,0.382731305978,0.00194107329373,9.84428249564e-06,5.03663704815e-08,2.99913221674e-10,
673.0,0.381412528887,0.00130184571931,4.44312827847e-06,1.47901970863e-08,1.2789722596e-10,
674.0,0.379968510645,0.00441709607048,5.13484018404e-05,5.97347106185e-07,7.56508303582e-09,2.59673038749e-10,
675.0,0.373945825047,0.00282418016496,2.13295294471e-05,1.60680795347e-07,6.27685197349e-10,
676.0,0.36798815286,0.00125602583606,4.28743751388e-06,1.52208973346e-08,2.27720855417e-10,
677.0,0.362094491915,0.000287579852491,2.28637543189e-07,3.35662360767e-10,
678.0,0.356263845724,0.00180684001388,9.1633524239e-06,4.69167023789e-08,1.49832523002e-10,
679.0,0.352793953338,0.00103159314541,3.0162715102e-06,9.29786878172e-09,1.3186529864e-10,
680.0,0.349350042672,0.000277458103577,2.20208250006e-07,5.71375473098e-10,
681.0,0.345932134848,0.000455988490841,6.00770085667e-07,4.27321227114e-10,
682.0,0.342540242925,0.00116916600944,3.99042979956e-06,1.33743212124e-08,2.54737929728e-10,
683.0,0.33812078033,0.000800612752722,1.89575812432e-06,4.14206091483e-09,3.58014374564e-10,
684.0,0.334280823774,0.000966426490944,2.79413732362e-06,7.71466302923e-09,2.37016090077e-10,
685.0,0.330484034296,0.00112801553669,3.8508516418e-06,1.35155418062e-08,1.24074246169e-10,
686.0,0.326729933378,0.00128545916281,5.0574086701e-06,2.00613403045e-08,1.34286265496e-10,
687.0,0.322767068024,0.00118581461079,4.35622704902e-06,1.56385723825e-08,2.22428758573e-10,
688.0,0.318976383543,0.00121343131805,4.61540952175e-06,1.72958104972e-08,3.67360066592e-10,
689.0,0.315168873252,0.00117842637177,4.40636817114e-06,1.59113207361e-08,5.38380172227e-10,
690.0,0.311437114303,0.00117461219668,4.42964755546e-06,1.62168520517e-08,5.02302674201e-10,
691.0,0.307749539646,0.00117072365192,4.4541250016e-06,1.70927657425e-08,2.23000727828e-10,
692.0,0.304105626202,0.00116675963291,4.4767404116e-06,1.75552835208e-08,3.71665823267e-10,
693.0,0.300490242964,0.00114799781871,4.38547563967e-06,1.65368441181e-08,6.85242638805e-11,
694.0,0.296917841093,0.00112951819525,4.2969910463e-06,1.65599627703e-08,1.21304536197e-10,
695.0,0.293395045422,0.00111850386173,4.26364613725e-06,1.56316847086e-08,4.72374439701e-10,
696.0,0.289910520696,0.00110404115154,4.20436875099e-06,1.5344217528e-08,2.67404397903e-10,
697.0,0.286467380122,0.00108976234567,4.14528241083e-06,1.54599724948e-08,1.47409742311e-10,
698.0,0.283065132189,0.00107566854491,4.0877010255e-06,1.54025916506e-08,4.74685294876e-10,
699.0,0.274903320543,0.00369197209286,4.95834537879e-05,6.66124786788e-07,8.89964374845e-09,3.11748378052e-10,
700.0,0.274050991911,0.00128031462721,5.9815503608e-06,2.80493423805e-08,1.09437579577e-10,
701.0,0.273102237729,0.00103780885266,3.94399342859e-06,1.53031679808e-08,2.15358383661e-10,
702.0,0.268730418098,0.000107749525483,4.28602353788e-08,5.23874427858e-10,
703.0,0.264405363401,0.00123525166286,5.77097878133e-06,2.68849231271e-08,5.31392988786e-10,
704.0,0.2618290487,0.000661785329794,1.67315300785e-06,3.84532576357e-09,3.4312531184e-10,
705.0,0.259272055022,0.000103956146673,4.22530722948e-08,9.90498505644e-11,
706.0,0.25673439694,0.000438548607329,7.49108244195e-07,9.21931177799e-10,
707.0,0.253419778941,0.000166187559328,1.08729146245e-07,2.42849086756e-10,
708.0,0.250146592969,0.000100297410236,4.05940234323e-08,7.47334908285e-11,
709.0,0.246914328665,0.000361002784348,5.27901832184e-07,5.52480890544e-10,
710.0,0.244112592394,0.000227258921845,2.11434513447e-07,3.36717373984e-10,
711.0,0.241342315002,9.67679514341e-05,3.8470695451e-08,5.67478450689e-10,
712.0,0.238413774942,0.0001587412697,1.05884485604e-07,7.39836125204e-10,
713.0,0.23561442134,0.000125666497041,6.68216787812e-08,7.29755580723e-10,
714.0,0.23284791656,9.33618753642e-05,3.77835320336e-08,6.35215384762e-10,
715.0,0.230113875435,6.18151694316e-05,1.59186489749e-08,4.78731704804e-10,
716.0,0.22741191722,3.10110583351e-05,4.42570979207e-09,4.81868265234e-10,
717.0,0.224697095596,4.54982379354e-05,9.41856942137e-09,4.83081878179e-10,
718.0,0.222036708906,3.76184140402e-05,6.10285819873e-09,8.89342540235e-11,
719.0,0.219407819675,2.99195119033e-05,4.12800932768e-09,4.40557278741e-10,
720.0,0.216799303664,3.31467903346e-05,5.35590665862e-09,1.57104050998e-10,
721.0,0.21422179972,3.62943591478e-05,5.81464404739e-09,2.63179731977e-10,
722.0,0.211680188896,3.41143218025e-05,5.55893895804e-09,1.83438967479e-10,
723.0,0.20916873268,3.19802860709e-05,4.86876384291e-09,6.29166239752e-11,
724.0,0.206687073294,2.98931109999e-05,4.05646920956e-09,5.78509807162e-10,
725.0,0.20423232502,3.0382381687e-05,4.86695734508e-09,2.23160165862e-10,
726.0,0.20180673088,3.08547020386e-05,4.22312494528e-09,5.11028115315e-10,
727.0,0.199411180921,3.00765127705e-05,4.26593581092e-09,4.53048344718e-10,
728.0,0.197044067375,2.93132942563e-05,4.03607995701e-09,3.32116669664e-10,
729.0,0.194705052647,2.8562321701e-05,3.42207017581e-09,5.29313926001e-10,
730.0,0.192393206886,2.84217184655e-05,4.2822295615e-09,4.10133222273e-10,
731.0,0.190108811033,2.82804632884e-05,4.67214027216e-09,2.67011882459e-10,
732.0,0.187851539122,2.81388351591e-05,4.50957389667e-09,4.7256911335e-10,
733.0,0.185621356804,2.77090986506e-05,4.23203686705e-09,1.22290920252e-10,
734.0,0.183417651298,2.72858560983e-05,3.16239491828e-09,2.16308980842e-10,
735.0,0.181239967845,2.70086959014e-05,4.16407561088e-09,8.23978020938e-10,
736.0,0.179088208992,2.66646675842e-05,3.92836922476e-09,3.3852176359e-10,
737.0,0.176961996763,2.63246949835e-05,4.50231429626e-09,1.87504823988e-10,
738.0,0.174861027827,2.59893871945e-05,3.81214055505e-09,3.46593509787e-10,
739.0,0.169760322434,0.0029965008734,5.28923559904e-05,9.32925004518e-07,1.70199959377e-08,2.82321755824e-10,
740.0,0.169264240166,0.00148163755477,1.2968884623e-05,1.13458660566e-07,1.38113001187e-09,1.33877407088e-10,
741.0,0.168706536272,2.50758506956e-05,3.55697815471e-09,6.59323509696e-10,
742.0,0.168091708348,0.0013745178899,1.12396282642e-05,9.17131781141e-08,6.93362311491e-10,
743.0,0.16541579885,0.000669650793851,2.71041593774e-06,1.06221608364e-08,8.08994629672e-11,
744.0,0.162768661116,2.41930996362e-05,3.45140327696e-09,1.82523687867e-10,
745.0,0.160149847933,0.000707105889868,3.1215339404e-06,1.41449389037e-08,3.93850885724e-10,
746.0,0.158588954267,0.000360494024791,8.19218289321e-07,1.82375483626e-09,2.70509150142e-10,
747.0,0.15703977822,2.33405392854e-05,3.30475632856e-09,4.27032149214e-10,
748.0,0.155502328213,0.0003045409172,5.95958383473e-07,8.37320102373e-10,
749.0,0.153494884217,0.000139230378862,1.26757069664e-07,8.7193368869e-11,
750.0,0.15151253179,2.25190033946e-05,3.89373808682e-09,1.4002055236e-10,
751.0,0.149792809955,5.68858626547e-05,2.16702375627e-08,2.33072835576e-10,
752.0,0.14797531626,1.71210478643e-05,2.20153200175e-09,4.02081680678e-10,
753.0,0.14623777877,3.6232533931e-05,8.66566667141e-09,4.21781454741e-10,
754.0,0.144492024176,2.62601551486e-05,4.75219558177e-09,3.10301441567e-10,
755.0,0.14276710693,1.65182253976e-05,2.05599805541e-09,3.96379730193e-10,
756.0,0.141076754222,2.09817000692e-05,3.4926665047e-09,9.4152315671e-11,
757.0,0.139406414447,2.53359852053e-05,4.63860888172e-09,3.10262000674e-10,
758.0,0.137749030083,2.27603881737e-05,4.3179095071e-09,2.73037288634e-10,
759.0,0.136111349952,2.0242216946e-05,2.60036059797e-09,5.21456710093e-11,
760.0,0.134493139839,1.77814503588e-05,2.53099916669e-09,6.70082881671e-10,
761.0,0.132897459257,1.8667966735e-05,2.62901903579e-09,2.55575195614e-10,
762.0,0.131320710408,1.95305560418e-05,2.90363208685e-09,3.47872161746e-10,
763.0,0.129761062202,1.87626781756e-05,2.6790284714e-09,2.40333806755e-10,
764.0,0.128219937355,1.80104256058e-05,2.45883299701e-09,3.9751951932e-10,
765.0,0.126697900173,1.80583133109e-05,2.81985055044e-09,2.45259516758e-10,
766.0,0.125193930395,1.810208241e-05,2.60432109662e-09,3.35488334044e-10,
767.0,0.123707430598,1.77592203661e-05,2.70228743855e-09,3.53479805511e-10,
768.0,0.122238770043,1.76120402411e-05,2.46944755858e-09,4.85165051718e-10,
769.0,0.120787452055,1.73719911591e-05,2.71679753454e-09,3.09137105504e-10,
770.0,0.119353365271,1.7134874713e-05,1.76918380547e-09,4.3559956203e-10,
771.0,0.115874811838,0.00200914357904,3.48362664794e-05,6.04529449769e-07,9.93392467647e-09,8.60397689244e-11,
772.0,0.11553465766,0.000976421866989,8.25208340721e-06,7.01007834407e-08,4.18106496944e-10,
773.0,0.115152547703,1.65309301535e-05,1.75532430014e-09,7.52381460722e-11,
774.0,0.114731544542,0.00097062756022,8.21141718082e-06,6.97300857262e-08,7.0547879936e-10,
775.0,0.112905745462,0.000489528826135,2.12221098481e-06,8.85111266574e-09,3.75084001988e-10,
776.0,0.111099584085,1.5949083011e-05,2.18236248519e-09,4.98588855765e-10,
777.0,0.109312755365,0.000450172336763,1.85502494884e-06,6.89990038602e-09,6.32213852897e-11,
778.0,0.108247008029,0.000214168439917,4.23879524883e-07,3.68996981734e-10,
779.0,0.107189270509,1.53880090876e-05,2.49937092353e-09,8.08026692197e-10,
780.0,0.105804525904,9.68419826226e-05,8.88479433883e-08,1.8383349912e-10,
781.0,0.10443709505,0.000206629915,4.09393799237e-07,1.56878968384e-10,
782.0,0.103086764689,0.000314017828351,9.55902277316e-07,3.4058917497e-09,4.11607664394e-10,
783.0,0.101917459692,0.000255993886118,6.43676712125e-07,8.63136903345e-10,
784.0,0.10076127761,0.000199358001314,3.94679025209e-07,1.95400753196e-10,
785.0,0.0996180733108,0.00014408319051,2.08695576301e-07,4.18329203337e-10,
786.0,0.0984091358039,0.000168505055172,2.88770960518e-07,4.22447974904e-10,
787.0,0.0972537234805,0.000153591666347,2.42710668557e-07,9.46373235712e-10,
788.0,0.0960926728567,0.000158148207767,2.60414568745e-07,2.31541302688e-10,
789.0,0.0949454812472,0.000162575074353,2.78250630209e-07,4.83575828572e-10,
790.0,0.093821361098,0.000157529240835,2.64819312545e-07,3.49056629002e-10,
791.0,0.0927105496203,0.000152581433311,2.51306835907e-07,1.64584549165e-10,
792.0,0.091612889279,0.000147728778662,2.38872732878e-07,2.95524150634e-10,
793.0,0.0905237026093,0.000147477794407,2.40862262734e-07,2.61353676213e-10,
794.0,0.0894474652152,0.000147211486297,2.42252156162e-07,2.35828757602e-10,
795.0,0.0883840230621,0.000146930465412,2.43921906095e-07,3.38186250977e-10,
796.0,0.0873354059053,0.000144461135364,2.38682985843e-07,6.09535602835e-10,
797.0,0.0862981519477,0.000143103809332,2.37921608579e-07,1.10174241182e-10,
798.0,0.0852732171264,0.000141758885666,2.36042180742e-07,3.33217912683e-10,
799.0,0.0842609813673,0.000139901518615,2.32801679484e-07,1.26207238669e-10,
800.0,0.0832607613287,0.000138067640655,2.29058804423e-07,2.92802634092e-10,
801.0,0.0822721574962,0.000136513408078,2.26798635016e-07,7.48571079786e-11,
802.0,0.0812952919409,0.000134977240618,2.24308905986e-07,1.45993919534e-10,
803.0,0.0803301507271,0.000133333398811,2.21261191453e-07,7.58489970016e-10,
804.0,0.0793764057076,0.0001317701072,2.18860771156e-07,5.35673392201e-10,
805.0,0.0784339843403,0.000130226461698,2.16073745403e-07,7.24848973098e-10,
806.0,0.077502782432,0.00012867008104,2.13629712702e-07,8.86064993476e-10,
807.0,0.0765826211898,0.000127147184196,2.1151898461e-07,1.70563537425e-10,
808.0,0.0756733846681,0.000125643405739,2.08226318527e-07,2.14924730426e-10,
809.0,0.0747749504764,0.00012414894329,2.06272351467e-07,2.29853011487e-10,
810.0,0.0738871793696,0.000122676275343,2.04169024676e-07,2.20709214445e-10,
811.0,0.07300994839,0.000121220216635,2.01855980975e-07,1.14991760013e-10,
812.0,0.0721431323957,0.000119782357546,1.9919540749e-07,1.59935293548e-10,
813.0,0.0712866094831,0.000118359521363,1.97076482302e-07,1.40552769887e-10,
814.0,0.0704402556765,0.000116954359931,1.93754227482e-07,4.24814541223e-10,
815.0,0.0683763485436,0.00131747504108,2.53855750303e-05,4.89343748598e-07,9.20572989274e-09,2.67466442619e-10,
816.0,0.0681812500973,0.000703373620858,7.25645116105e-06,7.50741892206e-08,2.50089645596e-10,
817.0,0.0679610070766,0.000112837849612,1.8732848683e-07,9.21529462877e-10,
818.0,0.0677174535613,0.000454665695262,3.05286126584e-06,2.115101959e-08,5.22846213247e-10,
819.0,0.066637440066,0.000170673839549,4.37088598309e-07,1.32324954574e-09,1.36054510826e-10,
820.0,0.0655690192679,0.000108866534461,1.80561513891e-07,7.45067991506e-10,
821.0,0.0645120103156,0.000383990406298,2.28553040698e-06,1.39400021589e-08,1.08728820903e-10,
822.0,0.0638842736345,0.000242593246506,9.21172233904e-07,3.26901579656e-09,2.03625705377e-10,
823.0,0.0630576731695,0.000307252125096,1.49748876268e-06,7.55649654687e-09,4.61599029353e-10,
824.0,0.0623427131837,0.00027021922699,1.17122134292e-06,5.40221070609e-09,2.85240778454e-10,
825.0,0.0616357724654,0.000234054678248,8.88977347419e-07,3.44123514011e-09,2.58752217541e-10,
826.0,0.0609367624399,0.000198743048536,6.47966594198e-07,1.91260262016e-09,2.49782607914e-10,
827.0,0.0602455954338,0.000164268279367,4.47769057383e-07,1.32854254818e-09,1.69631716183e-10,
828.0,0.0595621847844,0.000130615873663,2.86548814413e-07,7.21202383215e-10,
829.0,0.0588864446861,9.77708006628e-05,1.62354614754e-07,2.54319040839e-10,
830.0,0.0582182903277,6.57180025832e-05,7.38176263774e-08,1.47808755799e-10,
831.0,0.057557637776,3.44429973248e-05,2.08413359702e-08,2.59367633009e-10,
832.0,0.0568591967849,4.90971629031e-05,4.22631327014e-08,3.60738837873e-10,
833.0,0.0561915873876,4.10714783453e-05,3.00554336215e-08,6.60213601466e-11,
834.0,0.0555318119084,3.32306347192e-05,1.98436062775e-08,5.37371165688e-10,
835.0,0.0548688702568,3.64688617252e-05,2.42721913081e-08,2.18887603554e-10,
836.0,0.0542138416734,3.9625635579e-05,2.90571792847e-08,7.54604326775e-11,
837.0,0.053566631705,4.2702387195e-05,3.36338399913e-08,6.77459613028e-10,
838.0,0.0529324142968,4.04424924655e-05,3.08680289077e-08,2.5903578893e-10,
839.0,0.0523057056196,3.8231510813e-05,2.76849224034e-08,1.89667260477e-10,
840.0,0.0516864167446,3.60662907827e-05,2.46776466612e-08,1.52192145684e-10,
841.0,0.0510744598631,3.39465018651e-05,2.26949146138e-08,2.62797794321e-10,
842.0,0.0504672389361,3.43798780884e-05,2.31226678815e-08,9.3295163281e-11,
843.0,0.049867237159,3.47968064826e-05,2.44046616084e-08,2.8652291697e-10,
844.0,0.0492755938767,3.39759356493e-05,2.29536230453e-08,3.07620298894e-10,
845.0,0.0486903647838,3.37744095519e-05,2.30188148971e-08,2.03595009197e-10,
846.0,0.0481120862368,3.35720927441e-05,2.34404721663e-08,5.81084857419e-10,
847.0,0.0475409712356,3.30755874648e-05,2.25451250481e-08,5.24655890057e-10,
848.0,0.0469766356396,3.25849736024e-05,2.24930911439e-08,2.61317523013e-10,
849.0,0.0464189990057,3.21027053442e-05,2.17574039746e-08,4.41559913686e-10,
850.0,0.0458678392246,3.17687690498e-05,2.22035580094e-08,6.33610800253e-10,
851.0,0.0453232941441,3.13682471006e-05,2.1063426195e-08,4.74011257445e-10,
852.0,0.0447852139247,3.09718982177e-05,2.14070367985e-08,1.22307404716e-10,
853.0,0.0442535218201,3.05816729045e-05,2.0781879725e-08,4.78846360134e-10,
854.0,0.0437281079948,3.02301682887e-05,2.12956242698e-08,3.24486323636e-10,
855.0,0.0432089323119,2.98818551459e-05,2.04100585438e-08,2.09089676315e-10,
856.0,0.0426959207236,2.95381607423e-05,2.03735572426e-08,2.40451426536e-10,
857.0,0.0421890164003,2.91818706496e-05,2.04984077041e-08,1.16445807725e-10,
858.0,0.0416881302819,2.88302016189e-05,1.98948072615e-08,2.88038852526e-10,
859.0,0.0404701414658,0.000737849674907,1.34527114983e-05,2.44965288847e-07,4.69153360017e-09,8.26103223695e-11,
860.0,0.0403528778629,0.000375874614825,3.50084638604e-06,3.24942615646e-08,8.98969611447e-10,
861.0,0.0402208550927,2.78155907167e-05,1.89065274015e-08,6.16495059613e-10,
862.0,0.0400751501823,0.000306644119447,2.34675133301e-06,1.79037519342e-08,3.0970024069e-10,
863.0,0.0394367565462,0.000138588049681,4.87264293012e-07,1.61806053069e-09,5.43422527923e-10,
864.0,0.0390492028814,0.000218338555873,1.22018736488e-06,6.16814607149e-09,5.51978325483e-10,
865.0,0.0385458183659,0.000175572858073,8.00214399154e-07,3.19704075837e-09,8.21064950447e-10,
866.0,0.0381078501679,0.000193346186844,9.80920086315e-07,5.07393154406e-09,1.43854319513e-10,
867.0,0.0376748086291,0.00021065363071,1.1777599785e-06,6.61397213843e-09,2.5218956992e-10,
868.0,0.0372179342489,0.000198470496265,1.05868524191e-06,5.55745944637e-09,1.87936092932e-10,
869.0,0.0367665882173,0.000186541676574,9.46756793596e-07,4.87801129295e-09,1.38083366146e-10,
870.0,0.0363207037191,0.000174863376983,8.42313843278e-07,3.94722155205e-09,1.9682911168e-10,
871.0,0.0358941151471,0.000177463455086,8.77508490919e-07,4.65940074848e-09,1.73281343648e-10,
872.0,0.0354725339628,0.000179975957265,9.13216967937e-07,4.63774314898e-09,2.14643652667e-10,
873.0,0.0350491248011,0.000175556819159,8.7949376132e-07,4.47377365061e-09,1.76152327181e-10,
874.0,0.0346307688546,0.000171216855477,8.4657640622e-07,4.31640144044e-09,3.77126685113e-10,
875.0,0.0342207164647,0.000170298790856,8.47302947336e-07,4.40615394662e-09,1.40417470483e-10,
876.0,0.0338155192163,0.000169377732859,8.4832183469e-07,4.10650015238e-09,1.0339434101e-10,
877.0,0.0334151195975,0.000168454518694,8.4936592916e-07,4.56547064025e-09,2.90457792932e-10,
878.0,0.0330178645169,0.000165917254986,8.34079717187e-07,4.35947214076e-09,2.8585396126e-10,
879.0,0.0326253321746,0.000163415731593,8.18385030325e-07,4.46176146486e-09,1.59985120589e-10,
880.0,0.0322374664037,0.000160951022856,8.02890104745e-07,3.66457103409e-09,1.45591902499e-10,
881.0,0.0318542117173,0.000158521710564,7.88503496496e-07,3.56541508154e-09,1.45668496887e-10,
882.0,0.0314762744508,0.000156896458765,7.82478104362e-07,4.03471650854e-09,4.06111098404e-10,
883.0,0.0311024452318,0.000154906921955,7.71546766609e-07,3.64865054929e-09,1.21489125381e-10,
884.0,0.030733055792,0.00015294268797,7.60891741384e-07,3.32486770349e-09,6.52609559999e-11,
885.0,0.0303680534303,0.00015100289033,7.51373784192e-07,3.81124107773e-09,2.04223218152e-10,
886.0,0.0300075674307,0.000149271234368,7.42596980598e-07,3.72330185724e-09,2.86410039676e-10,
887.0,0.0296512709621,0.000147469237432,7.33498681754e-07,3.61930173895e-09,3.51918750922e-10,
888.0,0.0292992493095,0.000145733228957,7.25186060508e-07,3.8921367247e-09,3.1514325637e-10,
889.0,0.0289514068766,0.000144017548702,7.16890850103e-07,3.98986996927e-09,1.01833797816e-10,
890.0,0.0286076940396,0.000142322383167,7.08332380366e-07,3.73086815566e-09,5.29085856823e-11,
891.0,0.0282680617859,0.000140646743704,6.99592674773e-07,3.53732621409e-09,4.65858317858e-11,
892.0,0.0279324616542,0.000138990828901,6.91542019734e-07,3.73558546721e-09,7.23559831175e-11,
893.0,0.0276008249402,0.000137333861561,6.83134848016e-07,3.04592909029e-09,8.2067874303e-11,
894.0,0.0272731359839,0.000135706837167,6.75256829899e-07,3.51899557638e-09,1.8404308021e-10,
895.0,0.026949332416,0.000134094307812,6.67087256769e-07,3.2609069687e-09,1.84377160883e-10,
896.0,0.0266293757516,0.000132502629154,6.59021545209e-07,3.31183486746e-09,2.25247043945e-10,
897.0,0.0263132165344,0.000130929157749,6.50838104679e-07,3.00123843904e-09,9.55723187153e-11,
898.0,0.0260008109434,0.000129373781097,6.4375911868e-07,3.24680507117e-09,2.97745688868e-10,
899.0,0.0256921150232,0.000127838841175,6.35665881225e-07,3.2482161635e-09,3.67985807526e-10,
900.0,0.0249538658133,0.000303779179842,3.69799768682e-06,4.48965422045e-08,7.37174593686e-10,
901.0,0.0248751860501,8.59865670554e-05,2.97576608988e-07,9.94291128575e-10,
902.0,0.0247878431864,0.000123339395398,6.13915682536e-07,3.58931995798e-09,5.066180887e-10,
903.0,0.0243916331362,1.93714150442e-05,1.53920446109e-08,5.80179433984e-10,
904.0,0.0239996672285,8.29606071763e-05,2.87050424746e-07,6.64298759875e-10,
905.0,0.0237655182946,3.1429293102e-05,4.16825348645e-08,1.6974841306e-10,
906.0,0.0235331336502,1.8689104277e-05,1.44515285142e-08,7.98954923199e-11,
907.0,0.0233025143252,6.74271562059e-05,1.95058503468e-07,3.46132507293e-10,
908.0,0.0230018033151,4.24621462487e-05,7.85327305572e-08,3.83946828862e-10,
909.0,0.0227406077611,5.3902155271e-05,1.27825002236e-07,6.89713481016e-10,
910.0,0.0224647448409,4.73628057146e-05,1.00167759857e-07,5.31300209502e-10,
911.0,0.0221922209301,4.09679293014e-05,7.5783958751e-08,1.36456647225e-10,
912.0,0.0219229956596,3.47151489112e-05,5.49418457211e-08,7.21580347891e-11,
913.0,0.0216570291601,2.86010939188e-05,3.74149596097e-08,1.40679957001e-10,
914.0,0.0214027140504,3.10785471246e-05,4.48413028407e-08,2.61922009123e-10,
915.0,0.0211472213394,2.93183659843e-05,4.08328550175e-08,1.56145788344e-10,
916.0,0.0208947781145,2.75949949724e-05,3.63386802392e-08,8.3447422055e-11,
917.0,0.0206453479765,2.59077545821e-05,3.19300579009e-08,9.30421919249e-11,
918.0,0.0204009047415,2.62717072728e-05,3.38612433655e-08,1.95795934052e-10,
919.0,0.02015836287,2.56282068221e-05,3.24827525359e-08,2.37911620096e-10,
920.0,0.0199191950461,2.54876855275e-05,3.22053017779e-08,1.84165149e-10,
921.0,0.0196828648317,2.53474099785e-05,3.24007018619e-08,3.62142949233e-10,
922.0,0.0194490990644,2.49661260481e-05,3.14862843831e-08,3.66499514571e-10,
923.0,0.0192182279374,2.47098323347e-05,3.18847291854e-08,7.32694395565e-10,
924.0,0.0189900389421,2.43959725845e-05,3.08778468545e-08,3.07975668495e-10,
925.0,0.0187645593406,2.40873998487e-05,3.07113198129e-08,2.59452890604e-10,
926.0,0.0185417570046,2.37825344418e-05,3.03136528033e-08,1.71180552017e-10,
927.0,0.0183216001276,2.34813530472e-05,3.05892225468e-08,1.7532912084e-10,
928.0,0.018104085158,2.32124556166e-05,3.02707684615e-08,1.76212569227e-10,
929.0,0.0178891387708,2.29313485275e-05,2.93002311985e-08,1.45425538107e-10,
930.0,0.0176767444241,2.26544941317e-05,2.83975289325e-08,1.04105006451e-10,
931.0,0.0174668717562,2.23816739285e-05,2.84032664072e-08,3.77257484152e-10,
932.0,0.0172594975353,2.21179675457e-05,2.88148813144e-08,5.20351965512e-10,
933.0,0.0170545820653,2.18534883315e-05,2.77414674128e-08,3.11392981909e-10,
934.0,0.0168520994631,2.15932134178e-05,2.75104269087e-08,3.62302992216e-10,
935.0,0.0166520224792,2.1337979706e-05,2.74968149108e-08,2.64080226493e-10,
936.0,0.0164543208996,2.10850119288e-05,2.70101928732e-08,1.31588774168e-10,
937.0,0.0162589665618,2.0835267708e-05,2.66092349189e-08,1.26475867713e-10,
938.0,0.0160659315404,2.05885474013e-05,2.69595648857e-08,3.63950657299e-10,
939.0,0.015599253637,0.000251494949313,4.05490741451e-06,6.55030778717e-08,1.2085900251e-09,1.66966079013e-10,
940.0,0.0155526569672,0.000113146054487,8.22647719022e-07,6.13354660297e-09,1.00807022224e-10,
941.0,0.0155004674122,1.986388499e-05,2.51167005588e-08,4.17149455104e-10,
942.0,0.0154430934438,0.000147657499026,1.41195981831e-06,1.40435862266e-08,3.39592415464e-10,
943.0,0.0151976780597,8.29055171704e-05,4.51506566956e-07,2.12129595929e-09,3.33028706251e-10,
944.0,0.0149549056279,1.91639079311e-05,2.39395927384e-08,9.04755988949e-10,
945.0,0.0147147352065,4.35752273973e-05,1.29423300916e-07,1.780411845e-10,
946.0,0.014477126085,0.000105321414379,7.66766890756e-07,5.61552320023e-09,4.92235960664e-10,
947.0,0.0143364551796,7.32480361368e-05,3.74124878819e-07,1.83129492543e-09,3.82212750979e-10,
948.0,0.0141968284205,4.20413858875e-05,1.24459622218e-07,3.51323299968e-10,
949.0,0.0140582469704,1.16847399154e-05,9.85575912249e-09,3.56933630748e-10,
950.0,0.0138765625362,2.62835722503e-05,4.96170837069e-08,1.58326546269e-10,
951.0,0.0136971501183,4.05614035416e-05,1.20230679417e-07,7.11435378902e-10,
952.0,0.0135417814287,3.28676018082e-05,7.92152518979e-08,1.07071411402e-09,1.50913271963e-10,
953.0,0.0133774249772,3.6040142848e-05,9.71722293615e-08,9.15526114203e-11,
954.0,0.0132150587167,3.91341951935e-05,1.1572129102e-07,4.94079181761e-10,
955.0,0.0130599126157,3.69295936464e-05,1.04101670857e-07,8.5410144877e-10,
956.0,0.01290399332,3.73507221826e-05,1.08341284959e-07,2.49978173553e-10,
957.0,0.0127499352441,3.7756673328e-05,1.1182747397e-07,3.43930661779e-10,
958.0,0.0125989831885,3.68885664823e-05,1.08382859955e-07,3.20438548639e-10,
959.0,0.0124498182507,3.60359696663e-05,1.0434725974e-07,5.24107582782e-10,
960.0,0.0123018009247,3.58127631575e-05,1.0450096513e-07,1.1129360108e-10,
961.0,0.0121555434057,3.55896056922e-05,1.04818474948e-07,1.34576417162e-10,
962.0,0.012011326653,3.50679002938e-05,1.01906784699e-07,4.7164345802e-10,
963.0,0.0118686717693,3.4701118807e-05,1.01338457655e-07,8.88267367945e-11,
964.0,0.0117277111627,3.43376631281e-05,1.00685465862e-07,3.02370044067e-10,
965.0,0.0115884974998,3.39053556858e-05,9.97453065661e-08,3.22178887201e-10,
966.0,0.0114509004012,3.35154385942e-05,9.75575979927e-08,1.01121165839e-09,1.32168728921e-10,
967.0,0.0113149548498,3.31114041263e-05,9.67714899864e-08,8.13124337414e-11,
968.0,0.0111806232476,3.271258521e-05,9.57541650079e-08,5.47085893762e-10,
969.0,0.0110478777685,3.23267597631e-05,9.45556331923e-08,6.60580082214e-10,
970.0,0.0109167126219,3.19414130082e-05,9.36781157002e-08,5.39716559107e-10,
971.0,0.0107871047331,3.15611275483e-05,9.23695456183e-08,3.46160337788e-10,
972.0,0.0106590355947,3.11852427709e-05,9.12982057183e-08,6.27614623428e-10,
973.0,0.0105324848911,3.08158750534e-05,9.02532645773e-08,1.9346707091e-10,
974.0,0.0104074366831,3.04509142186e-05,8.855899359e-08,4.5233253519e-10,
975.0,0.0102838741077,3.00879384579e-05,8.87742011829e-08,5.77117766684e-10,
976.0,0.0101617780589,2.97315916579e-05,8.68196109245e-08,1.61059183871e-10,
977.0,0.0100411316256,2.93782273191e-05,8.62452490775e-08,2.41844895718e-10,
978.0,0.00992191777044,2.90306635408e-05,8.47258653071e-08,1.29574504313e-10,
979.0,0.00980411930615,2.86848107235e-05,8.41462123499e-08,5.00675565258e-10,
980.0,0.00951578475913,0.000196230115012,4.04625853923e-06,8.41155793e-08,1.10252949678e-09,1.97420642806e-10,
981.0,0.00948918551364,0.000110308695561,1.28212505304e-06,1.47195632804e-08,5.38379724677e-10,
982.0,0.00945904888829,2.76752688607e-05,8.07847450242e-08,4.19761092491e-10,
983.0,0.00942563276517,5.17423334663e-05,2.83790385754e-07,1.40295788388e-09,1.53795618324e-10,
984.0,0.00927507136423,1.22105267066e-05,1.65110853638e-08,2.38486911092e-10,
985.0,0.00912612372046,2.67010249523e-05,7.76661631552e-08,2.0271976785e-10,
986.0,0.0089787646145,6.49959670061e-05,4.70857307537e-07,3.16856646509e-09,3.34901366639e-10,
987.0,0.0088915166435,4.51100057297e-05,2.28661328003e-07,1.45251927196e-09,2.1468768382e-10,
988.0,0.00880491635468,2.57619424767e-05,7.54425358627e-08,4.54575576664e-10,
989.0,0.00871896449659,6.93983890854e-06,5.81820828852e-09,2.73965786787e-10,
990.0,0.00863366161405,1.13661515476e-05,1.46823280903e-08,5.39190081634e-10,
991.0,0.00852217784016,2.23574685024e-06,2.47621706921e-10,
992.0,0.00841208769277,6.69559294033e-06,4.76526400654e-09,7.70789035372e-10,
993.0,0.00831662138274,2.21480139455e-06,1.24274180401e-10,
994.0,0.00822222723136,2.15776080874e-06,6.86908921152e-10,
995.0,0.0081224625558,1.43774360266e-08,2.27243559107e-10,
996.0,0.00802390563682,2.13600725375e-06,5.36251254652e-10,
997.0,0.00792969028633,1.06241559949e-06,1.9505322272e-10,
998.0,0.0078365805144,1.37729496124e-08,1.76147991598e-10,
999.0,0.00774456338088,1.00956522974e-06,1.79137356345e-10,
