Coordinates:
0.0,0.714285714286,1.42857142857,2.14285714286,2.85714285714,3.57142857143,4.28571428571,5.0,5.71428571429,6.42857142857,7.14285714286,7.85714285714,8.57142857143,9.28571428571,10.0,
Volumes:
0.357142857143,0.714285714286,0.714285714286,0.714285714286,0.714285714286,0.714285714286,0.714285714286,0.714285714286,0.714285714286,0.714285714286,0.714285714286,0.714285714286,0.714285714286,0.714285714286,0.357142857143,

 Time(s), Displacement (m) on vertices
0.0,0.0,0.0,0.0,0.0,0.0,0.0,0.0,0.0,0.0,0.0,0.0,0.0,0.0,0.0,0.0,
1.0,6.05407228815e-19,-9.64748527163e-06,-1.93143807123e-05,-2.89311013886e-05,-3.86581123107e-05,-4.81502006815e-05,-5.81392672762e-05,-6.7078581094e-05,-7.82344993542e-05,-8.4710307582e-05,-0.00010106746981,-9.65617079852e-05,-0.000136104689216,-8.26457794634e-05,-0.000225545511311,
2.0,-2.28059426624e-19,-9.66405220654e-06,-1.92739780328e-05,-2.90127124502e-05,-3.85013168851e-05,-4.84445830919e-05,-5.75971152908e-05,-6.80546371646e-05,-7.65302063004e-05,-8.75557225026e-05,-9.66496410808e-05,-0.000102532555371,-0.000130585349,-7.93355835176e-05,-0.000264127300811,
3.0,3.28480035496e-19,-9.64658575382e-06,-1.93123733364e-05,-2.89470034702e-05,-3.86015611464e-05,-4.83079054303e-05,-5.77514950042e-05,-6.79551109542e-05,-7.6385750215e-05,-8.83468988004e-05,-9.45078631387e-05,-0.000106877082043,-0.000124263457322,-8.14359674389e-05,-0.000294477881981,
4.0,3.3776461075e-19,-9.64444529241e-06,-1.93203027711e-05,-2.89247580885e-05,-3.86536223924e-05,-4.82020368954e-05,-5.7940309116e-05,-6.76677518638e-05,-7.6718483011e-05,-8.82147623524e-05,-9.37928328661e-05,-0.000109632346567,-0.000118482347241,-8.61099886351e-05,-0.000320109435561,
5.0,3.74275531287e-19,-9.64971973288e-06,-1.93105887438e-05,-2.8935683115e-05,-3.8650621837e-05,-4.81763479793e-05,-5.80334091868e-05,-6.74514280812e-05,-7.71001200591e-05,-8.77497705913e-05,-9.38745908226e-05,-0.000111166630768,-0.000113562210313,-9.21495495997e-05,-0.000342660838706,
6.0,1.0976632916e-19,-9.65423588622e-06,-1.93003060446e-05,-2.89532827672e-05,-3.86266225368e-05,-4.81971720274e-05,-5.80449297031e-05,-6.73460310564e-05,-7.73898361574e-05,-8.72311795599e-05,-9.4360716915e-05,-0.000111822274973,-0.000109522173984,-9.89660072017e-05,-0.000363016795453,
7.0,2.24436421095e-19,-9.65569126748e-06,-1.92955248343e-05,-2.89650486316e-05,-3.86035306226e-05,-4.8232269852e-05,-5.80118904369e-05,-6.73281157975e-05,-7.75618757758e-05,-8.67791096921e-05,-9.50188306353e-05,-0.000111862581265,-0.000106293602117,-0.00010624111007,-0.000381710542808,
8.0,-5.26852136401e-19,-9.65482142881e-06,-1.92957942925e-05,-2.89689272882e-05,-3.85893609031e-05,-4.82638036385e-05,-5.79633762518e-05,-6.73641578623e-05,-7.76317310864e-05,-8.6435630442e-05,-9.57148657045e-05,-0.00011148061691,-0.000103787811865,-0.000113788935827,-0.000399090716022,
9.0,2.17970283833e-19,-9.65301244252e-06,-1.92987421596e-05,-2.89671297116e-05,-3.85844827933e-05,-4.82849513512e-05,-5.79167242921e-05,-6.74263148798e-05,-7.76258849299e-05,-8.62059181308e-05,-9.63738341777e-05,-0.000110816434681,-0.000101918093969,-0.000121494501893,-0.000415399447923,
10.0,2.32474125546e-19,-9.65130039863e-06,-1.9302258816e-05,-2.89625789212e-05,-3.8586360548e-05,-4.82950208939e-05,-5.78802435795e-05,-6.74952983208e-05,-7.75701548985e-05,-8.60788757962e-05,-9.69561336651e-05,-0.000109971731461,-0.000100606365054,-0.000129283655178,-0.00043081279882,
11.0,-3.82227758519e-19,-9.65018684976e-06,-1.93050945974e-05,-2.89575303303e-05,-3.8592015115e-05,-4.82960453691e-05,-5.78565355139e-05,-6.75592814269e-05,-7.74858516986e-05,-8.60373592337e-05,-9.74433507001e-05,-0.000109020670988,-9.97844550457e-05,-0.00013710707803,-0.000445463453824,
12.0,-4.71574629016e-19,-9.64976610736e-06,-1.93067714118e-05,-2.89533081147e-05,-3.85990124308e-05,-4.82908591705e-05,-5.78450306598e-05,-6.76119611785e-05,-7.73891144691e-05,-8.60631341858e-05,-9.78297020483e-05,-0.000108017570454,-9.93935494991e-05,-0.000144931231574,-0.0004594543161,
13.0,5.34956569455e-20,-9.64990780064e-06,-1.93073085538e-05,-2.89504713538e-05,-3.86057042345e-05,-4.82821562402e-05,-5.78436535379e-05,-6.76507761541e-05,-7.72914314587e-05,-8.61391550933e-05,-9.81168246762e-05,-0.000107002322238,-9.93830801855e-05,-0.000152732956863,-0.000472867082414,
14.0,3.88944401324e-21,-9.65040050349e-06,-1.93069700184e-05,-2.89490767766e-05,-3.86111539579e-05,-4.82721114428e-05,-5.78498227437e-05,-6.76755276988e-05,-7.72005047028e-05,-8.62504881159e-05,-9.83105774817e-05,-0.000106004238089,-9.97095458145e-05,-0.00016049612012,-0.000485767890286,
15.0,-6.24347695442e-20,-9.6510386215e-06,-1.93060903623e-05,-2.89489075154e-05,-3.8614963367e-05,-4.82622936071e-05,-5.78610028281e-05,-6.76873948774e-05,-7.71211170092e-05,-8.63845562261e-05,-9.84190655445e-05,-0.000105044797892,-0.000100335429273,-0.000168209452306,-0.000498211169064,
16.0,-6.24879077552e-19,-9.65166325969e-06,-1.93049764922e-05,-2.89496352433e-05,-3.86170961739e-05,-4.82537155164e-05,-5.78749760393e-05,-6.76882673375e-05,-7.70558828116e-05,-8.65310607181e-05,-9.84514205593e-05,-0.000104139637465,-0.000101228261526,-0.000175865117923,-0.000510242347807,
17.0,-3.5749011195e-19,-9.65217314372e-06,-1.93038643613e-05,-2.89509200855e-05,-3.86177327173e-05,-4.82469361327e-05,-5.78899471818e-05,-6.76803122119e-05,-7.70058547559e-05,-8.66817607939e-05,-9.84170531099e-05,-0.000103300000864,-0.000102359832273,-0.000183457742608,-0.000521899808354,
18.0,1.67742400176e-19,-9.65251928978e-06,-1.93029094456e-05,-2.89524638826e-05,-3.8617162663e-05,-4.82421722981e-05,-5.79045548816e-05,-6.7665705467e-05,-7.69709950434e-05,-8.68302046363e-05,-9.83252022852e-05,-0.000102533812146,-0.000103705531847,-0.000190983738085,-0.000533216325521,
19.0,1.34623943694e-19,-9.652692841e-06,-1.93021950891e-05,-2.89540326087e-05,-3.86157118923e-05,-4.82394004987e-05,-5.79178347932e-05,-6.76464752835e-05,-7.69505328171e-05,-8.69714585928e-05,-9.81846740963e-05,-0.000101846473886,-0.000105243804999,-0.000198440825149,-0.000544220149903,
20.0,-1.91903656993e-19,-9.65271165677e-06,-1.93017482706e-05,-2.89554602786e-05,-3.86136965127e-05,-4.8238441319e-05,-5.79291619902e-05,-6.76244197992e-05,-7.69432303304e-05,-8.71018565232e-05,-9.80037000659e-05,-0.000101241467668,-0.000106955698097,-0.000205827691567,-0.00055493583647,
21.0,-9.68894506447e-19,-9.65260840102e-06,-1.93015565199e-05,-2.89566426769e-05,-3.86113963782e-05,-4.82390249015e-05,-5.79381873438e-05,-6.76010720653e-05,-7.69475772863e-05,-8.7218776895e-05,-9.77898709466e-05,-0.000100720808178,-0.00010882448193,-0.000213143742351,-0.000565384887082,
22.0,-6.21885781582e-19,-9.65242137827e-06,-1.93015831738e-05,-2.89575268654e-05,-3.86090426698e-05,-4.82408398089e-05,-5.79447771265e-05,-6.75776953558e-05,-7.69619314327e-05,-8.73204510998e-05,-9.75501188846e-05,-0.000100285390411,-0.000110835338149,-0.000220388916805,-0.000575586257108,
23.0,4.44100034422e-19,-9.65218809497e-06,-1.93017794133e-05,-2.89580992809e-05,-3.86068141724e-05,-4.82435671359e-05,-5.79489587472e-05,-6.75552954799e-05,-7.6984617276e-05,-8.74057999682e-05,-9.72907278098e-05,-9.99352552379e-05,-0.000112975095832,-0.000227563551445,-0.000585556757968,
24.0,-9.00601085441e-19,-9.65194133739e-06,-1.93020931839e-05,-2.89583746597e-05,-3.86048394141e-05,-4.82469035561e-05,-5.79508750401e-05,-6.75346433072e-05,-7.70139946385e-05,-8.74742972106e-05,-9.70173618604e-05,-9.96697949752e-05,-0.000115232010886,-0.000234668277872,-0.000595311382082,
25.0,3.78491929257e-19,-9.65170717901e-06,-1.93024751588e-05,-2.89583864317e-05,-3.86032019107e-05,-4.82505755429e-05,-5.7950746701e-05,-6.75163017179e-05,-7.70485043039e-05,-8.75258556938e-05,-9.67351031717e-05,-9.94879126225e-05,-0.000117595579727,-0.000241703945427,-0.000604863567063,
26.0,2.87337315179e-19,-9.65150434736e-06,-1.9302882268e-05,-2.89581787995e-05,-3.86019467844e-05,-4.82543469371e-05,-5.79488420816e-05,-6.75006535845e-05,-7.70866965915e-05,-8.75607330283e-05,-9.64484938321e-05,-9.93881452937e-05,-0.000120056380908,-0.000248671561855,-0.000614225412062,
27.0,-1.69224476232e-19,-9.65134456489e-06,-1.9303279515e-05,-2.89578007347e-05,-3.86010880231e-05,-4.82580221393e-05,-5.79454539701e-05,-6.74879294813e-05,-7.71272482055e-05,-8.75794543387e-05,-9.61615798283e-05,-9.93687610608e-05,-0.000122605940935,-0.000255572248526,-0.000623407857432,
28.0,-2.14664300801e-19,-9.65123343037e-06,-1.93036404901e-05,-2.89573015489e-05,-3.86006154646e-05,-4.82614460673e-05,-5.79408819669e-05,-6.74782335042e-05,-7.71689702563e-05,-8.75827489154e-05,-9.587795429e-05,-9.94278346145e-05,-0.000125236619511,-0.000262407205955,-0.000632420834494,
29.0,1.75487404925e-19,-9.65117153344e-06,-1.93039469719e-05,-2.89567277114e-05,-3.86005010301e-05,-4.82645018458e-05,-5.79354192887e-05,-6.74715664374e-05,-7.72108097656e-05,-8.75714981328e-05,-9.56007985629e-05,-9.95633060484e-05,-0.000127941510606,-0.000269177686786,-0.00064127339081,
