Coordinates:
0.0,0.714285714286,1.42857142857,2.14285714286,2.85714285714,3.57142857143,4.28571428571,5.0,5.71428571429,6.42857142857,7.14285714286,7.85714285714,8.57142857143,9.28571428571,10.0,
Volumes:
0.357142857143,0.714285714286,0.714285714286,0.714285714286,0.714285714286,0.714285714286,0.714285714286,0.714285714286,0.714285714286,0.714285714286,0.714285714286,0.714285714286,0.714285714286,0.714285714286,0.357142857143,

 Time(s), delta (-) on vertices
141.58979918,1.0,
283.179598361,1.0,
424.769397541,1.0,
566.359196721,1.0,
707.948995901,1.0,
849.538795082,1.0,
991.128594262,1.0,
1132.71839344,1.0,
1274.30819262,1.0,
1415.8979918,1.0,
1557.48779098,1.0,
1699.07759016,1.0,
1840.66738934,1.0,
1982.25718852,1.0,
2123.8469877,1.0,
2265.43678688,1.0,
2407.02658606,1.0,
2548.61638524,1.0,
2690.20618443,1.0,
2831.79598361,1.0,
2973.38578279,1.0,
3114.97558197,1.0,
3256.56538115,1.0,
3398.15518033,1.0,
3539.74497951,1.0,
3681.33477869,1.0,
3822.92457787,1.0,
3964.51437705,1.0,
4106.10417623,1.0,
4247.69397541,1.0,
4389.28377459,1.0,
4530.87357377,1.0,
4672.46337295,1.0,
4814.05317213,1.0,
4955.64297131,1.0,
5097.23277049,1.0,
5238.82256967,1.0,
5380.41236885,1.0,
5522.00216803,1.0,
5663.59196721,1.0,
5805.18176639,1.0,
5946.77156557,1.0,
6088.36136475,1.0,
6229.95116393,1.0,
6371.54096311,1.0,
6513.13076229,1.0,
6654.72056147,1.0,
6796.31036065,1.0,
6937.90015983,1.0,
7079.48995901,1.0,
7221.07975819,1.0,
7362.66955737,1.0,
7504.25935655,1.0,
7645.84915573,1.0,
7787.43895492,1.0,
7929.0287541,1.0,
8070.61855328,1.0,
8212.20835246,1.0,
8353.79815164,1.0,
8495.38795082,1.0,
8636.97775,1.0,
8778.56754918,1.0,
8920.15734836,1.0,
9061.74714754,1.0,
9203.33694672,1.0,
9344.9267459,1.0,
9486.51654508,1.0,
9628.10634426,1.0,
9769.69614344,1.0,
9911.28594262,1.0,
10052.8757418,1.0,
10194.465541,1.0,
10336.0553402,1.0,
10477.6451393,1.0,
10619.2349385,1.0,
10760.8247377,1.0,
10902.4145369,1.0,
11044.0043361,1.0,
11185.5941352,1.0,
11327.1839344,1.0,
11468.7737336,1.0,
11610.3635328,1.0,
11751.953332,1.0,
11893.5431311,1.0,
12035.1329303,1.0,
12176.7227295,1.0,
12318.3125287,1.0,
12459.9023279,1.0,
12601.492127,1.0,
12743.0819262,1.0,
12884.6717254,1.0,
13026.2615246,1.0,
13167.8513238,1.0,
13309.4411229,1.0,
13451.0309221,1.0,
13592.6207213,1.0,
13734.2105205,1.0,
13875.8003197,1.0,
14017.3901188,1.0,
14158.979918,1.0,
14300.5697172,1.0,
14442.1595164,1.0,
14583.7493156,1.0,
14725.3391147,1.0,
14866.9289139,1.0,
15008.5187131,1.0,
15150.1085123,1.0,
15291.6983115,1.0,
15433.2881107,1.0,
15574.8779098,1.0,
15716.467709,1.0,
15858.0575082,1.0,
15999.6473074,1.0,
16141.2371066,1.0,
16282.8269057,1.0,
16424.4167049,1.0,
16566.0065041,1.0,
16707.5963033,1.0,
16849.1861025,1.0,
16990.7759016,1.0,
17132.3657008,1.0,
17273.9555,1.0,
17415.5452992,1.0,
17557.1350984,1.0,
17698.7248975,1.0,
17840.3146967,1.0,
17981.9044959,1.0,
18123.4942951,1.0,
18265.0840943,1.0,
18406.6738934,1.0,
18548.2636926,1.0,
18689.8534918,1.0,
18831.443291,1.0,
18973.0330902,1.0,
19114.6228893,1.0,
19256.2126885,1.0,
19397.8024877,1.0,
19539.3922869,1.0,
19680.9820861,1.0,
19822.5718852,1.0,
19964.1616844,1.0,
20105.7514836,1.0,
20247.3412828,1.0,
20388.931082,1.0,
20530.5208811,1.0,
20672.1106803,1.0,
20813.7004795,1.0,
20955.2902787,1.0,
21096.8800779,1.0,
21238.469877,1.0,
21380.0596762,1.0,
21521.6494754,1.0,
21663.2392746,1.0,
21804.8290738,1.0,
21946.4188729,1.0,
22088.0086721,1.0,
22229.5984713,1.0,
22371.1882705,1.0,
22512.7780697,1.0,
22654.3678688,1.0,
22795.957668,1.0,
22937.5474672,1.0,
23079.1372664,1.0,
23220.7270656,1.0,
23362.3168647,1.0,
23503.9066639,1.0,
23645.4964631,1.0,
23787.0862623,1.0,
23928.6760615,1.0,
24070.2658606,1.0,
24211.8556598,1.0,
24353.445459,1.0,
24495.0352582,1.0,
24636.6250574,1.0,
24778.2148565,1.0,
24919.8046557,1.0,
25061.3944549,1.0,
25202.9842541,1.0,
25344.5740533,1.0,
25486.1638524,1.0,
25627.7536516,1.0,
25769.3434508,1.0,
25910.93325,1.0,
26052.5230492,1.0,
26194.1128484,1.0,
26335.7026475,1.0,
26477.2924467,1.0,
26618.8822459,1.0,
26760.4720451,1.0,
26902.0618443,1.0,
27043.6516434,1.0,
27185.2414426,1.0,
27326.8312418,1.0,
27468.421041,1.0,
27610.0108402,1.0,
27751.6006393,1.0,
27893.1904385,1.0,
28034.7802377,1.0,
28176.3700369,1.0,
28317.9598361,1.0,
28459.5496352,1.0,
28601.1394344,1.0,
28742.7292336,1.0,
28884.3190328,1.0,
29025.908832,1.0,
29167.4986311,1.0,
29309.0884303,1.0,
29450.6782295,1.0,
29592.2680287,1.0,
29733.8578279,1.0,
29875.447627,1.0,
30017.0374262,1.0,
30158.6272254,1.0,
30300.2170246,1.0,
30441.8068238,1.0,
30583.3966229,1.0,
30724.9864221,1.0,
30866.5762213,1.0,
31008.1660205,1.0,
31149.7558197,1.0,
31291.3456188,1.0,
31432.935418,1.0,
31574.5252172,1.0,
31716.1150164,1.0,
31857.7048156,1.0,
31999.2946147,1.0,
32140.8844139,1.0,
32282.4742131,1.0,
32424.0640123,1.0,
32565.6538115,1.0,
32707.2436106,1.0,
32848.8334098,1.0,
32990.423209,1.0,
33132.0130082,1.0,
33273.6028074,1.0,
33415.1926065,1.0,
33556.7824057,1.0,
33698.3722049,1.0,
33839.9620041,1.0,
33981.5518033,1.0,
34123.1416024,1.0,
34264.7314016,1.0,
34406.3212008,1.0,
34547.911,1.0,
34689.5007992,1.0,
34831.0905983,1.0,
34972.6803975,1.0,
35114.2701967,1.0,
35255.8599959,1.0,
35397.4497951,1.0,
35539.0395942,1.0,
35680.6293934,1.0,
35822.2191926,1.0,
35963.8089918,1.0,
36105.398791,1.0,
36246.9885902,1.0,
36388.5783893,1.0,
36530.1681885,1.0,
36671.7579877,1.0,
36813.3477869,1.0,
36954.9375861,1.0,
37096.5273852,1.0,
37238.1171844,1.0,
37379.7069836,1.0,
37521.2967828,1.0,
37662.886582,1.0,
37804.4763811,1.0,
37946.0661803,1.0,
38087.6559795,1.0,
38229.2457787,1.0,
38370.8355779,1.0,
38512.425377,1.0,
38654.0151762,1.0,
38795.6049754,1.0,
38937.1947746,1.0,
39078.7845738,1.0,
39220.3743729,1.0,
39361.9641721,1.0,
39503.5539713,1.0,
39645.1437705,1.0,
39786.7335697,1.0,
39928.3233688,1.0,
40069.913168,1.0,
40211.5029672,1.0,
40353.0927664,1.0,
40494.6825656,1.0,
40636.2723647,1.0,
40777.8621639,1.0,
40919.4519631,1.0,
41061.0417623,1.0,
41202.6315615,1.0,
41344.2213606,1.0,
41485.8111598,1.0,
41627.400959,1.0,
41768.9907582,1.0,
41910.5805574,1.0,
42052.1703565,1.0,
42193.7601557,1.0,
42335.3499549,1.0,
42476.9397541,1.0,
42618.5295533,1.0,
42760.1193524,1.0,
42901.7091516,1.0,
43043.2989508,1.0,
43184.88875,1.0,
43326.4785492,1.0,
43468.0683483,1.0,
43609.6581475,1.0,
43751.2479467,1.0,
43892.8377459,1.0,
44034.4275451,1.0,
44176.0173442,1.0,
44317.6071434,1.0,
44459.1969426,1.0,
44600.7867418,1.0,
44742.376541,1.0,
44883.9663401,1.0,
45025.5561393,1.0,
45167.1459385,1.0,
45308.7357377,1.0,
45450.3255369,1.0,
45591.915336,1.0,
45733.5051352,1.0,
45875.0949344,1.0,
46016.6847336,1.0,
46158.2745328,1.0,
46299.864332,1.0,
46441.4541311,1.0,
46583.0439303,1.0,
46724.6337295,1.0,
46866.2235287,1.0,
47007.8133279,1.0,
47149.403127,1.0,
47290.9929262,1.0,
47432.5827254,1.0,
47574.1725246,1.0,
47715.7623238,1.0,
47857.3521229,1.0,
47998.9419221,1.0,
48140.5317213,1.0,
48282.1215205,1.0,
48423.7113197,1.0,
48565.3011188,1.0,
48706.890918,1.0,
48848.4807172,1.0,
48990.0705164,1.0,
49131.6603156,1.0,
49273.2501147,1.0,
49414.8399139,1.0,
49556.4297131,1.0,
49698.0195123,1.0,
49839.6093115,1.0,
49981.1991106,1.0,
50122.7889098,1.0,
50264.378709,1.0,
50405.9685082,1.0,
50547.5583074,1.0,
50689.1481065,1.0,
50830.7379057,1.0,
50972.3277049,1.0,
51113.9175041,1.0,
51255.5073033,1.0,
51397.0971024,1.0,
51538.6869016,1.0,
51680.2767008,1.0,
51821.8665,1.0,
51963.4562992,1.0,
52105.0460983,1.0,
52246.6358975,1.0,
52388.2256967,1.0,
52529.8154959,1.0,
52671.4052951,1.0,
52812.9950942,1.0,
52954.5848934,1.0,
53096.1746926,1.0,
53237.7644918,1.0,
53379.354291,1.0,
53520.9440901,1.0,
53662.5338893,1.0,
53804.1236885,1.0,
53945.7134877,1.0,
54087.3032869,1.0,
54228.893086,1.0,
54370.4828852,1.0,
54512.0726844,1.0,
54653.6624836,1.0,
54795.2522828,1.0,
54936.8420819,1.0,
55078.4318811,1.0,
55220.0216803,1.0,
55361.6114795,1.0,
55503.2012787,1.0,
55644.7910778,1.0,
55786.380877,1.0,
55927.9706762,1.0,
56069.5604754,1.0,
56211.1502746,1.0,
56352.7400738,1.0,
56494.3298729,1.0,
56635.9196721,1.0,
56777.5094713,1.0,
56919.0992705,1.0,
57060.6890697,1.0,
57202.2788688,1.0,
57343.868668,1.0,
57485.4584672,1.0,
57627.0482664,1.0,
57768.6380656,1.0,
57910.2278647,1.0,
58051.8176639,1.0,
58193.4074631,1.0,
58334.9972623,1.0,
58476.5870615,1.0,
58618.1768606,1.0,
58759.7666598,1.0,
58901.356459,1.0,
59042.9462582,1.0,
59184.5360574,1.0,
59326.1258565,1.0,
59467.7156557,1.0,
59609.3054549,1.0,
59750.8952541,1.0,
59892.4850533,1.0,
60034.0748524,1.0,
60175.6646516,1.0,
60317.2544508,1.0,
60458.84425,1.0,
60600.4340492,1.0,
60742.0238483,1.0,
60883.6136475,1.0,
61025.2034467,1.0,
61166.7932459,1.0,
61308.3830451,1.0,
61449.9728442,1.0,
61591.5626434,1.0,
61733.1524426,1.0,
61874.7422418,1.0,
62016.332041,1.0,
62157.9218401,1.0,
62299.5116393,1.0,
62441.1014385,1.0,
62582.6912377,1.0,
62724.2810369,1.0,
62865.870836,1.0,
63007.4606352,1.0,
63149.0504344,1.0,
63290.6402336,1.0,
63432.2300328,1.0,
63573.8198319,1.0,
63715.4096311,1.0,
63856.9994303,1.0,
63998.5892295,1.0,
64140.1790287,1.0,
64281.7688278,1.0,
64423.358627,1.0,
64564.9484262,1.0,
64706.5382254,1.0,
64848.1280246,1.0,
64989.7178237,1.0,
65131.3076229,1.0,
65272.8974221,1.0,
65414.4872213,1.0,
65556.0770205,1.0,
65697.6668196,1.0,
65839.2566188,1.0,
65980.846418,1.0,
66122.4362172,1.0,
66264.0260164,1.0,
66405.6158156,1.0,
66547.2056147,1.0,
66688.7954139,1.0,
66830.3852131,1.0,
66971.9750123,1.0,
67113.5648115,1.0,
67255.1546106,1.0,
67396.7444098,1.0,
67538.334209,1.0,
67679.9240082,1.0,
67821.5138074,1.0,
67963.1036065,1.0,
68104.6934057,1.0,
68246.2832049,1.0,
68387.8730041,1.0,
68529.4628033,1.0,
68671.0526024,1.0,
68812.6424016,1.0,
68954.2322008,1.0,
69095.822,1.0,
69237.4117992,1.0,
69379.0015983,1.0,
69520.5913975,1.0,
69662.1811967,1.0,
69803.7709959,1.0,
69945.3607951,1.0,
70086.9505942,1.0,
70228.5403934,1.0,
70370.1301926,1.0,
70511.7199918,1.0,
70653.309791,1.0,
