Coordinates:
0.0,0.714285714286,1.42857142857,2.14285714286,2.85714285714,3.57142857143,4.28571428571,5.0,5.71428571429,6.42857142857,7.14285714286,7.85714285714,8.57142857143,9.28571428571,10.0,
Volumes:
0.357142857143,0.714285714286,0.714285714286,0.714285714286,0.714285714286,0.714285714286,0.714285714286,0.714285714286,0.714285714286,0.714285714286,0.714285714286,0.714285714286,0.714285714286,0.714285714286,0.357142857143,

 Time(s), Pressure (Pa) on vertices
0.0,0.0,0.0,0.0,0.0,0.0,0.0,0.0,0.0,0.0,0.0,0.0,0.0,0.0,0.0,0.0,
1.0,92161.4804127,107673.576751,91287.9080304,109465.970588,88483.8100735,113427.183739,83159.8790246,120390.462557,74195.0167021,131823.839446,59696.8940266,150143.653785,36597.8514043,179230.486116,0.0,
2.0,102680.395562,97042.3812727,102251.927974,97961.3492683,100713.074267,100327.854314,97215.2327829,105381.958924,90023.7663872,115495.097198,75938.9435911,134949.668216,49260.5443647,171303.064781,0.0,
3.0,103912.175027,95711.795553,103879.283332,95838.8855251,103527.257942,96633.0410067,101959.767745,99459.7578567,97175.6530953,107191.515227,85104.7233985,125542.775486,57781.8782435,165548.432195,0.0,
4.0,102833.175848,96726.1382941,103061.929555,96318.3879014,103538.803502,95964.3676644,103459.60608,96960.4346406,100809.804184,102368.106589,91011.9927659,118941.577333,64210.8933539,160922.410843,0.0,
5.0,101507.318643,98018.0113628,101876.359501,97312.6137742,102840.934822,96235.9813775,103769.615023,95894.9497672,102803.397553,99315.4190229,95139.7952703,113962.046634,69376.8301296,156997.386167,0.0,
6.0,100456.176078,99057.5413977,100876.417718,98230.8565395,102069.531794,96764.7848288,103614.421261,95511.6394235,103911.399313,97307.6604616,98145.3141515,110058.630451,73672.0875435,153567.669402,0.0,
