Coordinates:
0.0,0.714285714286,1.42857142857,2.14285714286,2.85714285714,3.57142857143,4.28571428571,5.0,5.71428571429,6.42857142857,7.14285714286,7.85714285714,8.57142857143,9.28571428571,10.0,
Volumes:
0.357142857143,0.714285714286,0.714285714286,0.714285714286,0.714285714286,0.714285714286,0.714285714286,0.714285714286,0.714285714286,0.714285714286,0.714285714286,0.714285714286,0.714285714286,0.714285714286,0.357142857143,

 Time(s), Error (-) on vertices
188.754184614,0.0,102602.250798,68346.8730809,45528.2840962,30328.069986,20202.6858783,13457.8066336,8964.79329212,5971.82522287,3978.09086408,2649.98306817,1765.27462814,1175.93205417,783.344750306,521.824414764,347.613465271,231.563186187,154.256389334,102.758443375,68.4530136406,45.6003651377,30.3769908525,20.2358687727,13.4803020516,8.98003540982,5.98214758137,3.98507809607,2.6547105897,1.76847185114,1.17809343729,0.784805305055,0.522811008961,0.348279659422,0.232012874047,0.154559831352,0.10296313507,0.0685910490142,0.0456934225699,0.0304397082086,0.0202781263217,0.0135087666623,0.00899920421962,0.00599505318387,0.00399376484377,0.00266055628717,0.00177240482855,0.00118073896827,0.000786584450412,0.000524007280057,0.000349083823517,0.000232553409132,0.000154923026324,0.000103207204043,6.87549888353e-05,4.58035365699e-05,3.05136519309e-05,2.03277452926e-05,1.35420928748e-05,9.0216051017e-06,6.01008426573e-06,4.00384390761e-06,2.66729904905e-06,1.7769123463e-06,1.18378851692e-06,7.88610760711e-07,
377.508369229,1.0,0.66158715265,0.437710233458,0.289600227621,0.191612415227,0.126782970986,0.0838901020248,0.0555102295358,0.0367322735586,0.0243072073708,0.0160855077269,0.0106450306016,0.00704484543214,0.00466238805873,0.003085728705,0.00204229943016,0.00135174080161,0.000894704740823,0.000592213550202,0.000392002831415,0.000259485028766,0.000171770120828,0.000113709074395,7.52756976849e-05,4.98340966091e-05,3.29921408932e-05,2.18427083554e-05,1.44615394942e-05,9.57490760569e-06,6.33966996125e-06,4.19769297754e-06,2.77949965871e-06,1.8404943211e-06,1.21874882062e-06,8.07059911181e-07,
566.262553843,1.0,0.663485632373,0.440219918639,0.292088510287,0.193805389791,0.128594914689,0.0853273542888,0.0566186201073,0.037569617325,0.0249299109176,0.0165428800411,0.0109776132827,0.00728469078429,0.00483415618797,0.00320801633017,0.00212891721217,0.00141282138854,0.000937609519612,0.000622247254296,0.000412962083084,0.000274071293475,0.000181895970363,0.000120722643878,8.01236092333e-05,5.31787776867e-05,3.52957368277e-05,2.34267576054e-05,1.55492024998e-05,1.03207209093e-05,6.85043109316e-06,4.54707061361e-06,3.01822351096e-06,2.00344292487e-06,1.32986759592e-06,8.82766127857e-07,
755.016738458,1.0,0.695691623716,0.484002251554,0.336737680894,0.234287799165,0.163012589194,0.113424279905,0.0789231162259,0.054918115305,0.038215551198,0.0265936306844,0.0185066597092,0.012879269954,0.00896328393447,0.0062381478498,0.00434166866442,0.00302183047326,0.00210327386275,0.00146397535635,0.00101902262018,0.000709326042816,0.000493764558539,0.000343720754993,0.00023927831505,0.00016657605633,0.000115966718491,8.07357022763e-05,5.62094406379e-05,3.91348962881e-05,2.72477288949e-05,1.89717565448e-05,1.32097865218e-05,9.19803360972e-06,6.40479207891e-06,4.45990743103e-06,3.10568449805e-06,2.16271562994e-06,1.50609379269e-06,1.04885402369e-06,7.30446520959e-07,
943.770923072,1.0,0.680620073693,0.463249636356,0.315305081074,0.214611193608,0.146076131327,0.0994286641712,0.0676782902196,0.0460672778091,0.0313574753213,0.0213449413972,0.0145296165603,0.00989050847742,0.00673268562896,0.0045831415939,0.00311991962649,0.00212387377211,0.00144583633067,0.000984270961836,0.000670062466181,0.000456163951322,0.000310550087631,0.000211420622221,0.000143935528231,9.79926735596e-05,6.6715097034e-05,4.54212963104e-05,3.09242936147e-05,2.10544977266e-05,1.43349040381e-05,9.75999232741e-06,6.64521316133e-06,4.52452598426e-06,3.08064715643e-06,2.09756540512e-06,1.42821540468e-06,9.72470738781e-07,
1132.52510769,1.0,0.665031037324,0.442268148878,0.294124526542,0.19560440945,0.13008519022,0.086512503892,0.0575349461454,0.0382636449128,0.0254473612931,0.0169239198324,0.0112554002242,0.00748553247437,0.00497835912865,0.00331094150174,0.00220200625447,0.00146449312838,0.000973997566735,0.00064778389021,0.000430828223923,0.000286536449908,0.000190571224848,0.000126746649911,8.4298017609e-05,5.60660470397e-05,3.72892981867e-05,2.48010560335e-05,1.64952090418e-05,1.09710236997e-05,7.29689602749e-06,4.85322952194e-06,3.22793787676e-06,2.14694619184e-06,1.42796909288e-06,9.49769241318e-07,
1321.2792923,1.0,0.649166969767,0.421418040372,0.27357104299,0.177593645722,0.115288240853,0.0748415709673,0.0485848727876,0.0315398437011,0.0204747352705,0.013291602501,0.0086285274496,0.00560139649899,0.00363627094719,0.00236056762222,0.00153241694278,0.000994804480588,0.000645801141842,0.000419237548043,0.000272158450364,0.000176678523687,0.000114695396331,7.44575081004e-05,4.83360652553e-05,3.137865878e-05,2.03703149387e-05,1.32239559887e-05,8.58470411961e-06,5.573006535e-06,3.6178791317e-06,2.34865290807e-06,1.52469827306e-06,9.89804133296e-07,
1510.03347692,1.0,0.633139506807,0.400865656589,0.253803911351,0.160693309136,0.101741304344,0.0644164565502,0.0407846166743,0.0258223617973,0.0163491644411,0.0103513069179,0.00655382487996,0.0041494879064,0.00262720642203,0.00166338934148,0.00105315830055,0.000666796665228,0.000422175675332,0.000267296343499,0.000169236039116,0.00010715013199,6.78410548109e-05,4.29529005828e-05,2.71952105359e-05,1.72183835336e-05,1.09016529606e-05,6.90227648494e-06,4.37011005488e-06,2.76689336888e-06,1.75183212828e-06,1.10915586327e-06,7.02251545947e-07,
1698.78766153,1.0,0.617007217003,0.380698434358,0.234894334412,0.144932104497,0.089424652653,0.0551760407265,0.0340443004511,0.0210057845396,0.012960865701,0.00799704846453,0.00493430579011,0.00304454928318,0.00187854055065,0.00115909426984,0.000715183627165,0.000441282789306,0.000272280812982,0.000168003261061,0.000103661863188,6.39618381417e-05,3.94660343708e-05,2.43515535683e-05,1.5025553793e-05,9.27117831673e-06,5.72057937585e-06,3.529764498e-06,2.17797095976e-06,1.34387561657e-06,8.2921415192e-07,
1887.54184614,1.0,0.600803786472,0.360966719451,0.216872013372,0.130299189627,0.0782855811196,0.0470352778194,0.0282596984603,0.0169790433313,0.0102014240467,0.00612929158233,0.00368266037565,0.00221266144499,0.00132944442758,0.000798780280776,0.000479939414208,0.000288368249863,0.000173264829825,0.000104105901382,6.25521506958e-05,3.75847025482e-05,2.25830173753e-05,1.35692176643e-05,8.15322908637e-06,4.89898924676e-06,2.94364435154e-06,1.76874899815e-06,1.06279403965e-06,6.38607564556e-07,
2076.29603076,1.0,0.584549964817,0.34170153551,0.199744989991,0.116763889464,0.0682566429582,0.0399011148706,0.0233253887626,0.0136356713989,0.00797127806732,0.00465997094752,0.00272422075762,0.00159259462856,0.000931048011972,0.000544305610576,0.000318212671763,0.000186035607235,0.000108762367293,6.35865436494e-05,3.71754128651e-05,2.1734538257e-05,1.27071774707e-05,7.42936774297e-06,4.34368900339e-06,2.53962572573e-06,1.48485780888e-06,8.6816881684e-07,
2265.05021537,1.0,0.568259231418,0.322923029746,0.183509097603,0.104285105847,0.0592642949714,0.0336798502375,0.0191405061971,0.0108778475881,0.00618214017788,0.00351350925045,0.00199686991863,0.00113491912673,0.000645039885864,0.000366618846328,0.000208376919139,0.000118438008743,6.73192530742e-05,3.8264340886e-05,2.17498362241e-05,1.23630208594e-05,7.02748810674e-06,3.99468552384e-06,2.27076444001e-06,1.29082876343e-06,7.33790854427e-07,
2453.80439999,1.0,0.551940721395,0.3046448424,0.16815285985,0.0928162035119,0.0512333244787,0.0282807258232,0.0156112588134,0.00861776680918,0.00475730591065,0.00262625584007,0.00144984869251,0.000800420340297,0.000441899413249,0.000243971275158,0.000134698891048,7.43702923759e-05,4.10624818132e-05,2.26725950231e-05,1.25189438458e-05,6.91265165871e-06,3.8170888846e-06,2.10780574836e-06,1.16396445287e-06,6.4277619124e-07,
2642.5585846,1.0,0.535600839551,0.286876522353,0.153660204215,0.0823077210649,0.044089244319,0.0236177095006,0.0126519095702,0.00677778367276,0.00363105469711,0.00194532194656,0.0010422308773,0.000558406270436,0.000299192490865,0.000160311728528,8.5900217457e-05,4.60296576725e-05,2.46658395103e-05,1.32180957609e-05,7.08364657161e-06,3.79629574053e-06,2.03459762816e-06,1.0904669998e-06,5.844699506e-07,
2831.31276922,1.0,0.5192441965,0.269624934024,0.140012047042,0.0727089575505,0.0377596361197,0.0196103464342,0.0101849882335,0.00528997741879,0.00274767492222,0.00142723456548,0.000741385461756,0.000385133872688,0.000200077636495,0.000103945287439,5.40045973256e-05,2.80592839449e-05,1.45794994696e-05,7.57581024622e-06,3.93673574093e-06,2.04580586846e-06,1.06319715261e-06,5.52566729823e-07,
3020.06695383,1.0,0.502874172504,0.252895112052,0.127187261038,0.0639689433389,0.0321749169602,0.0161841057519,0.00814110434377,0.00409544980101,0.00206036376596,0.00103659845154,0.000521557163534,0.000262432935843,0.000132056624946,6.64550288624e-05,3.34442676848e-05,1.68322471172e-05,8.4720687512e-06,4.26446167098e-06,2.14667709847e-06,1.08068076966e-06,5.44072459484e-07,
3208.82113845,1.0,0.486493266463,0.236690799341,0.115163289006,0.0560370577603,0.0272687745808,0.0132704427474,0.00645855211515,0.00314351379619,0.00153012359602,0.000744850472077,0.000362613225725,0.000176543067266,8.595887403e-05,4.18566379643e-05,2.03831875864e-05,9.92692119571e-06,4.83495397199e-06,2.35508187075e-06,1.14724507026e-06,5.58912167419e-07,
3397.57532306,1.0,0.470103316915,0.221014797816,0.103916547796,0.0488634363297,0.0229784044002,0.010806696301,0.00508281034168,0.00239085602609,0.00112471426659,0.000529140448446,0.000248966223085,0.000117152448033,5.51321014075e-05,2.5947812988e-05,1.22135192668e-05,5.74944028905e-06,2.70679799316e-06,1.27447866729e-06,6.00145504975e-07,
3586.32950767,1.0,0.453705645947,0.205869206544,0.0934227046152,0.0423992485304,0.0192446237648,0.00873588932077,0.00396599507282,0.00180071718993,0.000817688924084,0.000371347910811,0.000168665069465,7.66163872799e-05,3.48074042252e-05,1.5815254029e-05,7.18681449084e-06,3.26628157616e-06,1.48466659534e-06,6.74937694749e-07,
3775.08369229,1.0,0.43730115737,0.191255591714,0.0836568737647,0.0365968933207,0.0160119074501,0.00700647193782,0.00306629835989,0.00134211406682,0.000587524212183,0.000257231888824,0.000112638786266,4.93306347951e-05,2.16078994333e-05,9.46623026439e-06,4.14774335013e-06,1.81768519798e-06,7.9670784116e-07,
3963.8378769,1.0,0.420890408849,0.17717511526,0.0745937622002,0.0314101402864,0.0132283707597,0.00557203147799,0.00234743268833,0.000989115135678,0.000416846784669,0.000175704885763,7.40748754935e-05,3.12348729516e-05,1.31732328491e-05,5.55687928287e-06,2.34454074259e-06,9.89407475491e-07,
4152.59206152,1.0,0.40447367025,0.163628637841,0.0662077804983,0.0267942331752,0.0108457164311,0.00439098423483,0.00177809284259,0.000720175287193,0.000291753196314,0.000118219513216,4.79138936164e-05,1.94238469142e-05,7.8761388872e-06,3.19446984819e-06,1.29596909031e-06,5.25901086446e-07,
4341.34624613,1.0,0.388050975323,0.150616804859,0.0584731287319,0.022705966036,0.00881915568824,0.00342625881212,0.00133144229064,0.000517531269788,0.00020121766383,7.82553829369e-05,3.04427912022e-05,1.18462403147e-05,4.6111186882e-06,1.79541903716e-06,6.99299660255e-07,
4530.10043075,1.0,0.37162217107,0.138140120354,0.0513638629401,0.0191037386639,0.00710731048049,0.00264497771002,0.000984628351678,0.000366657224192,0.000136580899498,5.08939272723e-05,1.8971118977e-05,7.07417651452e-06,2.63888252653e-06,9.84761278517e-07,
4718.85461536,1.0,0.355186965505,0.126199009886,0.0448539449795,0.015947595666,0.00567210178013,0.00201814179191,0.000718328544773,0.000255778244618,9.11126511958e-05,3.24694026859e-05,1.15759529718e-05,4.12888457056e-06,1.47336177184e-06,5.26010397938e-07,
4907.60879998,1.0,0.338744974828,0.11479387364,0.0389172783524,0.0131992528812,0.0044786278436,0.00152032111688,0.000516329354725,0.000175439067249,5.96404849009e-05,2.02851990645e-05,6.90317798181e-06,2.35049653795e-06,8.00793548363e-07,
5096.36298459,1.0,0.32229576974,0.103925129815,0.0335277317938,0.0108221140555,0.00349503538617,0.00112935462766,0.00036513775095,0.000118124448469,3.82374782946e-05,1.23855588024e-05,4.0144885912e-06,1.30210315486e-06,4.22643566405e-07,
5285.1171692,1.0,0.305838919199,0.0935932475727,0.0286591519736,0.00878128016337,0.00269238594027,0.000826060477645,0.00025362516772,7.79274924209e-05,2.39618223532e-05,7.37384253437e-06,2.27105751861e-06,7.0006665232e-07,
5473.87135382,1.0,0.289374032495,0.0837987707397,0.0242853676355,0.00704355389704,0.00204451932739,0.000593958314762,0.000172703223033,5.02620723468e-05,1.46417542369e-05,4.26950604936e-06,1.24627797761e-06,3.64190041936e-07,
5662.62553843,1.0,0.272900797983,0.0745423318148,0.0203801865497,0.00557744107531,0.00152791549496,0.000419004315404,0.000115030100187,3.16154501326e-05,8.69972340289e-06,2.39693183209e-06,6.61270216312e-07,
5851.37972305,1.0,0.256419020103,0.0658246579453,0.0169173875525,0.00435315080024,0.00112155572368,0.000289339499703,7.47463102538e-05,1.93372771631e-05,5.01021344802e-06,1.30019448337e-06,3.37980467731e-07,
6040.13390766,1.0,0.239928654447,0.057646569204,0.0138707091047,0.00334259551348,0.000806783709427,0.000195051564519,4.72383979103e-05,1.14612767499e-05,2.78616544406e-06,6.78683363919e-07,
6228.88809228,1.0,0.223429844166,0.0500089711808,0.0112138363187,0.00251939203017,0.000567166830298,0.000127950338201,2.89290813968e-05,6.55607659587e-06,1.48946869854e-06,3.3928772361e-07,
6417.64227689,1.0,0.206922960211,0.0429128426931,0.00892038760197,0.0018588640603,0.000388357589827,8.13568453981e-05,1.70922733721e-05,3.60184006921e-06,7.61476261254e-07,
6606.39646151,1.0,0.190408652948,0.0363592208391,0.00696390233609,0.00133804661623,0.000257955126342,4.99059428208e-05,9.6914242333e-06,1.88955015903e-06,3.69994112789e-07,
6795.15064612,1.0,0.173887924967,0.0303491845094,0.00531783024253,0.000935692283008,0.000165366533785,2.93624749414e-05,5.23962554742e-06,9.40004212679e-07,
6983.90483073,1.0,0.157362246467,0.0248838388923,0.00395552322162,0.000632279252224,0.000101667717339,1.6450933851e-05,2.67993986491e-06,4.39773378336e-07,
7172.65901535,1.0,0.140833750223,0.0199643027507,0.00285022969382,0.000410020744603,5.94634913549e-05,8.6986490536e-06,1.28440508312e-06,1.9159594348e-07,
7361.41319996,1.0,0.124305586155,0.0155917023248,0.0019750913967,0.000252875427763,3.27466828448e-05,4.29257742693e-06,5.70187656902e-07,
7550.16738458,1.0,0.107782608102,0.0117671764788,0.00130314152814,0.000146558295025,1.67560563899e-05,1.9498119757e-06,2.31338372724e-07,
7738.92156919,1.0,0.0912728163284,0.00849190144973,0.000807301641204,7.85515334683e-05,7.83298024223e-06,8.01958222751e-07,
7927.67575381,1.0,0.0747907195372,0.00576714552964,0.000460370111474,3.81151452504e-05,3.27689510365e-06,2.93542842825e-07,
8116.42993842,1.0,0.0583663742053,0.00359433561107,0.000234981804181,1.6298619528e-05,1.19977205095e-06,9.45848366584e-08,
8305.18412304,1.0,0.0420753743367,0.00197478357034,0.000103489309019,5.96177205953e-06,3.79364794866e-07,
8493.93830765,1.0,0.0261785317228,0.000905244813056,3.7804966094e-05,1.82747309905e-06,1.07985149336e-07,
8682.69249226,1.0,0.0123291240119,0.000334657537641,1.08783209963e-05,5.11748583653e-07,
8871.44667688,1.0,0.0130665553122,0.000179686808139,3.77925702121e-06,1.68585640021e-07,
9060.20086149,1.0,0.0272342743672,0.000812594866881,2.42982259732e-05,7.26937932086e-07,
9248.95504611,1.0,0.0198649225577,0.000429761762733,9.40924011022e-06,2.14981135707e-07,
9437.70923072,1.0,0.0131121497616,0.000176927121045,3.15076541797e-06,1.22545519516e-07,
9626.46341534,1.0,0.00865598735828,0.000146686269436,3.82594617167e-06,1.7824123657e-07,
9815.21759995,1.0,0.0102675884925,0.00012156866021,2.5621589985e-06,1.2304705842e-07,
10003.9717846,1.0,0.0131567289804,0.000175963546892,2.7771931073e-06,9.01296598826e-08,
10192.7259692,1.0,0.0166654176916,0.00028979067198,5.17756413389e-06,1.05900843564e-07,
10381.4801538,1.0,0.0149177307253,0.000228216951366,3.66881231598e-06,8.02113880126e-08,
10570.2343384,1.0,0.0131969911088,0.000175868388196,2.5706765517e-06,6.78113301813e-08,
10758.988523,1.0,0.0115223029046,0.000134772794308,1.89675181986e-06,6.37281420927e-08,
10947.7427076,1.0,0.0099246235616,0.000108195321807,1.66717170377e-06,6.3869132468e-08,
11136.4968923,1.0,0.0106678723612,0.00011783834323,1.60790276293e-06,5.40438868358e-08,
11325.2510769,1.0,0.0114818726183,0.000133091564201,1.7182858655e-06,4.69136647843e-08,
11514.0052615,1.0,0.0123504655209,0.000152949510468,1.99411148657e-06,4.31371694678e-08,
11702.7594461,1.0,0.0132610351392,0.000176562043966,2.41292736576e-06,4.3651641292e-08,
11891.5136307,1.0,0.0128078909327,0.000164392376773,2.16553305494e-06,3.88902117463e-08,
12080.2678153,1.0,0.0123502651657,0.000152737804517,1.93988504695e-06,3.46884078777e-08,
12269.0219999,1.0,0.0118886121364,0.000141621051731,1.73616636464e-06,3.10186916196e-08,
12457.7761846,1.0,0.0114233758696,0.000131065714943,1.55467847405e-06,2.78547863441e-08,
12646.5303692,1.0,0.0109549934696,0.00012109653911,1.39582960054e-06,2.51748247377e-08,
12835.2845538,1.0,0.0104838993582,0.000111739626046,1.26007473958e-06,2.29577210775e-08,
13024.0387384,1.0,0.0100105306088,0.000103022466583,1.14778393444e-06,2.11830313421e-08,
13212.792923,1.0,0.009535333727,9.49736986122e-05,1.05902792103e-06,1.98277065801e-08,
13401.5471076,1.0,0.00905877331648,8.76223640646e-05,9.93294758015e-07,
13590.3012922,1.0,0.00926545329418,9.01422234657e-05,9.89705061075e-07,
13779.0554769,1.0,0.0094790844033,9.31199857398e-05,9.99937722914e-07,
13967.8096615,1.0,0.00934536410664,9.07062889049e-05,9.66768993166e-07,
14156.5638461,1.0,0.00921141694465,8.83191086716e-05,9.34878199621e-07,
14345.3180307,1.0,0.00907729121879,8.59592648665e-05,9.0417773873e-07,
14534.0722153,1.0,0.00894303017915,8.36275388293e-05,8.74593913532e-07,
14722.8263999,1.0,0.00880867241763,8.13246652953e-05,8.46064258753e-07,
14911.5805845,1.0,0.0086742522431,7.9051335948e-05,8.1853607603e-07,
15100.3347692,1.0,0.00853980004451,7.68081941043e-05,7.91962603377e-07,
15289.0889538,1.0,0.0084053426185,7.45958400679e-05,7.66304559226e-07,
15477.8431384,1.0,0.00827090349066,7.24148285498e-05,7.41527856329e-07,
15666.597323,1.0,0.00813650321142,7.02656729876e-05,7.17601023412e-07,
15855.3515076,1.0,0.00800215962465,6.81488453914e-05,6.94496832658e-07,
16044.1056922,1.0,0.00786788812915,6.60647817464e-05,6.72191275979e-07,
16232.8598768,1.0,0.00773370191073,6.40138788851e-05,6.50660674154e-07,
16421.6140615,1.0,0.00759961216831,6.19965051348e-05,6.29883457446e-07,
16610.3682461,1.0,0.00746562830226,6.00129932099e-05,6.09840239493e-07,
16799.1224307,1.0,0.00733175811183,5.80636534344e-05,5.90512861072e-07,
16987.8766153,1.0,0.00719800795897,5.6148766019e-05,5.7188147347e-07,
17176.6307999,1.0,0.00706438292559,5.42685884578e-05,5.53928403942e-07,
17365.3849845,1.0,0.00693088695545,5.24233563868e-05,5.36635299118e-07,
17554.1391691,1.0,0.00679752298655,5.06132908869e-05,5.19985804653e-07,
17742.8933538,1.0,0.00666429306658,4.88385924966e-05,5.03962150648e-07,
17931.6475384,1.0,0.00653119846289,4.70994480202e-05,4.88545993657e-07,
18120.401723,1.0,0.0063982397597,4.53960309781e-05,4.73721071773e-07,
18309.1559076,1.0,0.00626541695162,4.37285045383e-05,4.59468741991e-07,
18497.9100922,1.0,0.0061327295185,4.20970220696e-05,4.45771101291e-07,
18686.6642768,1.0,0.00600017650194,4.05017289614e-05,4.32611148721e-07,
18875.4184614,1.0,0.0058677565746,3.89427653249e-05,4.19970308587e-07,
19064.1726461,1.0,0.0057354680987,3.74202656753e-05,4.07829938043e-07,
19252.9268307,1.0,0.00560330917794,3.59343588066e-05,3.96172190273e-07,
19441.6810153,1.0,0.00547127771487,3.44851747205e-05,3.84978898904e-07,
19630.4351999,1.0,0.00533937145068,3.30728387913e-05,3.74230944307e-07,
19819.1893845,1.0,0.00520758800867,3.16974794631e-05,3.63910528039e-07,
20007.9435691,1.0,0.00507592493519,3.03592236467e-05,3.53998830365e-07,
20196.6977537,1.0,0.00494437973109,2.90581971194e-05,3.44477888171e-07,
20385.4519384,1.0,0.00481294989097,2.77945332387e-05,3.35329411925e-07,
20574.206123,1.0,0.00468163292329,2.65683593466e-05,3.26535478117e-07,
20762.9603076,1.0,0.00455042639512,2.53798126571e-05,3.18078337679e-07,
20951.7144922,1.0,0.00441932794931,2.42290251267e-05,3.09940894575e-07,
21140.4686768,1.0,0.00428833534205,2.31161339877e-05,3.02106159051e-07,
21329.2228614,1.0,0.00415744646678,2.20412752599e-05,2.9455748572e-07,
21517.977046,1.0,0.00402665938637,2.10045782737e-05,2.87279347135e-07,
21706.7312307,1.0,0.00389597237115,2.00061741873e-05,2.80255908857e-07,
21895.4854153,1.0,0.00376538393066,1.90461802208e-05,2.73472187869e-07,
22084.2395999,1.0,0.00363489285209,1.81247015255e-05,2.66913989947e-07,
22272.9937845,1.0,0.00350449825911,1.72418254803e-05,2.60568060539e-07,
22461.7479691,1.0,0.00337419965965,1.63976112628e-05,2.54421441937e-07,
22650.5021537,1.0,0.00324399701219,1.55920834439e-05,2.48461505288e-07,
22839.2563383,1.0,0.00311389081307,1.48252165263e-05,2.4267732226e-07,
23028.010523,1.0,0.00298388219997,1.40969265439e-05,2.37057663255e-07,
23216.7647076,1.0,0.00285397307895,1.34070532085e-05,2.31592947183e-07,
23405.5188922,1.0,0.00272416628522,1.27553431817e-05,2.26273740506e-07,
23594.2730768,1.0,0.002594465804,1.21414298712e-05,2.21091233502e-07,
23783.0272614,1.0,0.00246487704415,1.1564812346e-05,2.16038295146e-07,
23971.781446,1.0,0.00233540721028,1.10248405008e-05,2.11106647446e-07,
24160.5356306,1.0,0.00220606579816,1.05206828005e-05,2.06291145153e-07,
24349.2898153,1.0,0.00207686528735,1.00513210224e-05,2.01584647562e-07,
24538.0439999,1.0,0.00194782208017,9.6155273295e-06,1.9698301439e-07,
24726.7981845,1.0,0.0018189578698,9.21186075386e-06,1.92480851545e-07,
24915.5523691,1.0,0.00169030158801,8.83866162959e-06,1.88074499044e-07,
25104.3065537,1.0,0.00156189233865,8.49406573204e-06,1.83760015635e-07,
25293.0607383,1.0,0.00143378385393,8.17601916117e-06,1.79534465639e-07,
25481.8149229,1.0,0.00130605153099,7.88230729422e-06,1.75394733256e-07,
25670.5691076,1.0,0.00117880394966,7.61059574495e-06,1.71338807039e-07,
25859.3232922,1.0,0.00105220249566,7.35847573592e-06,1.67364925888e-07,
26048.0774768,1.0,0.000926496553352,7.12352194241e-06,1.63470068811e-07,
26236.8316614,1.0,0.000802090371375,6.90334966691e-06,1.59653676294e-07,
26425.585846,1.0,0.000679679227749,6.69568038193e-06,1.55914097909e-07,
26614.3400306,1.0,0.000560550148971,6.49840249898e-06,1.52249915774e-07,
26803.0942153,1.0,0.000447307691845,6.3096405908e-06,1.48660262099e-07,
26991.8483999,1.0,0.00034575373181,6.12781806234e-06,1.45143176079e-07,
27180.6025845,1.0,0.000269408305216,5.95172445737e-06,1.41698045804e-07,
27369.3567691,1.0,0.000243250680263,5.7805875192e-06,1.38324227707e-07,
27558.1109537,1.0,0.00028159917326,5.61414469207e-06,1.35020457332e-07,
27746.8651383,1.0,0.000364617308923,5.45272777702e-06,1.31785645483e-07,
27935.6193229,1.0,0.000469146365272,5.29735001694e-06,1.28618146007e-07,
28124.3735076,1.0,0.000583730237156,5.14979855763e-06,1.25518087271e-07,
28313.1276922,1.0,0.00070346287999,5.01273106792e-06,1.22483417091e-07,
28501.8818768,1.0,0.000826100762471,4.88974852906e-06,1.19513868196e-07,
28690.6360614,1.0,0.000950513642852,4.78543634432e-06,1.16609338285e-07,
28879.390246,1.0,0.00107608074769,4.70532910207e-06,1.13768304102e-07,
29068.1444306,1.0,0.00120243609827,4.65574923948e-06,1.10992263984e-07,
29256.8986152,1.0,0.00132935117748,4.64350250009e-06,1.08281636243e-07,
29445.6527999,1.0,0.00145667647456,4.67540194644e-06,1.05637882155e-07,
29634.4069845,1.0,0.00158431031686,4.75768006429e-06,1.03064702853e-07,
29823.1611691,1.0,0.00171218129957,4.89541853722e-06,1.00565416749e-07,
30011.9153537,1.0,0.0018402379021,5.09210453401e-06,9.81468903159e-08,
30200.6695383,1.0,0.00196844206299,5.3494823243e-06,9.58165890179e-08,
30389.4237229,1.0,0.00209676510953,5.66766050699e-06,9.35857295178e-08,
30578.1779075,1.0,0.00222518505426,6.0454614731e-06,9.14675014153e-08,
30766.9320922,1.0,0.00235368478812,6.48082648433e-06,8.94803838096e-08,
30955.6862768,1.0,0.00248225080441,6.97125204295e-06,8.7644457582e-08,
31144.4404614,1.0,0.00261087233059,7.51407224247e-06,8.59865120199e-08,
31333.194646,1.0,0.00273954066536,8.10671819279e-06,8.45368895501e-08,
31521.9488306,1.0,0.00286824872835,8.74681222214e-06,8.33331795375e-08,
31710.7030152,1.0,0.00299699069745,9.43224220766e-06,8.24129991638e-08,
31899.4571998,1.0,0.00312576175962,1.01611756949e-05,8.18214816724e-08,
32088.2113845,1.0,0.0032545579006,1.09320328577e-05,8.16096239852e-08,
32276.9655691,1.0,0.00338337575306,1.17434843776e-05,8.18252327624e-08,
32465.7197537,1.0,0.0033187989602,1.12968168323e-05,7.79399274972e-08,
32654.4739383,1.0,0.00325422796634,1.08593656633e-05,7.42237750772e-08,
32843.2281229,1.0,0.00318966238659,1.04310779399e-05,7.06700634453e-08,
33031.9823075,1.0,0.00312510185805,1.00119022456e-05,6.72717188098e-08,
33220.7364921,1.0,0.0030605460401,9.60179012146e-06,6.40259831162e-08,
33409.4906768,1.0,0.00299599462428,9.20069955776e-06,6.09258147466e-08,
33598.2448614,1.0,0.00293144731224,8.8085921329e-06,5.79643451478e-08,
33786.999046,1.0,0.00286690383718,8.42542910497e-06,5.51388876337e-08,
33975.7532306,1.0,0.00280236394552,8.05117433011e-06,5.24414051923e-08,
34164.5074152,1.0,0.00273782740066,7.68579622403e-06,4.98706879042e-08,
34353.2615998,1.0,0.00267329398623,7.3292675653e-06,4.7419549264e-08,
34542.0157844,1.0,0.00260876349487,6.98155817814e-06,4.50840617823e-08,
34730.7699691,1.0,0.00254423574197,6.64264474707e-06,4.28582569088e-08,
34919.5241537,1.0,0.00247971055172,6.31250023946e-06,4.0741296269e-08,
35108.2783383,1.0,0.00241518775896,5.99110700815e-06,3.87260462889e-08,
35297.0325229,1.0,0.00235066721061,5.67844552591e-06,3.68087327559e-08,
35485.7867075,1.0,0.00228614877122,5.37449773153e-06,3.49853782163e-08,
35674.5408921,1.0,0.00222163230617,5.07925093401e-06,3.32532118697e-08,
35863.2950767,1.0,0.00215711769299,4.79269018975e-06,3.16091381964e-08,
36052.0492614,1.0,0.00209260482598,4.51480263765e-06,3.00460930561e-08,
36240.803446,1.0,0.00202809359528,4.2455838919e-06,2.85637440154e-08,
36429.5576306,1.0,0.00196358390951,3.98502156101e-06,2.71567000237e-08,
36618.3118152,1.0,0.00189907567462,3.733115601e-06,2.58229267567e-08,
36807.0659998,1.0,0.00183456881589,3.48986234893e-06,2.45577623159e-08,
36995.8201844,1.0,0.00177006326019,3.25525989748e-06,2.33576524318e-08,
37184.574369,1.0,0.0017055589411,3.02931357615e-06,2.2221137921e-08,
37373.3285537,1.0,0.00164105579191,2.81203146123e-06,2.11438651169e-08,
37562.0827383,1.0,0.00157655376194,2.6034223889e-06,2.0122736098e-08,
37750.8369229,1.0,0.00151205280363,2.40350290659e-06,1.91548574244e-08,
37939.5911075,1.0,0.00144755288165,2.21229206251e-06,1.82377199988e-08,
38128.3452921,1.0,0.00138305395662,2.02981446115e-06,1.73693441391e-08,
38317.0994767,1.0,0.00131855600289,1.85610694397e-06,1.65455625725e-08,
38505.8536613,1.0,0.00125405900656,1.69121040449e-06,1.57636820108e-08,
38694.607846,1.0,0.00118956295881,1.53517608107e-06,1.50220694834e-08,
38883.3620306,1.0,0.00112506786019,1.38807027498e-06,1.43190030223e-08,
39072.1162152,1.0,0.00106057372977,1.2499722421e-06,1.36510469018e-08,
39260.8703998,1.0,0.000996080600424,1.120978977e-06,1.30166807798e-08,
39449.6245844,1.0,0.000931588531036,1.0012075844e-06,1.24137367553e-08,
39638.378769,1.0,0.000867097603534,8.90791970488e-07,
39827.1329536,1.0,0.000802607935299,7.89891935076e-07,
40015.8871383,1.0,0.000738119711951,6.986772381e-07,
40204.6413229,1.0,0.000673633183015,6.1731624951e-07,
40393.3955075,1.0,0.000609148732972,5.45934250255e-07,
40582.1496921,1.0,0.000544666932237,4.84569095944e-07,
40770.9038767,1.0,0.000480188669651,4.33065952032e-07,
40959.6580613,1.0,0.000415715405028,3.90986095139e-07,
41148.4122459,1.0,0.000351249681358,3.5750218658e-07,
41337.1664306,1.0,0.000286796345122,3.31377827036e-07,
41525.9206152,1.0,0.000222365888609,3.11050702289e-07,
41714.6747998,1.0,0.000157985926802,2.94837993158e-07,
41903.4289844,1.0,9.37599399306e-05,2.81171424912e-07,
42092.183169,1.0,3.06692798217e-05,2.68835529685e-07,
42280.9373536,1.0,3.75298742717e-05,2.57160342065e-07,
42469.6915382,1.0,0.000100967796199,2.46190514417e-07,
42658.4457229,1.0,0.000165222674736,2.36860785769e-07,
42847.1999075,1.0,0.000229609497428,2.31136155906e-07,
43035.9540921,1.0,0.000294041471758,2.319600265e-07,
43224.7082767,1.0,0.00026180352626,2.18507076548e-07,
43413.4624613,1.0,0.000229568166939,2.06821427192e-07,
43602.2166459,1.0,0.000197336569235,1.96671078243e-07,
43790.9708305,1.0,0.000165110860205,1.87808013156e-07,
43979.7250152,1.0,0.000132895222923,1.79979363247e-07,
44168.4791998,1.0,0.000100699220108,1.72941345678e-07,
44357.2333844,1.0,6.85503497047e-05,1.66475475045e-07,
44545.987569,1.0,3.65728643694e-05,1.60404357607e-07,
44734.7417536,1.0,7.45560045335e-06,1.54603464561e-07,
44923.4959382,1.0,2.92090614263e-05,1.49019329454e-07,
45112.2501229,1.0,6.10762541638e-05,1.43679752083e-07,
45301.0043075,1.0,9.3204024959e-05,1.38712441536e-07,
45489.7584921,1.0,0.000125392194032,1.34357588969e-07,
45678.5126767,1.0,0.000157603717896,1.30986283761e-07,
45867.2668613,1.0,0.000189826683205,1.29089403159e-07,
46056.0210459,1.0,0.000222056083881,1.2924976079e-07,
46244.7752305,1.0,0.000205933877391,1.22310042707e-07,
46433.5294152,1.0,0.000189812006575,1.15903600333e-07,
46622.2835998,1.0,0.000173690545592,1.09997697775e-07,
46811.0377844,1.0,0.000157569577976,1.04562994858e-07,
46999.791969,1.0,0.000141449239391,9.95624079435e-08,
47188.5461536,1.0,0.000125329741902,9.49601603271e-08,
47377.3003382,1.0,0.000109211410822,9.07146796774e-08,
47566.0545228,1.0,9.30948139772e-05,8.67845233325e-08,
47754.8087075,1.0,7.69809918678e-05,8.31266988841e-08,
47943.5628921,1.0,6.08721043555e-05,7.97020231977e-08,
48132.3170767,1.0,4.47733964965e-05,7.64748567019e-08,
48321.0712613,1.0,2.87018979911e-05,7.34119228238e-08,
48509.8254459,1.0,1.27606448325e-05,7.04873261725e-08,
48698.5796305,1.0,4.66447215018e-06,6.7681844726e-08,
48887.3338151,1.0,2.00140982774e-05,6.49899813961e-08,
49076.0879998,1.0,3.60451115323e-05,6.24162028843e-08,
49264.8421844,1.0,5.21326327217e-05,5.9980335633e-08,
49453.596369,1.0,6.82366773018e-05,5.77223317671e-08,
49642.3505536,1.0,8.43477671544e-05,5.5701310883e-08,
49831.1047382,1.0,0.00010046248857,5.39976284051e-08,
50019.8589228,1.0,0.000116579330991,5.27163528783e-08,
50208.6131074,1.0,0.00013269750588,5.19806021076e-08,
50397.3672921,1.0,0.000148816571691,5.19192727626e-08,
50586.1214767,1.0,0.000164936263143,5.26634717616e-08,
50774.8756613,1.0,0.000156875022113,4.98747533079e-08,
50963.6298459,1.0,0.000148813815309,4.7245232823e-08,
51152.3840305,1.0,0.000140752642723,4.47732340842e-08,
51341.1382151,1.0,0.000132691504278,4.24492430581e-08,
51529.8923997,1.0,0.000124630408602,4.0273597722e-08,
51718.6465844,1.0,0.000116569359076,3.82455673133e-08,
51907.400769,1.0,0.00010850834644,3.63510703773e-08,
52096.1549536,1.0,0.000100447390851,3.45906081811e-08,
52284.9091382,1.0,9.23865004697e-05,3.29551442391e-08,
52473.6633228,1.0,8.43256815431e-05,3.14394840635e-08,
52662.4175074,1.0,7.62649512951e-05,3.00286310202e-08,
52851.171692,1.0,6.82043420331e-05,2.87215564202e-08,
53039.9258767,1.0,6.01439001439e-05,2.75049286117e-08,
53228.6800613,1.0,5.20836880479e-05,2.637034364e-08,
53417.4342459,1.0,4.40238293115e-05,2.5309078938e-08,
53606.1884305,1.0,3.59645585444e-05,2.43109569869e-08,
53794.9426151,1.0,2.79063677314e-05,2.3368225724e-08,
53983.6967997,1.0,1.98505691957e-05,2.24732208006e-08,
54172.4509843,1.0,1.1802039581e-05,2.16167477608e-08,
54361.205169,1.0,3.80712429449e-06,2.07965348358e-08,
54549.9593536,1.0,4.43429256236e-06,2.00065576434e-08,
54738.7135382,1.0,1.24416249287e-05,1.92472486617e-08,
54927.4677228,1.0,2.04911523127e-05,1.85212726235e-08,
55116.2219074,1.0,2.85471956195e-05,1.78312955211e-08,
55304.976092,1.0,3.66054531742e-05,1.71884662046e-08,
55493.7302766,1.0,4.46647176949e-05,1.66076328348e-08,
55682.4844613,1.0,5.27245342077e-05,1.6102596526e-08,
55871.2386459,1.0,6.07846709264e-05,1.57008238856e-08,
56059.9928305,1.0,6.88450276986e-05,1.54249268453e-08,
56248.7470151,1.0,7.690552104e-05,1.53101338341e-08,
56437.5011997,1.0,8.49661237661e-05,1.53858005045e-08,
56626.2553843,1.0,8.09355807078e-05,1.46106226642e-08,
56815.0095689,1.0,7.690504907e-05,1.38726530875e-08,
57003.7637536,1.0,7.28745257703e-05,1.31773609142e-08,
57192.5179382,1.0,6.88440016846e-05,1.25240224401e-08,
57381.2721228,1.0,6.48134836108e-05,1.19109850027e-08,
57570.0263074,1.0,6.07829844915e-05,1.13285775376e-08,
57758.780492,1.0,5.67524811782e-05,1.07842039729e-08,
57947.5346766,1.0,5.27219894983e-05,1.02766592966e-08,
58136.2888612,1.0,4.86915126159e-05,9.79911821083e-09,
58325.0430459,1.0,4.46610430893e-05,9.35365870421e-09,
58513.7972305,1.0,4.06305848404e-05,8.93794276214e-09,
58702.5514151,1.0,3.66001510106e-05,8.54656934161e-09,
58891.3055997,1.0,3.25697282918e-05,8.18443693749e-09,
59080.0597843,1.0,2.85393476357e-05,7.84141597718e-09,
59268.8139689,1.0,2.45090114576e-05,7.51733989336e-09,
59457.5681535,1.0,2.04787426944e-05,7.21434287606e-09,
59646.3223382,1.0,1.64485948718e-05,6.92928524306e-09,
59835.0765228,1.0,1.24186929024e-05,6.65637949064e-09,
60023.8307074,1.0,8.38935700724e-06,6.39696394181e-09,
60212.584892,1.0,4.36219519736e-06,6.1470580221e-09,
60401.3390766,1.0,4.07624711515e-07,5.90934721807e-09,
60590.0932612,1.0,3.71395870144e-06,5.67898403124e-09,
60778.8474458,1.0,7.74019764423e-06,5.458164103e-09,
60967.6016305,1.0,1.17693559809e-05,5.24695218371e-09,
61156.3558151,1.0,1.57991935003e-05,5.04701903792e-09,
61345.1099997,1.0,1.98292995e-05,4.86157643627e-09,
61533.8641843,1.0,2.38595343332e-05,4.69166691981e-09,
61722.6183689,1.0,2.78898440578e-05,4.54295319182e-09,
61911.3725535,1.0,3.19202064669e-05,4.4214176663e-09,
62100.1267382,1.0,3.59505927487e-05,4.33496912483e-09,
62288.8809228,1.0,3.99809961507e-05,4.28450636297e-09,
62477.6351074,1.0,4.40114192948e-05,4.2830935734e-09,
62666.389292,1.0,4.80418502563e-05,4.33615840275e-09,
62855.1434766,1.0,4.60265977503e-05,4.11414368959e-09,
63043.8976612,1.0,4.40113482898e-05,3.9048066265e-09,
63232.6518458,1.0,4.19961063066e-05,3.70962930688e-09,
63421.4060305,1.0,3.99808618644e-05,3.52133834286e-09,
63610.1602151,1.0,3.79656194196e-05,3.34382226022e-09,
63798.9143997,1.0,3.59503775297e-05,3.17565649486e-09,
63987.6685843,1.0,3.39351316577e-05,3.01562466861e-09,
64176.4227689,1.0,3.19198945695e-05,2.86849570597e-09,
64365.1769535,1.0,2.99046536722e-05,2.73133192174e-09,
64553.9311381,1.0,2.78894083256e-05,2.59828026969e-09,
64742.6853228,1.0,2.58741731643e-05,2.48008374416e-09,
64931.4395074,1.0,2.38589379123e-05,2.36623389378e-09,
65120.193692,1.0,2.18436957431e-05,2.2550768908e-09,
65308.9478766,1.0,1.9828462664e-05,2.15554116011e-09,
65497.7020612,1.0,1.7813228582e-05,2.06372098793e-09,
65686.4562458,1.0,1.57980029715e-05,1.97757328996e-09,
65875.2104304,1.0,1.37827700755e-05,1.89575193207e-09,
66063.9646151,1.0,1.17675470652e-05,1.81890417784e-09,
66252.7187997,1.0,9.75234624378e-06,1.74874460738e-09,
66441.4729843,1.0,7.73714413839e-06,1.6770201814e-09,
66630.2271689,1.0,5.72198953383e-06,1.61303518332e-09,
66818.9813535,1.0,3.70691345808e-06,1.54938478914e-09,
67007.7355381,1.0,1.69226106693e-06,1.49183713176e-09,
67196.4897227,1.0,3.29633713067e-07,1.43297829387e-09,
67385.2439074,1.0,2.34007735545e-06,1.37946089198e-09,
67573.998092,1.0,4.35496126366e-06,1.32565898582e-09,
67762.7522766,1.0,6.37006921935e-06,1.27578510914e-09,
67951.5064612,1.0,8.3852412597e-06,1.22841332818e-09,
68140.2606458,1.0,1.04004468657e-05,1.18267714128e-09,
68329.0148304,1.0,1.24156529634e-05,1.14397555473e-09,
68517.769015,1.0,1.44308789508e-05,1.11078045304e-09,
68706.5231997,1.0,1.64461068205e-05,1.08284338134e-09,
68895.2773843,1.0,1.84613341739e-05,1.06527640367e-09,
69084.0315689,1.0,2.04765706801e-05,1.05534596452e-09,
69272.7857535,1.0,2.24917949924e-05,1.06261383725e-09,
69461.5399381,1.0,2.14841775826e-05,1.01127059406e-09,
69650.2941227,1.0,2.04765584312e-05,9.56385667339e-10,
69839.0483073,1.0,1.94689366331e-05,9.08505083321e-10,
70027.802492,1.0,1.84613152389e-05,8.69582154123e-10,
70216.5566766,1.0,1.74537022124e-05,8.18001374663e-10,
70405.3108612,1.0,1.64460790858e-05,7.83352839946e-10,
70594.0650458,1.0,1.54384552714e-05,7.45340008077e-10,
70782.8192304,1.0,1.44308405419e-05,7.10250219755e-10,
70971.573415,1.0,1.34232138917e-05,6.76350000561e-10,
71160.3275996,1.0,1.24155980006e-05,6.45900495375e-10,
71349.0817843,1.0,1.14079702747e-05,6.17478567947e-10,
71537.8359689,1.0,1.04003567741e-05,5.89393143639e-10,
71726.5901535,1.0,9.39274647788e-06,5.64932533487e-10,
71915.3443381,1.0,8.38512057245e-06,5.40360619158e-10,
72104.0985227,1.0,7.37749307215e-06,5.19078803537e-10,
72292.8527073,1.0,6.36988176878e-06,4.99883530982e-10,
72481.6068919,1.0,5.36227392313e-06,4.76857272386e-10,
72670.3610766,1.0,4.35465274999e-06,4.56986760974e-10,
72859.1152612,1.0,3.34704378514e-06,4.40870381828e-10,
73047.8694458,1.0,2.33942602003e-06,4.26517463058e-10,
73236.6236304,1.0,1.33185304885e-06,4.08378741821e-10,
73425.377815,1.0,3.24543096661e-07,3.92287382177e-10,
73614.1319996,1.0,6.83668407925e-07,3.75236112847e-10,
73802.8861842,1.0,1.69117298208e-06,3.62481965119e-10,
73991.6403689,1.0,2.69877114174e-06,3.48383344304e-10,
74180.3945535,1.0,3.70637905563e-06,3.35813831384e-10,
74369.1487381,1.0,4.713979613e-06,3.21618608779e-10,
74557.9029227,1.0,5.72159896404e-06,3.0973493249e-10,
74746.6571073,1.0,6.72921405119e-06,2.99381620585e-10,
74935.4112919,1.0,7.73684022527e-06,2.92909487773e-10,
75124.1654765,1.0,8.74444671052e-06,2.82123016298e-10,
75312.9196612,1.0,9.75207145585e-06,2.81171414913e-10,
75501.6738458,1.0,1.07596913384e-05,2.80074387547e-10,
75690.4280304,1.0,1.17673116516e-05,2.82996017048e-10,
75879.182215,1.0,1.12634909292e-05,2.61733347047e-10,
76067.9363996,1.0,1.07596907169e-05,2.51839576189e-10,
76256.6905842,1.0,1.02558810221e-05,2.39709994495e-10,
76445.4447688,1.0,9.7520749503e-06,2.30853831307e-10,
76634.1989535,1.0,9.24826189099e-06,2.18889826526e-10,
76822.9531381,1.0,8.7444472888e-06,2.10834358598e-10,
77011.7073227,1.0,8.24064511283e-06,2.01620203087e-10,
77200.4615073,1.0,7.73682882075e-06,1.87640281265e-10,
77389.2156919,1.0,7.23301805182e-06,1.76467648781e-10,
77577.9698765,1.0,6.72921080238e-06,1.69004809842e-10,
77766.7240611,1.0,6.22540803568e-06,1.67249752214e-10,
77955.4782458,1.0,5.72159373447e-06,1.57509893067e-10,
78144.2324304,1.0,5.21777632953e-06,1.4604953113e-10,
78332.986615,1.0,4.71396655945e-06,1.41347833084e-10,
78521.7407996,1.0,4.21016690366e-06,1.37557474653e-10,
78710.4949842,1.0,3.70634451645e-06,1.30018598502e-10,
78899.2491688,1.0,3.20255501267e-06,1.27352739825e-10,
79088.0033534,1.0,2.69873011987e-06,1.23263828661e-10,
79276.7575381,1.0,2.19492416026e-06,1.1464116921e-10,
79465.5117227,1.0,1.69111548048e-06,1.10295078173e-10,
79654.2659073,1.0,1.18730446998e-06,1.07704680689e-10,
79843.0200919,1.0,6.83501946979e-07,1.02156875412e-10,
80031.7742765,1.0,1.79730961627e-07,1.00462781037e-10,
80220.5284611,1.0,3.24158518244e-07,9.60850594138e-11,
80409.2826458,1.0,8.27944950605e-07,9.09840887919e-11,
80598.0368304,1.0,1.33175497056e-06,8.89388653035e-11,
80786.791015,1.0,1.83556680282e-06,8.46514961559e-11,
80975.5451996,1.0,2.33937283297e-06,8.25590199771e-11,
81164.2993842,1.0,2.84318615554e-06,7.91490938088e-11,
81353.0535688,1.0,3.3469948993e-06,7.48949919912e-11,
81541.8077534,1.0,3.85080217209e-06,7.20517606765e-11,
81730.5619381,1.0,4.35460186399e-06,7.33670077543e-11,
81919.3161227,1.0,4.10270633566e-06,6.80231945513e-11,
82108.0703073,1.0,3.85079929741e-06,6.7597401617e-11,
82296.8244919,1.0,3.5988952439e-06,6.01317196606e-11,
82485.5786765,1.0,3.34699222918e-06,5.84171003568e-11,
82674.3328611,1.0,3.09508673183e-06,5.98402868541e-11,
82863.0870457,1.0,3.22103007711e-06,6.014278048e-11,
83051.8412304,1.0,3.15806453356e-06,5.57113255104e-11,
83240.595415,1.0,3.09507561074e-06,5.33821470268e-11,
83429.3495996,1.0,3.03210819053e-06,4.82535287269e-11,
83618.1037842,1.0,2.96913458324e-06,4.62453296528e-11,
83806.8579688,1.0,2.90615906458e-06,4.45670215378e-11,
83995.6121534,1.0,2.84319404412e-06,4.11966740536e-11,
84184.366338,1.0,2.78020303102e-06,4.14995964074e-11,
84373.1205227,1.0,2.81168893708e-06,4.58629400184e-11,
84561.8747073,1.0,2.79594358997e-06,4.00598482099e-11,
84750.6288919,1.0,2.78021283332e-06,3.85647470058e-11,
84939.3830765,1.0,2.76445383414e-06,3.56526470491e-11,
85128.1372611,1.0,2.74871565192e-06,3.17511597167e-11,
85316.8914457,1.0,2.73297082093e-06,3.73919174982e-11,
85505.6456303,1.0,2.74085154971e-06,3.17647223696e-11,
85694.399815,1.0,2.74871682826e-06,3.33463084974e-11,
85883.1539996,1.0,2.74477755274e-06,3.30727051032e-11,
86071.9081842,1.0,2.74084643997e-06,3.34947710373e-11,
86260.6623688,1.0,2.74280851926e-06,2.83768564082e-11,
86449.4165534,1.0,2.74479062643e-06,2.74627386007e-11,
86638.170738,1.0,2.7467518701e-06,2.99734342828e-11,
86826.9249226,1.0,2.74575406407e-06,3.12990667714e-11,
87015.6791073,1.0,2.7462521467e-06,2.72932507913e-11,
87204.4332919,1.0,2.74673735973e-06,2.36597165372e-11,
87393.1874765,1.0,2.74723837753e-06,2.66669057906e-11,
87581.9416611,1.0,2.74698819111e-06,1.98133303593e-11,
87770.6958457,1.0,2.74673848265e-06,2.44773638605e-11,
87959.4500303,1.0,2.74686331127e-06,1.8388628105e-11,
88148.2042149,1.0,2.74699662666e-06,1.82584900964e-11,
88336.9583996,1.0,2.74711476535e-06,2.79344620404e-11,
88525.7125842,1.0,2.74705142294e-06,1.87159687466e-11,
88714.4667688,1.0,2.74699963158e-06,1.567707017e-11,
88903.2209534,1.0,2.7469339076e-06,1.37211298926e-11,
89091.975138,1.0,2.74687368703e-06,1.6339602133e-11,
89280.7293226,1.0,2.74690444609e-06,1.53458758497e-11,
89469.4835072,1.0,2.74692821749e-06,2.33300719951e-11,
89658.2376919,1.0,2.74691122842e-06,1.62020809208e-11,
89846.9918765,1.0,2.74689145144e-06,2.22972682383e-11,
90035.7460611,1.0,2.74690115253e-06,1.4787540244e-11,
90224.5002457,1.0,2.74691813572e-06,1.17625048924e-11,
90413.2544303,1.0,2.74692436192e-06,1.0730711293e-11,
90602.0086149,1.0,2.74692565253e-06,1.2837249885e-11,
90790.7627995,1.0,2.74692552068e-06,2.58285147297e-11,
90979.5169842,1.0,2.74693512122e-06,1.41773210159e-11,
91168.2711688,1.0,2.74693157874e-06,1.45873533759e-11,
91357.0253534,1.0,2.74693057071e-06,6.71551299215e-12,
91545.779538,1.0,2.74692287271e-06,1.17417962605e-11,
91734.5337226,1.0,2.74693035457e-06,2.10803105124e-11,
91923.2879072,1.0,2.74693195438e-06,1.30343221377e-11,
92112.0420918,1.0,2.74693401725e-06,8.3710204225e-12,
92300.7962765,1.0,2.74692330194e-06,2.25340596556e-11,
92489.5504611,1.0,2.74692446313e-06,1.12494005894e-11,
92678.3046457,1.0,2.74693408202e-06,1.51865224196e-11,
92867.0588303,1.0,2.74693221644e-06,1.84960145599e-11,
93055.8130149,1.0,2.74694116851e-06,7.36822836541e-12,
93244.5671995,1.0,2.74694382573e-06,7.99868268809e-12,
93433.3213841,1.0,2.74692973466e-06,4.57594001256e-12,
93622.0755688,1.0,2.74694174723e-06,1.30557946256e-11,
93810.8297534,1.0,2.7469280402e-06,1.88235859906e-11,
93999.583938,1.0,2.74691940363e-06,1.98605754779e-11,
94188.3381226,1.0,2.74693218155e-06,1.44692886605e-11,
