Coordinates:
0.0,0.714285714286,1.42857142857,2.14285714286,2.85714285714,3.57142857143,4.28571428571,5.0,5.71428571429,6.42857142857,7.14285714286,7.85714285714,8.57142857143,9.28571428571,10.0,
Volumes:
0.357142857143,0.714285714286,0.714285714286,0.714285714286,0.714285714286,0.714285714286,0.714285714286,0.714285714286,0.714285714286,0.714285714286,0.714285714286,0.714285714286,0.714285714286,0.714285714286,0.357142857143,

 Time(s), delta (-) on vertices
1.0,1.0,
2.0,1.0,
3.0,1.0,
4.0,1.0,
5.0,1.0,
6.0,0.9,
7.0,0.95,
8.0,1.0,
9.0,1.05,
10.0,1.1,
11.0,1.15,
12.0,1.2,
13.0,1.25,
14.0,1.3,
15.0,1.35,
16.0,1.4,
17.0,1.45,
18.0,1.5,
19.0,1.55,
20.0,1.6,
21.0,1.65,
22.0,1.7,
23.0,1.75,
24.0,1.8,
25.0,1.85,
26.0,1.9,
27.0,1.95,
28.0,2.0,
29.0,2.05,
30.0,2.025,
31.0,2.0,
32.0,2.0125,
33.0,2.025,
34.0,2.0375,
35.0,2.03125,
36.0,2.025,
37.0,2.01875,
38.0,2.0125,
39.0,2.015625,
40.0,2.01875,
41.0,2.021875,
42.0,2.0203125,
43.0,2.01875,
44.0,2.0171875,
45.0,2.015625,
46.0,2.0140625,
47.0,2.0125,
48.0,2.0109375,
49.0,2.01171875,
50.0,2.0125,
51.0,2.01328125,
52.0,2.0140625,
53.0,2.01484375,
54.0,2.015625,
55.0,2.015234375,
56.0,2.01484375,
57.0,2.014453125,
58.0,2.0140625,
59.0,2.013671875,
60.0,2.01328125,
61.0,2.012890625,
62.0,2.0125,
63.0,2.012109375,
64.0,2.01171875,
65.0,2.011328125,
66.0,2.0115234375,
67.0,2.01171875,
68.0,2.0119140625,
69.0,2.012109375,
70.0,2.0123046875,
71.0,2.0125,
72.0,2.0126953125,
73.0,2.01259765625,
74.0,2.0125,
75.0,2.01240234375,
76.0,2.0123046875,
77.0,2.01220703125,
78.0,2.012109375,
79.0,2.01201171875,
80.0,2.0119140625,
81.0,2.01181640625,
82.0,2.01171875,
83.0,2.01162109375,
84.0,2.0115234375,
85.0,2.01157226563,
86.0,2.01154785156,
87.0,2.0115234375,
88.0,2.01149902344,
89.0,2.01147460938,
90.0,2.01145019531,
91.0,2.01142578125,
92.0,2.01140136719,
93.0,2.01137695313,
94.0,2.01135253906,
95.0,2.011328125,
96.0,2.01130371094,
97.0,2.01127929688,
98.0,2.01125488281,
99.0,2.01123046875,
100.0,2.01120605469,
101.0,2.01118164062,
102.0,2.01115722656,
103.0,2.0111328125,
104.0,2.01110839844,
105.0,2.01108398437,
106.0,2.01105957031,
107.0,2.01103515625,
108.0,2.01101074219,
109.0,2.01098632812,
110.0,2.01096191406,
111.0,2.0109375,
112.0,2.01091308594,
113.0,2.01088867187,
114.0,2.01086425781,
115.0,2.01083984375,
116.0,2.01081542969,
117.0,2.01079101562,
118.0,2.01076660156,
119.0,2.0107421875,
120.0,2.01071777344,
121.0,2.01069335937,
122.0,2.01066894531,
123.0,2.01064453125,
124.0,2.01062011719,
125.0,2.01059570312,
126.0,2.01057128906,
127.0,2.010546875,
128.0,2.01052246094,
129.0,2.01049804687,
130.0,2.01047363281,
131.0,2.01044921875,
132.0,2.01042480469,
133.0,2.01040039062,
134.0,2.01037597656,
135.0,2.0103515625,
136.0,2.01032714844,
137.0,2.01030273437,
138.0,2.01027832031,
139.0,2.01025390625,
140.0,2.01022949219,
141.0,2.01020507812,
142.0,2.01018066406,
143.0,2.01015625,
144.0,2.01013183594,
145.0,2.01010742187,
146.0,2.01008300781,
147.0,2.01005859375,
148.0,2.01003417969,
149.0,2.01000976562,
150.0,2.00998535156,
151.0,2.0099609375,
152.0,2.00993652344,
153.0,2.00991210937,
154.0,2.00988769531,
155.0,2.00986328125,
156.0,2.00983886719,
157.0,2.00981445312,
158.0,2.00979003906,
159.0,2.009765625,
160.0,2.00974121094,
161.0,2.00971679687,
162.0,2.00969238281,
163.0,2.00966796875,
164.0,2.00964355469,
165.0,2.00961914062,
166.0,2.00959472656,
167.0,2.0095703125,
168.0,2.00954589844,
169.0,2.00952148437,
170.0,2.00949707031,
171.0,2.00947265625,
172.0,2.00944824219,
173.0,2.00942382812,
174.0,2.00939941406,
175.0,2.009375,
176.0,2.00935058594,
177.0,2.00932617187,
178.0,2.00930175781,
179.0,2.00927734375,
180.0,2.00925292969,
181.0,2.00922851562,
182.0,2.00920410156,
183.0,2.0091796875,
184.0,2.00915527344,
185.0,2.00913085937,
186.0,2.00910644531,
187.0,2.00908203125,
188.0,2.00905761719,
189.0,2.00903320312,
190.0,2.00900878906,
191.0,2.008984375,
192.0,2.00895996094,
193.0,2.00893554687,
194.0,2.00891113281,
195.0,2.00888671875,
196.0,2.00886230469,
197.0,2.00883789062,
198.0,2.00881347656,
199.0,2.0087890625,
200.0,2.00876464844,
201.0,2.00874023437,
202.0,2.00871582031,
203.0,2.00869140625,
204.0,2.00866699219,
205.0,2.00864257812,
206.0,2.00861816406,
207.0,2.00859375,
208.0,2.00856933594,
209.0,2.00854492187,
210.0,2.00852050781,
211.0,2.00849609375,
212.0,2.00847167969,
213.0,2.00844726562,
214.0,2.00842285156,
215.0,2.0083984375,
216.0,2.00837402344,
217.0,2.00834960937,
218.0,2.00832519531,
219.0,2.00830078125,
220.0,2.00827636719,
221.0,2.00825195312,
222.0,2.00822753906,
223.0,2.008203125,
224.0,2.00817871094,
225.0,2.00815429687,
226.0,2.00812988281,
227.0,2.00810546875,
228.0,2.00808105469,
229.0,2.00805664062,
230.0,2.00803222656,
231.0,2.0080078125,
232.0,2.00798339844,
233.0,2.00795898437,
234.0,2.00793457031,
235.0,2.00791015625,
236.0,2.00788574219,
237.0,2.00786132812,
238.0,2.00783691406,
239.0,2.0078125,
240.0,2.00778808594,
241.0,2.00776367187,
242.0,2.00773925781,
243.0,2.00771484375,
244.0,2.00769042969,
245.0,2.00766601562,
246.0,2.00764160156,
247.0,2.0076171875,
248.0,2.00759277344,
249.0,2.00756835937,
250.0,2.00754394531,
251.0,2.00751953125,
252.0,2.00749511719,
253.0,2.00747070312,
254.0,2.00744628906,
255.0,2.007421875,
256.0,2.00739746094,
257.0,2.00737304687,
258.0,2.00734863281,
259.0,2.00732421875,
260.0,2.00729980469,
261.0,2.00727539062,
262.0,2.00725097656,
263.0,2.0072265625,
264.0,2.00720214844,
265.0,2.00717773437,
266.0,2.00715332031,
267.0,2.00712890625,
268.0,2.00710449219,
269.0,2.00708007812,
270.0,2.00705566406,
271.0,2.00703125,
272.0,2.00700683594,
273.0,2.00698242187,
274.0,2.00695800781,
275.0,2.00693359375,
276.0,2.00690917969,
277.0,2.00688476562,
278.0,2.00686035156,
279.0,2.0068359375,
280.0,2.00681152344,
281.0,2.00678710937,
282.0,2.00676269531,
283.0,2.00673828125,
284.0,2.00671386719,
285.0,2.00668945312,
286.0,2.00666503906,
287.0,2.006640625,
288.0,2.00661621094,
289.0,2.00659179687,
290.0,2.00656738281,
291.0,2.00654296875,
292.0,2.00651855469,
293.0,2.00649414062,
294.0,2.00646972656,
295.0,2.0064453125,
296.0,2.00642089844,
297.0,2.00639648437,
298.0,2.00637207031,
299.0,2.00634765625,
300.0,2.00632324219,
301.0,2.00629882812,
302.0,2.00627441406,
303.0,2.00625,
304.0,2.00622558594,
305.0,2.00620117187,
306.0,2.00617675781,
307.0,2.00615234375,
308.0,2.00612792969,
309.0,2.00610351562,
310.0,2.00607910156,
311.0,2.0060546875,
312.0,2.00603027344,
313.0,2.00600585937,
314.0,2.00598144531,
315.0,2.00595703125,
316.0,2.00593261719,
317.0,2.00590820312,
318.0,2.00588378906,
319.0,2.005859375,
320.0,2.00583496094,
321.0,2.00581054687,
322.0,2.00578613281,
323.0,2.00576171875,
324.0,2.00573730469,
325.0,2.00571289062,
326.0,2.00568847656,
327.0,2.00570068359,
328.0,2.00569458008,
329.0,2.00568847656,
330.0,2.00569152832,
331.0,2.00569000244,
332.0,2.00569076538,
333.0,2.00569152832,
334.0,2.00569229126,
335.0,2.0056930542,
336.0,2.00569381714,
337.0,2.00569458008,
338.0,2.00569534302,
339.0,2.00569496155,
340.0,2.00569458008,
341.0,2.00569477081,
342.0,2.00569496155,
343.0,2.00569486618,
344.0,2.00569477081,
345.0,2.0056948185,
346.0,2.00569486618,
347.0,2.00569484234,
348.0,2.0056948185,
349.0,2.00569479465,
350.0,2.00569480658,
351.0,2.0056948185,
352.0,2.00569483042,
353.0,2.00569482446,
354.0,2.0056948185,
355.0,2.00569481254,
356.0,2.00569481552,
357.0,2.0056948185,
358.0,2.00569482148,
359.0,2.00569482446,
360.0,2.00569482297,
361.0,2.00569482148,
362.0,2.00569481999,
363.0,2.0056948185,
364.0,2.00569481924,
365.0,2.00569481999,
366.0,2.00569482073,
367.0,2.00569482148,
368.0,2.0056948211,
369.0,2.00569482073,
370.0,2.00569482036,
371.0,2.00569481999,
372.0,2.00569482017,
373.0,2.00569482036,
374.0,2.00569482055,
375.0,2.00569482045,
376.0,2.00569482036,
377.0,2.00569482041,
378.0,2.00569482045,
379.0,2.00569482043,
380.0,2.00569482041,
381.0,2.00569482042,
382.0,2.00569482043,
383.0,2.00569482044,
384.0,2.00569482043,
385.0,2.00569482043,
386.0,1.90569482043,
387.0,1.95569482043,
388.0,2.00569482043,
389.0,2.05569482043,
390.0,2.03069482043,
391.0,2.00569482043,
392.0,1.98069482043,
393.0,1.99319482043,
394.0,2.00569482043,
395.0,2.01819482043,
396.0,2.01194482043,
397.0,2.00569482043,
398.0,1.99944482043,
399.0,2.00256982043,
400.0,2.00100732043,
401.0,2.00178857043,
402.0,2.00256982043,
403.0,2.00335107043,
404.0,2.00413232043,
405.0,2.00491357043,
406.0,2.00569482043,
407.0,2.00647607043,
408.0,2.00608544543,
409.0,2.00569482043,
410.0,2.00530419543,
411.0,2.00549950793,
412.0,2.00569482043,
413.0,2.00589013293,
414.0,2.00579247668,
415.0,2.00569482043,
416.0,2.00559716418,
417.0,2.0056459923,
418.0,2.00569482043,
419.0,2.00574364855,
420.0,2.00571923449,
421.0,2.00569482043,
422.0,2.00567040637,
423.0,2.0056826134,
424.0,2.00567650988,
425.0,2.00567956164,
426.0,2.0056826134,
427.0,2.00568108752,
428.0,2.00568185046,
429.0,2.0056826134,
430.0,2.00568337634,
431.0,2.00568299487,
432.0,2.0056831856,
433.0,2.00568337634,
434.0,2.00568328097,
435.0,2.0056831856,
436.0,2.00568323329,
437.0,1.90568323329,
438.0,1.95568323329,
439.0,2.00568323329,
440.0,2.05568323329,
441.0,2.03068323329,
442.0,2.00568323329,
443.0,1.98068323329,
444.0,1.99318323329,
445.0,2.00568323329,
446.0,2.01818323329,
447.0,2.01193323329,
448.0,2.00568323329,
449.0,1.99943323329,
450.0,2.00255823329,
451.0,2.00099573329,
452.0,2.00177698329,
453.0,2.00255823329,
454.0,2.00333948329,
455.0,2.00412073329,
456.0,2.00490198329,
457.0,2.00568323329,
458.0,2.00646448329,
459.0,2.00607385829,
460.0,2.00568323329,
461.0,2.00529260829,
462.0,2.00548792079,
463.0,2.00568323329,
464.0,2.00587854579,
465.0,2.00578088954,
466.0,2.00568323329,
467.0,2.00558557704,
468.0,2.00563440516,
469.0,2.00568323329,
470.0,2.00565881922,
471.0,2.00567102625,
472.0,2.00566492274,
473.0,2.00565881922,
474.0,2.00566187098,
475.0,2.00566492274,
476.0,2.00566339686,
477.0,2.00566187098,
478.0,2.00566263392,
479.0,2.00566225245,
480.0,2.00566244319,
481.0,2.00566263392,
482.0,1.90566263392,
483.0,1.95566263392,
484.0,2.00566263392,
485.0,2.05566263392,
486.0,2.03066263392,
487.0,2.00566263392,
488.0,1.98066263392,
489.0,1.99316263392,
490.0,2.00566263392,
491.0,2.01816263392,
492.0,2.01191263392,
493.0,2.00566263392,
494.0,1.99941263392,
495.0,2.00253763392,
496.0,2.00097513392,
497.0,2.00175638392,
498.0,2.00253763392,
499.0,2.00331888392,
500.0,2.00410013392,
501.0,2.00488138392,
502.0,2.00566263392,
503.0,2.00644388392,
504.0,2.00605325892,
505.0,2.00566263392,
506.0,2.00527200892,
507.0,2.00546732142,
508.0,2.00566263392,
509.0,2.00585794642,
510.0,2.00576029017,
511.0,2.00566263392,
512.0,2.00571146205,
513.0,2.00576029017,
514.0,2.00573587611,
515.0,2.00571146205,
516.0,2.00572366908,
517.0,2.00571756556,
518.0,2.00571146205,
519.0,2.00570535853,
520.0,2.00569925501,
521.0,2.00570230677,
522.0,2.00570535853,
523.0,2.00570841029,
524.0,2.00570688441,
525.0,2.00570764735,
526.0,2.00570841029,
527.0,2.00570917323,
528.0,2.00570993617,
529.0,2.0057095547,
530.0,2.00570917323,
531.0,2.00570936396,
532.0,2.0057092686,
533.0,2.00570917323,
534.0,1.90570917323,
535.0,1.95570917323,
536.0,2.00570917323,
537.0,2.05570917323,
538.0,2.03070917323,
539.0,2.00570917323,
540.0,1.98070917323,
541.0,1.99320917323,
542.0,2.00570917323,
543.0,2.01820917323,
544.0,2.01195917323,
545.0,2.00570917323,
546.0,1.99945917323,
547.0,2.00258417323,
548.0,2.00102167323,
549.0,2.00180292323,
550.0,2.00258417323,
551.0,2.00336542323,
552.0,2.00414667323,
553.0,2.00492792323,
554.0,2.00570917323,
555.0,2.00649042323,
556.0,2.00609979823,
557.0,2.00570917323,
558.0,2.00531854823,
559.0,2.00551386073,
560.0,2.00570917323,
561.0,2.00590448573,
562.0,2.00580682948,
563.0,2.00570917323,
564.0,2.00561151698,
565.0,2.0056603451,
566.0,2.00570917323,
567.0,2.00568475917,
568.0,2.0056969662,
569.0,2.00570917323,
570.0,2.00572138026,
571.0,2.00571527674,
572.0,2.00570917323,
573.0,2.00571222499,
574.0,2.00571527674,
575.0,2.00571375086,
576.0,2.0057145138,
577.0,2.00571413233,
578.0,2.00571375086,
579.0,1.90571375086,
580.0,1.95571375086,
581.0,2.00571375086,
582.0,2.05571375086,
583.0,2.03071375086,
584.0,2.00571375086,
585.0,1.98071375086,
586.0,1.99321375086,
587.0,2.00571375086,
588.0,2.01821375086,
589.0,2.01196375086,
590.0,2.00571375086,
591.0,1.99946375086,
592.0,2.00258875086,
593.0,2.00102625086,
594.0,2.00180750086,
595.0,2.00258875086,
596.0,2.00337000086,
597.0,2.00415125086,
598.0,2.00493250086,
599.0,2.00571375086,
600.0,2.00649500086,
601.0,2.00610437586,
602.0,2.00571375086,
603.0,2.00532312586,
604.0,2.00551843836,
605.0,2.00571375086,
606.0,2.00590906336,
607.0,2.00581140711,
608.0,2.00586023524,
609.0,2.00590906336,
610.0,2.0058846493,
611.0,2.00586023524,
612.0,2.00587244227,
613.0,2.0058846493,
614.0,2.00587854579,
615.0,2.00587244227,
616.0,2.00586633875,
617.0,2.00586023524,
618.0,2.00585413172,
619.0,2.00585718348,
620.0,2.00586023524,
621.0,2.00585870936,
622.0,2.0058594723,
623.0,2.00586023524,
624.0,2.00585985377,
625.0,2.0058594723,
626.0,1.9058594723,
627.0,1.9558594723,
628.0,2.0058594723,
629.0,2.0558594723,
630.0,2.0308594723,
631.0,2.0058594723,
632.0,1.9808594723,
633.0,1.9933594723,
634.0,2.0058594723,
635.0,2.0183594723,
636.0,2.0121094723,
637.0,2.0058594723,
638.0,1.9996094723,
639.0,2.0027344723,
640.0,2.0011719723,
641.0,2.0019532223,
642.0,2.0027344723,
643.0,2.0035157223,
644.0,2.0042969723,
645.0,2.0050782223,
646.0,2.0058594723,
647.0,2.0066407223,
648.0,2.0062500973,
649.0,2.0058594723,
650.0,2.0054688473,
651.0,2.0056641598,
652.0,2.0058594723,
653.0,2.00576181605,
654.0,2.0056641598,
655.0,2.00571298792,
656.0,2.00568857386,
657.0,2.0056641598,
658.0,2.00567636683,
659.0,2.00567026332,
660.0,2.0056641598,
661.0,2.00565805628,
662.0,2.00566110804,
663.0,2.0056641598,
664.0,2.00566263392,
665.0,2.00566339686,
666.0,2.0056641598,
667.0,2.00566492274,
668.0,2.00566454127,
669.0,1.90566454127,
670.0,1.95566454127,
671.0,2.00566454127,
672.0,2.05566454127,
673.0,2.03066454127,
674.0,2.00566454127,
675.0,1.98066454127,
676.0,1.99316454127,
677.0,2.00566454127,
678.0,2.01816454127,
679.0,2.01191454127,
680.0,2.00566454127,
681.0,1.99941454127,
682.0,2.00253954127,
683.0,2.00566454127,
684.0,2.00878954127,
685.0,2.00722704127,
686.0,2.00566454127,
687.0,2.00410204127,
688.0,2.00488329127,
689.0,2.00566454127,
690.0,2.00644579127,
691.0,2.00605516627,
692.0,2.00566454127,
693.0,2.00527391627,
694.0,2.00546922877,
695.0,2.00566454127,
696.0,2.00585985377,
697.0,2.00576219752,
698.0,2.00566454127,
699.0,2.00556688502,
700.0,2.00561571314,
701.0,2.00566454127,
702.0,2.00571336939,
703.0,2.00576219752,
704.0,2.00573778346,
705.0,2.00571336939,
706.0,2.00568895533,
707.0,2.00570116236,
708.0,2.00569505885,
709.0,2.00568895533,
710.0,2.00569200709,
711.0,2.00569505885,
712.0,2.00569811061,
713.0,2.00569658473,
714.0,2.00569505885,
715.0,2.00569353297,
716.0,2.00569429591,
717.0,2.00569505885,
718.0,2.00569582179,
719.0,2.00569544032,
720.0,2.00569505885,
721.0,2.00569467738,
722.0,2.00569429591,
723.0,2.00569448664,
724.0,2.00569467738,
725.0,2.00569486811,
726.0,2.00569505885,
727.0,2.00569496348,
728.0,2.00569486811,
729.0,2.00569477275,
730.0,2.00569467738,
731.0,2.00569472506,
732.0,2.00569477275,
733.0,2.00569482043,
734.0,2.00569486811,
735.0,2.00569484427,
736.0,2.00569482043,
737.0,2.00569483235,
738.0,2.00569484427,
739.0,2.00569483831,
740.0,2.00569483235,
741.0,2.00569483533,
742.0,2.00569483384,
743.0,2.00569483235,
744.0,2.0056948331,
745.0,2.00569483384,
746.0,2.00569483347,
747.0,2.00569483365,
748.0,2.00569483356,
749.0,2.00569483347,
750.0,2.00569483351,
751.0,2.00569483356,
752.0,2.00569483361,
753.0,1.90569483361,
754.0,1.95569483361,
755.0,2.00569483361,
756.0,2.05569483361,
757.0,2.03069483361,
758.0,2.00569483361,
759.0,1.98069483361,
760.0,1.99319483361,
761.0,2.00569483361,
762.0,2.01819483361,
763.0,2.01194483361,
764.0,2.00569483361,
765.0,1.99944483361,
766.0,2.00256983361,
767.0,2.00569483361,
768.0,2.00881983361,
769.0,2.00725733361,
770.0,2.00569483361,
771.0,2.00413233361,
772.0,2.00491358361,
773.0,2.00569483361,
774.0,2.00647608361,
775.0,2.00608545861,
776.0,2.00569483361,
777.0,2.00530420861,
778.0,2.00549952111,
779.0,2.00540186486,
780.0,2.00545069298,
781.0,2.00549952111,
782.0,2.00547510704,
783.0,2.00548731408,
784.0,2.00549952111,
785.0,2.00551172814,
786.0,2.00550562462,
787.0,2.00549952111,
788.0,2.00549341759,
789.0,2.00549646935,
790.0,2.00549494347,
791.0,2.00549341759,
792.0,2.00549418053,
793.0,2.00549379906,
794.0,2.0054939898,
795.0,2.00549418053,
796.0,2.00549408516,
797.0,2.0054939898,
798.0,2.00549403748,
799.0,2.00549408516,
800.0,1.90549408516,
801.0,1.95549408516,
802.0,2.00549408516,
803.0,2.05549408516,
804.0,2.03049408516,
805.0,2.00549408516,
806.0,1.98049408516,
807.0,1.99299408516,
808.0,2.00549408516,
809.0,2.01799408516,
810.0,2.01174408516,
811.0,2.01486908516,
812.0,2.01799408516,
813.0,2.01643158516,
814.0,2.01486908516,
815.0,2.01565033516,
816.0,2.01643158516,
817.0,2.01604096016,
818.0,2.01565033516,
819.0,2.01584564766,
820.0,2.01604096016,
821.0,2.01594330391,
822.0,2.01584564766,
823.0,2.01589447579,
824.0,2.01594330391,
825.0,2.01591888985,
826.0,2.01593109688,
827.0,2.01594330391,
828.0,2.0159372004,
829.0,2.01593109688,
830.0,2.01593414864,
831.0,2.0159372004,
832.0,2.01594025216,
833.0,2.01593872628,
834.0,2.01593948922,
835.0,2.01594025216,
836.0,2.01593987069,
837.0,2.01594006142,
838.0,2.01593996605,
839.0,2.01593987069,
840.0,1.91593987069,
841.0,1.96593987069,
842.0,2.01593987069,
843.0,2.06593987069,
844.0,2.04093987069,
845.0,2.01593987069,
846.0,1.99093987069,
847.0,2.00343987069,
848.0,2.01593987069,
849.0,2.00968987069,
850.0,2.00343987069,
851.0,1.99718987069,
852.0,2.00031487069,
853.0,1.99875237069,
854.0,1.99718987069,
855.0,1.99797112069,
856.0,1.99875237069,
857.0,1.99836174569,
858.0,1.99855705819,
859.0,1.99875237069,
860.0,1.99865471444,
861.0,1.99855705819,
862.0,1.99860588631,
863.0,1.99858147225,
864.0,1.99855705819,
865.0,1.99856926522,
866.0,1.9985631617,
867.0,1.99855705819,
868.0,1.99856010994,
869.0,1.9985631617,
870.0,1.99856621346,
871.0,1.99856468758,
872.0,1.99856545052,
873.0,1.99856621346,
874.0,1.9985669764,
875.0,1.99856659493,
876.0,1.99856621346,
877.0,1.99856583199,
878.0,1.89856583199,
879.0,1.94856583199,
880.0,1.99856583199,
881.0,2.04856583199,
882.0,2.02356583199,
883.0,1.99856583199,
884.0,1.97356583199,
885.0,1.98606583199,
886.0,1.99856583199,
887.0,2.01106583199,
888.0,2.02356583199,
889.0,2.01731583199,
890.0,2.01106583199,
891.0,2.00481583199,
892.0,1.99856583199,
893.0,2.00169083199,
894.0,2.00481583199,
895.0,2.00794083199,
896.0,2.00637833199,
897.0,2.00481583199,
898.0,2.00559708199,
899.0,2.00637833199,
900.0,2.00715958199,
901.0,2.00676895699,
902.0,2.00637833199,
903.0,2.00598770699,
904.0,2.00618301949,
905.0,2.00637833199,
906.0,2.00628067574,
907.0,2.00618301949,
908.0,2.00608536324,
909.0,2.00613419136,
910.0,2.0061097773,
911.0,2.00608536324,
912.0,2.00606094918,
913.0,2.00607315621,
914.0,2.00606705269,
915.0,2.00607010445,
916.0,2.00607315621,
917.0,2.00607620797,
918.0,2.00607468209,
919.0,2.00607544503,
920.0,2.00607620797,
921.0,2.0060758265,
922.0,2.00607601723,
923.0,2.00607592186,
924.0,2.0060758265,
925.0,2.00607573113,
926.0,1.90607573113,
927.0,1.95607573113,
928.0,2.00607573113,
929.0,2.05607573113,
930.0,2.03107573113,
931.0,2.00607573113,
932.0,1.98107573113,
933.0,1.99357573113,
934.0,2.00607573113,
935.0,2.01857573113,
936.0,2.01232573113,
937.0,2.01545073113,
938.0,2.01857573113,
939.0,2.02170073113,
940.0,2.02013823113,
941.0,2.01857573113,
942.0,2.01935698113,
943.0,2.01896635613,
944.0,2.01857573113,
945.0,2.01818510613,
946.0,2.01838041863,
947.0,2.01828276238,
948.0,2.0183315905,
949.0,2.01838041863,
950.0,2.01842924675,
951.0,2.01840483269,
952.0,2.01841703972,
953.0,2.01842924675,
954.0,2.01842314324,
955.0,2.01841703972,
956.0,2.01842009148,
957.0,2.01842314324,
958.0,2.01842161736,
959.0,2.01842009148,
960.0,2.0184185656,
961.0,2.01841932854,
962.0,2.01841894707,
963.0,2.0184185656,
964.0,2.01841875634,
965.0,2.01841894707,
966.0,1.91841894707,
967.0,1.96841894707,
968.0,2.01841894707,
969.0,2.06841894707,
970.0,2.04341894707,
971.0,2.01841894707,
972.0,1.99341894707,
973.0,2.00591894707,
974.0,2.01841894707,
975.0,2.01216894707,
976.0,2.01529394707,
977.0,2.01841894707,
978.0,2.02154394707,
979.0,2.02466894707,
980.0,2.02310644707,
981.0,2.02154394707,
982.0,2.02232519707,
983.0,2.02193457207,
984.0,2.02154394707,
985.0,2.02115332207,
986.0,1.92115332207,
987.0,1.97115332207,
988.0,2.02115332207,
989.0,2.07115332207,
990.0,2.04615332207,
991.0,2.02115332207,
992.0,1.99615332207,
993.0,2.00865332207,
994.0,2.02115332207,
995.0,2.01490332207,
996.0,2.00865332207,
997.0,2.00240332207,
998.0,2.00552832207,
999.0,2.00865332207,
