Coordinates:
0.0,0.714285714286,1.42857142857,2.14285714286,2.85714285714,3.57142857143,4.28571428571,5.0,5.71428571429,6.42857142857,7.14285714286,7.85714285714,8.57142857143,9.28571428571,10.0,
Volumes:
0.357142857143,0.714285714286,0.714285714286,0.714285714286,0.714285714286,0.714285714286,0.714285714286,0.714285714286,0.714285714286,0.714285714286,0.714285714286,0.714285714286,0.714285714286,0.714285714286,0.357142857143,

 Time(s), Error (-) on vertices
1.0,0.0,76985.770494,19412.8327488,4904.758522,1240.83850337,314.208524897,79.6202822771,20.1866893521,5.12029865498,1.29921304088,0.32975766771,0.0837180817259,0.0212587624371,0.00539931340892,0.00137154691348,0.00034845433752,8.85393870755e-05,2.24999533155e-05,5.71843903842e-06,1.45335113999e-06,3.69392432371e-07,
2.0,1.0,0.207731854325,0.0447018413299,0.00988924221501,0.00223501085344,0.000513543206837,0.000119536200602,2.81126936233e-05,6.66711624565e-06,1.59209506725e-06,3.82391957199e-07,
3.0,1.0,0.223195781797,0.0507487846738,0.0117095788823,0.00273373327969,0.000644323421309,0.000153055724399,3.65955441278e-05,8.79832918927e-06,2.1252941605e-06,5.15475770021e-07,
4.0,1.0,0.231556519483,0.0542000919506,0.012799498225,0.00304499439162,0.000728907952833,0.00017540834877,4.24032388423e-05,1.02910802088e-05,2.5062603722e-06,6.12241178515e-07,
5.0,1.0,0.236569980299,0.0563573183407,0.0135054890897,0.00325289765577,0.000786924232399,0.000191097920122,4.65630447134e-05,1.1379565116e-05,2.78851533365e-06,6.84967576675e-07,
6.0,1.0,0.239885946161,0.0578265334097,0.0139987408923,0.00340143818593,0.000829202013808,0.000202734036589,4.9697179211e-05,1.22114340135e-05,3.00704275869e-06,7.4194639838e-07,
7.0,1.0,0.279714524728,0.078542554612,0.0221293951318,0.00625379158319,0.00177210563422,0.000503377523957,0.000143304573332,4.08796529134e-05,1.16833207296e-05,3.3448625475e-06,9.59162476528e-07,
8.0,1.0,0.262413669545,0.0690609178725,0.018222604241,0.00481963200939,0.00127747504247,0.000339273128008,9.02691907137e-05,2.4058380252e-05,6.42216061635e-06,1.71688492531e-06,4.59630266895e-07,
9.0,1.0,0.245388057069,0.0603507633889,0.0148732428593,0.00367241486155,0.000908365180271,0.000225050290146,5.58423184238e-05,1.38762463654e-05,3.45278633511e-06,8.60249878771e-07,
10.0,1.0,0.228793728772,0.0524398128777,0.012039184124,0.00276824711388,0.00063744582142,0.000146985957238,3.39367305806e-05,7.84506252508e-06,1.81563405627e-06,4.20669465471e-07,
11.0,1.0,0.21270465434,0.0453079217923,0.0096639709567,0.00206390393534,0.000441313307036,9.44718020463e-05,2.02456227948e-05,4.34321928024e-06,9.32660166752e-07,
12.0,1.0,0.197149579032,0.0389126368832,0.00768883034759,0.00152083678391,0.000301118366361,5.96767523817e-05,1.18377330855e-05,2.35023009919e-06,4.669976442e-07,
13.0,1.0,0.182131844637,0.0332023911812,0.00605806482076,0.00110627736555,0.000202183166754,3.69796501795e-05,6.76868021802e-06,1.23981118865e-06,2.27250418117e-07,
14.0,1.0,0.167640899655,0.0281234834358,0.00472123981566,0.000793103629211,0.000133315368458,2.24231535172e-05,3.77371759723e-06,6.35460635691e-07,
15.0,1.0,0.153659264695,0.0236236851318,0.00363378400075,0.000559223919111,8.61033980702e-05,1.3263424253e-05,2.04401863063e-06,3.15138174401e-07,
16.0,1.0,0.140166735656,0.0196539352949,0.00275682364394,0.000386828720605,5.42967868559e-05,7.62378638577e-06,1.07078943464e-06,1.50442071496e-07,
17.0,1.0,0.1271427898,0.0161689508565,0.00205668516059,0.000261665932205,3.32979501292e-05,4.23815014177e-06,5.39537057709e-07,
18.0,1.0,0.11456780412,0.013127253195,0.00150429444381,0.000172400530554,1.97601459199e-05,2.26509590193e-06,2.59673228931e-07,
19.0,1.0,0.102423516535,0.0104909179242,0.00107458618219,0.000110073507151,1.12755559288e-05,1.15506557468e-06,1.18328227119e-07,
20.0,1.0,0.0906930467203,0.00822522938015,0.000745971231522,6.76544195085e-05,6.13578753785e-06,5.5647380377e-07,
21.0,1.0,0.0793607044929,0.00629833712143,0.000499874970963,3.96745685021e-05,3.149043016e-06,2.49954441304e-07,
22.0,1.0,0.068411740259,0.0046809573567,0.00032034275931,2.19267442202e-05,1.50111941192e-06,1.02787956541e-07,
23.0,1.0,0.0578321372524,0.0033461300661,0.000193702390717,1.12191657623e-05,6.50181906568e-07,
24.0,1.0,0.0476085183379,0.0022690266867,0.000108272848086,5.17348410457e-06,2.47566867836e-07,
25.0,1.0,0.0377282700542,0.00142679893042,5.41103807032e-05,2.05889648849e-06,7.86421300299e-08,
26.0,1.0,0.0281802020833,0.000798466036179,2.2785320627e-05,6.56099216279e-07,
27.0,1.0,0.0189572521886,0.000364874975584,7.18518980939e-06,1.46020613709e-07,
28.0,1.0,0.0100731285138,0.000109027542768,1.33687952259e-06,1.88422681393e-08,
29.0,1.0,0.00203970402975,1.56739192558e-05,1.37325288772e-07,
30.0,1.0,0.00725257719033,5.35555688857e-05,3.95652617367e-07,
31.0,1.0,0.00330466708781,1.11507012749e-05,4.02013690307e-08,
32.0,1.0,0.00168467272901,1.20356980714e-05,1.04216377461e-07,
33.0,1.0,0.0015061835643,6.77370557907e-06,4.52495275303e-08,
34.0,1.0,0.00328016238331,1.08934412029e-05,3.73378675848e-08,
35.0,1.0,0.00529612472617,2.8153764458e-05,1.49851948608e-07,
36.0,1.0,0.00428177570721,1.83382319113e-05,7.85896359302e-08,
37.0,1.0,0.00326561297019,1.07428059227e-05,3.59404795719e-08,
38.0,1.0,0.00225538766391,5.73888220661e-06,2.09568387506e-08,
39.0,1.0,0.00128189858302,4.09370253348e-06,2.61086158385e-08,
40.0,1.0,0.00173968601423,4.14191457455e-06,1.96572584707e-08,
41.0,1.0,0.00223199596853,5.37957566656e-06,1.73632109565e-08,
42.0,1.0,0.00273874145496,7.62002428826e-06,2.23527988321e-08,
43.0,1.0,0.00247869340008,6.31549032649e-06,1.79833440084e-08,
44.0,1.0,0.00221823448222,5.1587049698e-06,1.49090152096e-08,
45.0,1.0,0.00195750988603,4.15612701928e-06,1.30036629224e-08,
46.0,1.0,0.0016966956365,3.31645192317e-06,1.20274179299e-08,
47.0,1.0,0.00143604210967,2.65013858514e-06,1.1663828016e-08,
48.0,1.0,0.00117597122281,2.1652140294e-06,1.1623899402e-08,
49.0,1.0,0.000917333205539,1.85585195192e-06,1.17103824668e-08,
50.0,1.0,0.00103946644668,1.80876538166e-06,1.01898783109e-08,
51.0,1.0,0.00116456720154,1.85781233478e-06,8.90941485233e-09,
52.0,1.0,0.00129159097012,2.00325695946e-06,7.88241094531e-09,
53.0,1.0,0.00141988299175,2.2358394494e-06,7.14596133057e-09,
54.0,1.0,0.00154902145916,2.54240300473e-06,6.75929013967e-09,
55.0,1.0,0.00167872800618,2.91082670582e-06,6.78164881342e-09,
56.0,1.0,0.00161259320411,2.6887358837e-06,6.20420876282e-09,
57.0,1.0,0.00154649677245,2.47587034426e-06,5.67213465794e-09,
58.0,1.0,0.00148043257159,2.27219552891e-06,5.18365157168e-09,
59.0,1.0,0.00141439511851,2.07768134092e-06,4.73691915646e-09,
60.0,1.0,0.0013483795229,1.89230273777e-06,4.32956892874e-09,
61.0,1.0,0.00128238144282,1.71604220624e-06,3.95937623985e-09,
62.0,1.0,0.00121639703324,1.54888724675e-06,3.6240455121e-09,
63.0,1.0,0.00115042289805,1.39083399814e-06,3.32109544154e-09,
64.0,1.0,0.0010844560557,1.24188917379e-06,3.04874642436e-09,
65.0,1.0,0.00101849390075,1.10206485089e-06,2.8036782034e-09,
66.0,1.0,0.000952534178863,9.71387836905e-07,
67.0,1.0,0.000985174832672,1.01997838157e-06,2.39394198581e-09,
68.0,1.0,0.00101786751674,1.07412872829e-06,2.24136016325e-09,
69.0,1.0,0.00105060048928,1.13309843092e-06,2.12697594363e-09,
70.0,1.0,0.00108336450903,1.19628810591e-06,2.04865373872e-09,
71.0,1.0,0.00111615229338,1.2632300302e-06,2.00727953415e-09,
72.0,1.0,0.00114895809441,1.33355813385e-06,1.99976259315e-09,
73.0,1.0,0.00118177736436,1.40698670138e-06,2.0265307545e-09,
74.0,1.0,0.00116529039393,1.3669155971e-06,1.91587044886e-09,
75.0,1.0,0.00114880877961,1.32758450689e-06,1.81266211799e-09,
76.0,1.0,0.00113233155311,1.28896547477e-06,1.71506383329e-09,
77.0,1.0,0.00111585789584,1.25103576519e-06,1.62318165425e-09,
78.0,1.0,0.00109938710762,1.21377395333e-06,1.53667842415e-09,
79.0,1.0,0.00108291859781,1.17716440448e-06,1.45490133184e-09,
80.0,1.0,0.00106645186253,1.14118850247e-06,1.37824446983e-09,
81.0,1.0,0.0010499864786,1.10583614715e-06,1.30359234231e-09,
82.0,1.0,0.00103352208264,1.07109592694e-06,1.23420683766e-09,
83.0,1.0,0.00101705836804,1.03695621435e-06,1.16853194273e-09,
84.0,1.0,0.0010005950708,1.00340856927e-06,1.10429805166e-09,
85.0,1.0,0.000984131973227,9.70449949818e-07,
86.0,1.0,0.000992352835773,9.86342419374e-07,
87.0,1.0,0.00098823331421,9.77936438825e-07,
88.0,1.0,0.000984114612976,9.69603516481e-07,
89.0,1.0,0.0009799965921,9.61339217423e-07,
90.0,1.0,0.000975879130663,9.5313782412e-07,
91.0,1.0,0.000971762127321,9.44993861136e-07,
92.0,1.0,0.000967645496548,9.36903772256e-07,
93.0,1.0,0.000963529170501,9.28867696658e-07,
94.0,1.0,0.000959413085089,9.20875871738e-07,
95.0,1.0,0.000955297194675,9.12931681737e-07,
96.0,1.0,0.000951181453319,9.05031947649e-07,
97.0,1.0,0.000947065829978,8.97176053446e-07,
98.0,1.0,0.000942950292839,8.89359066991e-07,
99.0,1.0,0.00093883481697,8.81582468489e-07,
100.0,1.0,0.000934719382033,8.73845750737e-07,
101.0,1.0,0.000930603972233,8.66145360865e-07,
102.0,1.0,0.000926488571927,8.58484200657e-07,
103.0,1.0,0.000922373169146,8.50860818905e-07,
104.0,1.0,0.000918257752457,8.43272147051e-07,
105.0,1.0,0.000914142314074,8.35717912255e-07,
106.0,1.0,0.000910026847041,8.28200270813e-07,
107.0,1.0,0.000905911345818,8.20719874631e-07,
108.0,1.0,0.000901795803514,8.13273249026e-07,
109.0,1.0,0.000897680219676,8.05861648609e-07,
110.0,1.0,0.000893564586563,7.98485786091e-07,
111.0,1.0,0.000889448904084,7.91142522666e-07,
112.0,1.0,0.00088533316738,7.83834411915e-07,
113.0,1.0,0.000881217374698,7.7656082475e-07,
114.0,1.0,0.000877101526425,7.69321603329e-07,
115.0,1.0,0.000872985618534,7.62115708729e-07,
116.0,1.0,0.000868869652518,7.54943056236e-07,
117.0,1.0,0.000864753625903,7.47805567435e-07,
118.0,1.0,0.000860637537329,7.40704830553e-07,
119.0,1.0,0.000856521387882,7.33636160522e-07,
120.0,1.0,0.000852405171931,7.26599126544e-07,
121.0,1.0,0.000848288891876,7.19595827255e-07,
122.0,1.0,0.000844172551362,7.12629299773e-07,
123.0,1.0,0.000840056144719,7.05697798634e-07,
124.0,1.0,0.000835939677059,6.98798213422e-07,
125.0,1.0,0.000831823142452,6.91932105332e-07,
126.0,1.0,0.000827706540486,6.85098979756e-07,
127.0,1.0,0.000823589876502,6.78300924779e-07,
128.0,1.0,0.000819473144117,6.71537706904e-07,
129.0,1.0,0.000815356350474,6.64807862904e-07,
130.0,1.0,0.000811239490077,6.58112216106e-07,
131.0,1.0,0.00080712256164,6.51447105479e-07,
132.0,1.0,0.000803005567602,6.44816696858e-07,
133.0,1.0,0.000798888508955,6.38223912915e-07,
134.0,1.0,0.000794771385096,6.3166126634e-07,
135.0,1.0,0.000790654194222,6.2513391302e-07,
136.0,1.0,0.00078653693703,6.1863937151e-07,
137.0,1.0,0.0007824196163,6.12182571049e-07,
138.0,1.0,0.0007783022265,6.05755035906e-07,
139.0,1.0,0.0007741847754,5.99363929234e-07,
140.0,1.0,0.00077006725281,5.93003645418e-07,
141.0,1.0,0.000765949667797,5.86679014508e-07,
142.0,1.0,0.000761832013556,5.80386835898e-07,
143.0,1.0,0.000757714292885,5.74127950255e-07,
144.0,1.0,0.000753596513183,5.67907818494e-07,
145.0,1.0,0.000749478659611,5.61718966756e-07,
146.0,1.0,0.000745360743154,5.55562531362e-07,
147.0,1.0,0.000741242757619,5.49439506977e-07,
148.0,1.0,0.00073712471273,5.43354963481e-07,
149.0,1.0,0.00073300659673,5.37299913047e-07,
150.0,1.0,0.000728888415611,5.31277360235e-07,
151.0,1.0,0.000724770166637,5.25290358643e-07,
152.0,1.0,0.000720651853574,5.19340277727e-07,
153.0,1.0,0.000716533475388,5.13422318318e-07,
154.0,1.0,0.000712415029399,5.0753462293e-07,
155.0,1.0,0.00070829651441,5.01681207279e-07,
156.0,1.0,0.000704177938144,4.95866832077e-07,
157.0,1.0,0.000700059291666,4.90083197342e-07,
158.0,1.0,0.000695940582022,4.84332364598e-07,
159.0,1.0,0.000691821808613,4.78618237182e-07,
160.0,1.0,0.000687702966512,4.72939345453e-07,
161.0,1.0,0.000683584055893,4.67288706977e-07,
162.0,1.0,0.000679465079168,4.61673160691e-07,
163.0,1.0,0.000675346034795,4.56091677938e-07,
164.0,1.0,0.000671226932337,4.50545078787e-07,
165.0,1.0,0.000667107761845,4.45034884231e-07,
166.0,1.0,0.000662988518934,4.39553655617e-07,
167.0,1.0,0.000658869210445,4.34109526045e-07,
168.0,1.0,0.000654749840026,4.2869732868e-07,
169.0,1.0,0.00065063039923,4.23320128164e-07,
170.0,1.0,0.000646510894955,4.17975916812e-07,
171.0,1.0,0.000642391324615,4.12665070214e-07,
172.0,1.0,0.000638271690598,4.07389367089e-07,
173.0,1.0,0.000634151984313,4.02146259036e-07,
174.0,1.0,0.000630032216231,3.96937958777e-07,
175.0,1.0,0.000625912378918,3.91765805953e-07,
176.0,1.0,0.000621792481443,3.86628403752e-07,
177.0,1.0,0.000617672512915,3.81520614653e-07,
178.0,1.0,0.000613552477218,3.76446063996e-07,
179.0,1.0,0.000609432376552,3.71407063388e-07,
180.0,1.0,0.000605312213641,3.66403539861e-07,
181.0,1.0,0.000601191979939,3.61430057553e-07,
182.0,1.0,0.000597071682193,3.56496911086e-07,
183.0,1.0,0.000592951317345,3.51591264272e-07,
184.0,1.0,0.000588830886959,3.46723078325e-07,
185.0,1.0,0.00058471038645,3.41887993535e-07,
186.0,1.0,0.000580589826488,3.37085094015e-07,
187.0,1.0,0.000576469196775,3.3231942515e-07,
188.0,1.0,0.000572348497578,3.27583773253e-07,
189.0,1.0,0.000568227736116,3.22884340273e-07,
190.0,1.0,0.000564106909409,3.18218555828e-07,
191.0,1.0,0.00055998601196,3.13582690335e-07,
192.0,1.0,0.000555865056812,3.08987958095e-07,
193.0,1.0,0.000551744028981,3.04426081145e-07,
194.0,1.0,0.000547622931071,2.99887989984e-07,
195.0,1.0,0.000543501775611,2.95398023277e-07,
196.0,1.0,0.000539380548005,2.90930691829e-07,
197.0,1.0,0.000535259255583,2.86503484668e-07,
198.0,1.0,0.000531137897152,2.82109336313e-07,
199.0,1.0,0.000527016478789,2.77749670072e-07,
200.0,1.0,0.000522894981636,2.73418397863e-07,
201.0,1.0,0.000518773429405,2.69129542006e-07,
202.0,1.0,0.000514651803574,2.64872918648e-07,
203.0,1.0,0.000510530112848,2.60639321125e-07,
204.0,1.0,0.00050640835417,2.56454708459e-07,
205.0,1.0,0.000502286539068,2.52288118458e-07,
206.0,1.0,0.000498164648313,2.48165305641e-07,
207.0,1.0,0.000494042696003,2.44078665133e-07,
208.0,1.0,0.00048992067021,2.40018818172e-07,
209.0,1.0,0.000485798588425,2.35997850746e-07,
210.0,1.0,0.00048167643782,2.3201172558e-07,
211.0,1.0,0.000477554209728,2.28053213054e-07,
212.0,1.0,0.000473431930762,2.24138620362e-07,
213.0,1.0,0.000469309581776,2.20251500073e-07,
214.0,1.0,0.000465187159249,2.16396169119e-07,
215.0,1.0,0.00046106467826,2.12583285149e-07,
216.0,1.0,0.00045694212969,2.08802416367e-07,
217.0,1.0,0.000452819508905,2.05047693094e-07,
218.0,1.0,0.000448696833431,2.01331051721e-07,
219.0,1.0,0.000444574071019,1.97643697442e-07,
220.0,1.0,0.00044045126604,1.94001728872e-07,
221.0,1.0,0.000436328385238,1.90385875344e-07,
222.0,1.0,0.000432205435388,1.8679933026e-07,
223.0,1.0,0.000428082416893,1.83251098509e-07,
224.0,1.0,0.000423959337142,1.79744932985e-07,
225.0,1.0,0.000419836191281,1.76257422499e-07,
226.0,1.0,0.000415712982681,1.72817988067e-07,
227.0,1.0,0.000411589705104,1.69412862219e-07,
228.0,1.0,0.000407466349318,1.6602285336e-07,
229.0,1.0,0.000403342946283,1.62692209759e-07,
230.0,1.0,0.000399219465128,1.59374757955e-07,
231.0,1.0,0.00039509592057,1.56105164442e-07,
232.0,1.0,0.000390972311285,1.52865856834e-07,
233.0,1.0,0.000386848631559,1.49644567638e-07,
234.0,1.0,0.000382724888064,1.4648003778e-07,
235.0,1.0,0.0003786010804,1.43334706127e-07,
236.0,1.0,0.000374477207398,1.4023330712e-07,
237.0,1.0,0.000370353255267,1.37164733621e-07,
238.0,1.0,0.000366229263673,1.34131463043e-07,
239.0,1.0,0.00036210517972,1.31118695657e-07,
240.0,1.0,0.000357981047449,1.28152817851e-07,
241.0,1.0,0.00035385683759,1.25217517601e-07,
242.0,1.0,0.000349732549691,1.22302078031e-07,
243.0,1.0,0.000345608220666,1.19448892296e-07,
244.0,1.0,0.000341483812686,1.16608147197e-07,
245.0,1.0,0.000337359342498,1.1381254671e-07,
246.0,1.0,0.000333234802746,1.11050789213e-07,
247.0,1.0,0.000329110189412,1.08314960135e-07,
248.0,1.0,0.000324985519561,1.05607297519e-07,
249.0,1.0,0.000320860781187,1.0294537097e-07,
250.0,1.0,0.000316735976653,1.00315659454e-07,
251.0,1.0,0.000312611107174,9.77240535523e-08,
252.0,1.0,0.000308486184386,9.51626410755e-08,
253.0,1.0,0.000304361173237,9.26423629271e-08,
254.0,1.0,0.000300236108319,9.01473143119e-08,
255.0,1.0,0.000296110971484,8.76844641396e-08,
256.0,1.0,0.000291985773626,8.52587354942e-08,
257.0,1.0,0.000287860489387,8.28532775077e-08,
258.0,1.0,0.000283735165744,8.05033541204e-08,
259.0,1.0,0.00027960976132,7.8182629719e-08,
260.0,1.0,0.000275484301107,7.58990887096e-08,
261.0,1.0,0.000271358774495,7.36425313332e-08,
262.0,1.0,0.000267233169283,7.14132650524e-08,
263.0,1.0,0.000263107486469,6.92251075601e-08,
264.0,1.0,0.000258981773461,6.7070129512e-08,
265.0,1.0,0.000254855974687,6.49517102814e-08,
266.0,1.0,0.000250730097232,6.28491686575e-08,
267.0,1.0,0.000246604181855,6.08202586716e-08,
268.0,1.0,0.000242478176065,5.87956964833e-08,
269.0,1.0,0.000238352107786,5.68122646903e-08,
270.0,1.0,0.000234225971086,5.48604234826e-08,
271.0,1.0,0.000230099784223,5.29393973936e-08,
272.0,1.0,0.000225973526026,5.10720928706e-08,
273.0,1.0,0.000221847200584,4.92204310205e-08,
274.0,1.0,0.00021772080156,4.74155391682e-08,
275.0,1.0,0.000213594321283,4.56054442076e-08,
276.0,1.0,0.000209467804535,4.38760217688e-08,
277.0,1.0,0.000205341217568,4.21700587858e-08,
278.0,1.0,0.000201214551,4.04720004382e-08,
279.0,1.0,0.00019708782867,3.88428984001e-08,
280.0,1.0,0.000192961030892,3.72441388419e-08,
281.0,1.0,0.000188834161516,3.56581645674e-08,
282.0,1.0,0.000184707236343,3.4096550286e-08,
283.0,1.0,0.000180580246976,3.26206371439e-08,
284.0,1.0,0.000176453198777,3.11364179965e-08,
285.0,1.0,0.000172326062673,2.96888711821e-08,
286.0,1.0,0.000168198868517,2.82840539291e-08,
287.0,1.0,0.000164071623183,2.69131963614e-08,
288.0,1.0,0.000159944292558,2.55871516207e-08,
289.0,1.0,0.000155816900444,2.42787371229e-08,
290.0,1.0,0.000151689441518,2.30160006665e-08,
291.0,1.0,0.000147561906036,2.17707975964e-08,
292.0,1.0,0.000143434334277,2.05778169446e-08,
293.0,1.0,0.000139306673495,1.94124369392e-08,
294.0,1.0,0.000135178951711,1.82690571393e-08,
295.0,1.0,0.000131051144319,1.71571839297e-08,
296.0,1.0,0.000126923319505,1.61004609456e-08,
297.0,1.0,0.000122795397579,1.50810788416e-08,
298.0,1.0,0.000118667376079,1.40688258553e-08,
299.0,1.0,0.000114539340554,1.31273599309e-08,
300.0,1.0,0.000110411225963,1.22012108677e-08,
301.0,1.0,0.000106283032449,1.13010652606e-08,
302.0,1.0,0.000102154784759,1.04434040487e-08,
303.0,1.0,9.80264674185e-05,9.63184691342e-09,
304.0,1.0,9.38980666195e-05,8.80961553313e-09,
305.0,1.0,8.97696169652e-05,8.05706288553e-09,
306.0,1.0,8.56410939006e-05,7.31526642242e-09,
307.0,1.0,8.15125251652e-05,6.64471048137e-09,
308.0,1.0,7.73838438436e-05,5.97746548593e-09,
309.0,1.0,7.32551367211e-05,5.36571150118e-09,
310.0,1.0,6.91263477449e-05,4.77927774851e-09,
311.0,1.0,6.49974869048e-05,4.21075717156e-09,
312.0,1.0,6.08686007676e-05,3.72263668556e-09,
313.0,1.0,5.67395859179e-05,3.22696888287e-09,
314.0,1.0,5.2610567697e-05,2.77659440419e-09,
315.0,1.0,4.84814418873e-05,2.34627038278e-09,
316.0,1.0,4.43522695697e-05,1.98145226774e-09,
317.0,1.0,4.02229857374e-05,1.59512573064e-09,
318.0,1.0,3.60936870197e-05,1.31352127871e-09,
319.0,1.0,3.19643019132e-05,1.02991699132e-09,
320.0,1.0,2.78348799641e-05,7.90035697819e-10,
321.0,1.0,2.37053461561e-05,5.67820347189e-10,
322.0,1.0,1.95757426362e-05,3.73734413877e-10,
323.0,1.0,1.54461093294e-05,2.33698743519e-10,
324.0,1.0,1.1316383335e-05,1.20279563361e-10,
325.0,1.0,7.18661523121e-06,4.48199616788e-11,
326.0,1.0,3.05675482578e-06,8.10907097019e-12,
327.0,1.0,1.07316309217e-06,1.18237168928e-11,
328.0,1.0,9.91815980394e-07,
329.0,1.0,4.06404354484e-08,
330.0,1.0,1.07314646194e-06,2.10742480455e-11,
331.0,1.0,5.56907204718e-07,
332.0,1.0,8.15021768064e-07,
333.0,1.0,6.85959118226e-07,
334.0,1.0,5.56935081745e-07,
335.0,1.0,4.27845168725e-07,
336.0,1.0,2.98763784541e-07,
337.0,1.0,1.69742571248e-07,
338.0,1.0,4.06469569905e-08,
339.0,1.0,8.8384694188e-08,
340.0,1.0,2.38423183429e-08,
341.0,1.0,4.06623942545e-08,
342.0,1.0,8.40203822458e-09,
343.0,1.0,2.38975829051e-08,
344.0,1.0,7.76310722943e-09,
345.0,1.0,8.38901171041e-09,
346.0,1.0,3.64208125721e-10,
347.0,1.0,7.73199592086e-09,
348.0,1.0,3.71489051541e-09,
349.0,1.0,3.33427085149e-10,
350.0,1.0,4.346276098e-09,
351.0,1.0,2.32615225405e-09,
352.0,1.0,3.3051200363e-10,
353.0,1.0,1.68587500115e-09,
354.0,1.0,6.56839009193e-10,
355.0,1.0,3.31113814214e-10,
356.0,1.0,1.34450129534e-09,
357.0,1.0,8.09484923349e-10,
358.0,1.0,3.42541081625e-10,
359.0,1.0,1.85079854431e-10,
360.0,1.0,6.77516742083e-10,
361.0,1.0,4.08333641946e-10,
362.0,1.0,1.84053016772e-10,
363.0,1.0,8.89005255625e-11,
364.0,1.0,3.304196614e-10,
365.0,1.0,2.15996697997e-10,
366.0,1.0,1.05197633395e-10,
367.0,1.0,2.84739798758e-11,
368.0,1.0,1.65353191163e-10,
369.0,1.0,1.28177173728e-10,
370.0,1.0,5.82953110641e-11,
371.0,1.0,4.08645967776e-11,
372.0,1.0,1.04435028086e-10,
373.0,1.0,8.42444005923e-11,
374.0,1.0,1.25808060775e-11,
375.0,1.0,3.9291637753e-11,
376.0,1.0,6.25085825212e-12,
377.0,1.0,2.0880034235e-11,
378.0,1.0,2.05569175836e-11,
379.0,1.0,3.66670931008e-11,
380.0,1.0,8.33607044373e-12,
381.0,1.0,2.30915496488e-11,
382.0,1.0,1.45833200042e-11,
383.0,1.0,1.28442040085e-11,
384.0,1.0,3.45917701173e-11,
385.0,1.0,9.17260582599e-12,
386.0,1.0,5.9990500647e-11,
387.0,1.0,0.0174924262603,0.000305984949554,5.35245713477e-06,9.36026481666e-08,
388.0,1.0,0.00859974243649,7.39555235585e-05,6.36050393452e-07,
389.0,1.0,5.36371675245e-11,
390.0,1.0,0.00832104153718,6.9239682357e-05,5.76135945841e-07,
391.0,1.0,0.00419450468045,1.75938476604e-05,7.37388730172e-08,
392.0,1.0,1.26368354043e-11,
393.0,1.0,0.00426416578076,1.81830863257e-05,7.75434377685e-08,
394.0,1.0,0.00212326718232,4.50832119163e-06,9.56832292299e-09,
395.0,1.0,2.4529279515e-11,
396.0,1.0,0.00210585284218,4.43462026365e-06,9.31816730901e-09,
397.0,1.0,0.00105508977789,1.11315637281e-06,1.18393909081e-09,
398.0,1.0,8.97459644798e-12,
399.0,1.0,0.00105944332369,1.12248758758e-06,1.15263715712e-09,
400.0,1.0,0.000529175835947,2.80028857069e-07,
401.0,1.0,0.000794172871593,6.30709929987e-07,
402.0,1.0,0.000661640195443,4.37784865352e-07,
403.0,1.0,0.000529175793339,2.79988532132e-07,
404.0,1.0,0.000396779616818,1.57461606427e-07,
405.0,1.0,0.000264451580875,6.99218733662e-08,
406.0,1.0,0.000132191739444,1.74190579024e-08,
407.0,1.0,3.94287436148e-11,
408.0,1.0,0.000132123703246,1.73979067225e-08,
409.0,1.0,6.60703543887e-05,4.34856105764e-09,
410.0,1.0,1.26108515501e-11,
411.0,1.0,6.60873443069e-05,4.39891893127e-09,
412.0,1.0,3.30416087627e-05,1.04467539194e-09,
413.0,1.0,2.03264038145e-11,
414.0,1.0,3.30373327316e-05,1.12137788447e-09,
415.0,1.0,1.65192214794e-05,2.65363741552e-10,
416.0,1.0,7.64533177672e-11,
417.0,1.0,1.65202650125e-05,2.80292675901e-10,
418.0,1.0,8.2599700632e-06,8.24913101446e-11,
419.0,1.0,8.87456347135e-11,
420.0,1.0,8.25973233384e-06,1.03841855945e-10,
421.0,1.0,4.1298866394e-06,1.67798433286e-11,
422.0,1.0,8.23793710989e-11,
423.0,1.0,4.12997904983e-06,1.82729239014e-11,
424.0,1.0,2.06497131841e-06,5.45845217959e-11,
425.0,1.0,3.09744414292e-06,5.8596920657e-11,
426.0,1.0,2.58124062157e-06,1.82619591635e-11,
427.0,1.0,2.06491900617e-06,3.02524370595e-11,
428.0,1.0,2.32306869811e-06,6.07944077016e-11,
429.0,1.0,2.19400915183e-06,4.22192030974e-11,
430.0,1.0,2.06499268929e-06,6.37929351103e-12,
431.0,1.0,1.93592048174e-06,4.88775047782e-11,
432.0,1.0,2.00051922527e-06,6.76375596313e-11,
433.0,1.0,1.96815155089e-06,1.59616956619e-11,
434.0,1.0,1.93587632783e-06,2.77507688018e-11,
435.0,1.0,1.95212612059e-06,1.40562689065e-11,
436.0,1.0,1.96815082186e-06,1.44073946759e-11,
437.0,1.0,1.96008195227e-06,4.86746146838e-11,
438.0,1.0,0.0174945222881,0.000306058303501,5.35421890151e-06,9.37056238045e-08,
439.0,1.0,0.0086017688018,7.39904723197e-05,6.36334421756e-07,
440.0,1.0,1.96011173345e-06,8.35908585546e-11,
441.0,1.0,0.00831914443927,6.92081780723e-05,5.75732686517e-07,
442.0,1.0,0.00419257659552,1.75777113525e-05,7.37284546719e-08,
443.0,1.0,1.9600172282e-06,1.30912646966e-10,
444.0,1.0,0.00426615866144,1.8200049448e-05,7.76234366237e-08,
445.0,1.0,0.00212524369105,4.51665233727e-06,9.54693967097e-09,
446.0,1.0,1.96012077069e-06,1.00998764139e-10,
447.0,1.0,0.00210390865701,4.42635236539e-06,9.27375938546e-09,
448.0,1.0,0.00105313768748,1.10904009942e-06,1.14557391489e-09,
449.0,1.0,1.96013500341e-06,1.05735120753e-11,
450.0,1.0,0.00106141150814,1.12662034702e-06,1.23704360222e-09,
451.0,1.0,0.000531139941559,2.82082207934e-07,
452.0,1.0,0.00079613908467,6.33868790951e-07,
453.0,1.0,0.000663605406705,4.40364816593e-07,
454.0,1.0,0.000531139903385,2.82177281976e-07,
455.0,1.0,0.000398742824484,1.58895517245e-07,
456.0,1.0,0.000266413692662,7.10637219163e-08,
457.0,1.0,0.000134152936464,1.80082804982e-08,
458.0,1.0,1.96001770486e-06,2.4511177149e-11,
459.0,1.0,0.000130164691359,1.70011274218e-08,
460.0,1.0,6.41108482281e-05,4.11519359028e-09,
461.0,1.0,1.95998830797e-06,1.29859641005e-10,
462.0,1.0,6.80480446791e-05,4.58344463163e-09,
463.0,1.0,3.50020228264e-05,1.15128106023e-09,
464.0,1.0,1.9601504126e-06,2.4054875362e-11,
465.0,1.0,3.10774624831e-05,8.71157160254e-10,
466.0,1.0,1.45592350947e-05,2.54773886094e-10,
467.0,1.0,1.96025271811e-06,1.20145472081e-11,
468.0,1.0,1.84804616632e-05,3.36089395709e-10,
469.0,1.0,1.02201447085e-05,7.18197141592e-11,
470.0,1.0,1.96001032621e-06,9.07390642146e-11,
471.0,1.0,6.09013236819e-06,9.18659431871e-11,
472.0,1.0,4.02505928211e-06,1.05634217755e-10,
473.0,1.0,5.0576929248e-06,7.63345312135e-11,
474.0,1.0,6.09003927416e-06,1.14853223888e-10,
475.0,1.0,5.57379253822e-06,3.70737290368e-11,
476.0,1.0,5.05766260045e-06,1.1018323441e-10,
477.0,1.0,5.31570930166e-06,5.22745945391e-11,
478.0,1.0,5.57382460161e-06,8.58943216506e-11,
479.0,1.0,5.44489394298e-06,1.2531751047e-10,
480.0,1.0,5.50935749822e-06,1.25619539303e-10,
481.0,1.0,5.47718508929e-06,6.98945966336e-11,
482.0,1.0,5.4448645985e-06,1.24641659314e-10,
483.0,1.0,0.0174982482554,0.00030618867041,5.35773848048e-06,9.38577015969e-08,
484.0,1.0,0.00860537111582,7.40524317592e-05,6.37278888085e-07,
485.0,1.0,5.44484511888e-06,2.50201555326e-10,
486.0,1.0,0.0083157715979,6.9152040803e-05,5.75133350242e-07,
487.0,1.0,0.0041891486106,1.75489227817e-05,7.34582712628e-08,
488.0,1.0,5.44497400307e-06,1.33183498067e-10,
489.0,1.0,0.00426970131293,1.82303647879e-05,7.80337664868e-08,
490.0,1.0,0.00212875710576,4.53153062604e-06,9.76140378033e-09,
491.0,1.0,5.44476417428e-06,9.70440692462e-11,
492.0,1.0,0.00210045285402,4.41208096664e-06,9.30433553282e-09,
493.0,1.0,0.00104966743189,1.10182211437e-06,1.12056624096e-09,
494.0,1.0,5.44471565421e-06,6.95667154735e-11,
495.0,1.0,0.0010649104124,1.13413873272e-06,1.11416334365e-09,
496.0,1.0,0.000534631747058,2.8589633851e-07,
497.0,1.0,0.000799634451905,6.39692037975e-07,
498.0,1.0,0.000667099057222,4.44983923577e-07,
499.0,1.0,0.000534631737998,2.86005279312e-07,
500.0,1.0,0.000402232771927,1.61798172757e-07,
501.0,1.0,0.00026990183882,7.28355376728e-08,
502.0,1.0,0.000137639421691,1.88563426892e-08,
503.0,1.0,5.44477549057e-06,6.55389157105e-11,
504.0,1.0,0.000126681763586,1.6039320417e-08,
505.0,1.0,6.06266924665e-05,3.56251966659e-09,
506.0,1.0,5.44466904024e-06,1.41822686016e-10,
507.0,1.0,7.15335686366e-05,5.17478238063e-09,
508.0,1.0,3.84869254665e-05,1.48065090648e-09,
509.0,1.0,5.44499338574e-06,6.43992818001e-11,
510.0,1.0,2.75934263949e-05,9.51617865084e-10,
511.0,1.0,1.10746732434e-05,3.97178452953e-11,
512.0,1.0,5.44489614218e-06,5.24542349516e-11,
513.0,1.0,2.81523689137e-06,5.09590557598e-11,
514.0,1.0,1.10745337456e-05,7.05860553132e-11,
515.0,1.0,6.94478908818e-06,3.38145219743e-11,
516.0,1.0,2.81526705802e-06,3.67915901988e-11,
517.0,1.0,4.88024858748e-06,1.57958117677e-10,
518.0,1.0,3.8474988089e-06,5.2635610751e-11,
519.0,1.0,2.81506446143e-06,4.25090266036e-11,
520.0,1.0,1.78291141573e-06,3.49767891903e-11,
521.0,1.0,7.50002242477e-07,
522.0,1.0,1.26645323585e-06,2.97402730026e-11,
523.0,1.0,1.78255632826e-06,2.71306169116e-11,
524.0,1.0,2.29887188162e-06,3.47646107669e-11,
525.0,1.0,2.04088950165e-06,1.33772138779e-10,
526.0,1.0,2.16984173581e-06,1.18311725747e-10,
527.0,1.0,2.29898968841e-06,5.09274516517e-11,
528.0,1.0,2.42790201863e-06,3.14890562222e-11,
529.0,1.0,2.55702672356e-06,1.22744628122e-10,
530.0,1.0,2.49235014764e-06,4.1926626348e-11,
531.0,1.0,2.42794420307e-06,8.10360920107e-11,
532.0,1.0,2.46011118121e-06,1.32717335833e-10,
533.0,1.0,2.44391260112e-06,3.93218985407e-11,
534.0,1.0,2.42804868476e-06,3.96731339693e-10,
535.0,1.0,0.0174898300226,0.000305894100112,5.34998636114e-06,9.39113576338e-08,
536.0,1.0,0.00859723241308,7.39124019418e-05,6.35551161102e-07,
537.0,1.0,2.42796145894e-06,1.33411492071e-10,
538.0,1.0,0.00832339138964,6.92788209352e-05,5.76779866027e-07,
539.0,1.0,0.00419689308042,1.76137783222e-05,7.3855881062e-08,
540.0,1.0,2.42789275299e-06,1.21679252277e-10,
541.0,1.0,0.00426169719494,1.81620739461e-05,7.7350720554e-08,
542.0,1.0,0.00212081914813,4.49817199257e-06,9.31994407509e-09,
543.0,1.0,2.42798961432e-06,2.32701189823e-10,
544.0,1.0,0.00210826105773,4.44485512043e-06,9.21992706407e-09,
545.0,1.0,0.0010575077194,1.11818977322e-06,1.21693737347e-09,
546.0,1.0,2.42760243059e-06,6.2266754788e-11,
547.0,1.0,0.00105700538704,1.11715202577e-06,1.10130597305e-09,
548.0,1.0,0.000526742920201,2.77623719008e-07,
549.0,1.0,0.000791737467525,6.27185800285e-07,
550.0,1.0,0.000659205916138,4.34856452819e-07,
551.0,1.0,0.00052674304432,2.77242398213e-07,
552.0,1.0,0.00039434789877,1.55093126398e-07,
553.0,1.0,0.000262021335681,6.87826630805e-08,
554.0,1.0,0.00012976256773,1.68903158369e-08,
555.0,1.0,2.42811587296e-06,5.03808810622e-11,
556.0,1.0,0.000134550463499,1.81563092573e-08,
557.0,1.0,6.84977567527e-05,4.53545953573e-09,
558.0,1.0,2.42798503081e-06,9.62535538548e-11,
559.0,1.0,6.36587979891e-05,4.09765121621e-09,
560.0,1.0,3.06133979972e-05,1.26374266111e-09,
561.0,1.0,2.42805035207e-06,2.09339175908e-10,
562.0,1.0,3.54646592e-05,1.01986021053e-09,
563.0,1.0,1.89470616256e-05,5.75452116226e-10,
564.0,1.0,2.42822688952e-06,3.66668143383e-11,
565.0,1.0,1.40919275102e-05,3.55663217172e-10,
566.0,1.0,5.83207349573e-06,2.72040349664e-10,
567.0,1.0,2.42790271395e-06,3.33274965815e-10,
568.0,1.0,1.7024536642e-06,3.34051421938e-10,
569.0,1.0,3.62875695333e-07,
570.0,1.0,2.42759193712e-06,1.71225329216e-10,
571.0,1.0,4.4925918527e-06,3.03712665248e-10,
572.0,1.0,3.46040247114e-06,6.81756253809e-11,
573.0,1.0,2.42770004276e-06,1.55091001413e-10,
574.0,1.0,2.94398700857e-06,6.85597944696e-11,
575.0,1.0,3.4603691041e-06,8.35565255199e-11,
576.0,1.0,3.20203615266e-06,1.91604020669e-10,
577.0,1.0,3.33155602265e-06,3.04928417063e-10,
578.0,1.0,3.26757911266e-06,2.23632036448e-10,
579.0,1.0,3.20242830982e-06,2.48080304072e-10,
580.0,1.0,0.0174890022387,0.000305865211908,5.34928132296e-06,9.35396988481e-08,
581.0,1.0,0.00859643174569,7.38987775053e-05,6.35235306274e-07,
582.0,1.0,3.20291115786e-06,1.89474144609e-10,
583.0,1.0,0.00832414074384,6.92911620015e-05,5.7648610443e-07,
584.0,1.0,0.0041976550724,1.76201819051e-05,7.38968174053e-08,
585.0,1.0,3.20245638259e-06,9.99477120489e-11,
586.0,1.0,0.00426091022157,1.81553568743e-05,7.75471785235e-08,
587.0,1.0,0.00212003851115,4.49494154463e-06,8.83555631101e-09,
588.0,1.0,3.20216725972e-06,4.92098531908e-10,
589.0,1.0,0.00210902888699,4.44763416929e-06,9.31706898191e-09,
590.0,1.0,0.00105827860255,1.11935223267e-06,7.14525658334e-10,
591.0,1.0,3.2022986868e-06,5.09710552645e-11,
592.0,1.0,0.00105622745676,1.11622089652e-06,5.7970110049e-10,
593.0,1.0,0.00052596730235,2.76450494591e-07,
594.0,1.0,0.000790960973892,6.25633660013e-07,
595.0,1.0,0.000658429510882,4.33817374958e-07,
596.0,1.0,0.000525967527491,2.76275120215e-07,
597.0,1.0,0.000393571591407,1.55230493233e-07,
598.0,1.0,0.000261245817364,6.89067690658e-08,
599.0,1.0,0.000128988220217,1.6475377188e-08,
600.0,1.0,3.20168461584e-06,1.61055303104e-10,
601.0,1.0,0.000135324275477,1.75989889822e-08,
602.0,1.0,6.92721275438e-05,4.40267234605e-09,
603.0,1.0,3.20221902914e-06,1.03531033237e-10,
604.0,1.0,6.28847126151e-05,3.31203051998e-09,
605.0,1.0,2.98391111738e-05,6.54679142068e-10,
606.0,1.0,3.20270672805e-06,2.23003667594e-10,
607.0,1.0,3.62389565469e-05,6.78865892234e-10,
608.0,1.0,1.97211127072e-05,8.48134898022e-10,
609.0,1.0,2.79795013253e-05,2.71876560685e-10,
610.0,1.0,3.623933054e-05,1.10550133919e-09,
611.0,1.0,3.21093687025e-05,8.89441129713e-10,
612.0,1.0,2.79807360511e-05,1.29915213408e-09,
613.0,1.0,3.00448848354e-05,8.6342459761e-10,
614.0,1.0,3.21097483142e-05,2.06977841057e-09,
615.0,1.0,3.1077666081e-05,1.71080014566e-09,
616.0,1.0,3.00449299538e-05,1.39757271963e-09,
617.0,1.0,2.90123766088e-05,6.71315050528e-10,
618.0,1.0,2.79801677562e-05,3.96178998274e-10,
619.0,1.0,2.69476028862e-05,9.5188234284e-10,
620.0,1.0,2.74638031177e-05,1.29804711429e-10,
621.0,1.0,2.79808442772e-05,1.24667920609e-09,
622.0,1.0,2.77227868989e-05,1.65745250562e-09,
623.0,1.0,2.78512985591e-05,4.97475672314e-10,
624.0,1.0,2.79810215527e-05,1.40445313204e-09,
625.0,1.0,2.79152699318e-05,7.81950446632e-11,
626.0,1.0,2.78512949967e-05,1.0691478294e-09,
627.0,1.0,0.0174626447026,0.000304944219713,5.32490364515e-06,9.31785410588e-08,
628.0,1.0,0.008570950226,7.34612672383e-05,6.29417940391e-07,
629.0,1.0,2.78515083207e-05,1.17062364166e-09,
630.0,1.0,0.0083479977014,6.96884641985e-05,5.81548008882e-07,
631.0,1.0,0.00422190323344,1.78252321226e-05,7.53337807029e-08,
632.0,1.0,2.78512113329e-05,5.42417074758e-10,
633.0,1.0,0.00423585039128,1.79426218763e-05,7.5523881363e-08,
634.0,1.0,0.00209518540035,4.38983873089e-06,9.54361362056e-09,
635.0,1.0,2.78517466756e-05,1.10793104938e-09,
636.0,1.0,0.0021334759123,4.55135657013e-06,8.85738298904e-09,
637.0,1.0,0.00108282689425,1.17252548104e-06,1.79179217593e-09,
638.0,1.0,2.78508447408e-05,4.55917010586e-10,
639.0,1.0,0.00103147626858,1.06432284441e-06,5.86394001727e-10,
640.0,1.0,0.00050126665743,2.51208365254e-07,
641.0,1.0,0.0007662356549,5.87150839488e-07,
642.0,1.0,0.000633717863415,4.01662596087e-07,
643.0,1.0,0.000501266011683,2.52230131525e-07,
644.0,1.0,0.000368885895139,1.36396927483e-07,
645.0,1.0,0.00023657165264,5.58432269965e-08,
646.0,1.0,0.000104327006712,1.04620131476e-08,
647.0,1.0,2.78519136122e-05,1.95734858558e-09,
648.0,1.0,0.000159961256239,2.54046297047e-08,
649.0,1.0,9.39145131843e-05,8.43445487133e-09,
650.0,1.0,2.78515671971e-05,7.86786733218e-10,
651.0,1.0,3.82283125695e-05,8.37740389339e-10,
652.0,1.0,5.18635019326e-06,5.25835967141e-10,
653.0,1.0,2.7852257084e-05,1.52490804827e-09,
654.0,1.0,1.13338662265e-05,5.70233106685e-10,
655.0,1.0,5.18527217489e-06,8.80144000893e-10,
656.0,1.0,3.07444985087e-06,1.17992237751e-09,
657.0,1.0,1.05771957059e-06,2.24750775682e-10,
658.0,1.0,5.18622600207e-06,8.78520761274e-10,
659.0,1.0,3.12066136832e-06,1.29234871618e-09,
660.0,1.0,4.15504081518e-06,9.14570093185e-10,
661.0,1.0,5.18631124639e-06,3.89858331563e-10,
662.0,1.0,6.21882737673e-06,4.24733908993e-10,
663.0,1.0,5.70240008501e-06,1.47594879917e-10,
664.0,1.0,5.18587955831e-06,7.35983748687e-10,
665.0,1.0,5.44374393833e-06,1.41243520011e-09,
666.0,1.0,5.31522558013e-06,1.13466397856e-09,
667.0,1.0,5.18623754147e-06,3.64699619223e-10,
668.0,1.0,5.05921690598e-06,6.63515856526e-10,
669.0,1.0,5.12156829896e-06,9.14906002738e-10,
670.0,1.0,0.0174979029624,0.0003061774457,5.35747778223e-06,9.27456396693e-08,
671.0,1.0,0.00860503805498,7.40468505553e-05,6.35867730346e-07,
672.0,1.0,5.12283807118e-06,3.04640512334e-10,
673.0,1.0,0.00831608417581,6.91570718939e-05,5.75091421444e-07,
674.0,1.0,0.00418946605276,1.7551192036e-05,7.25444044599e-08,
675.0,1.0,5.12150245902e-06,3.87411754142e-10,
676.0,1.0,0.00426937200551,1.82279314529e-05,7.82640168911e-08,
677.0,1.0,0.00212843171635,4.53045534184e-06,9.29388126279e-09,
678.0,1.0,5.12083263108e-06,3.18489654466e-10,
679.0,1.0,0.00210077150041,4.41244740837e-06,9.36366101764e-09,
680.0,1.0,0.00104998988194,1.10311932862e-06,4.74186738637e-10,
681.0,1.0,5.12169208133e-06,6.5323707378e-10,
682.0,1.0,0.00106458635672,1.13193709767e-06,2.80612015185e-09,
683.0,1.0,0.000534307944058,2.86716993857e-07,
684.0,1.0,5.1234184543e-06,7.52132894652e-10,
685.0,1.0,0.000522976935004,2.74120277487e-07,
686.0,1.0,0.000259061292536,6.42452439864e-08,
687.0,1.0,5.12189742487e-06,3.68910471049e-10,
688.0,1.0,0.000269578011788,7.43092580611e-08,
689.0,1.0,0.000137317431472,1.80990275538e-08,
690.0,1.0,5.12138865192e-06,1.24704322879e-09,
691.0,1.0,0.000127002581078,1.61263186344e-08,
692.0,1.0,6.0949147282e-05,3.52989423249e-09,
693.0,1.0,5.12334027911e-06,8.50604862352e-10,
694.0,1.0,7.12116807715e-05,5.23627225727e-09,
695.0,1.0,3.8164480495e-05,1.44596364491e-09,
696.0,1.0,5.12099949203e-06,1.18601659584e-09,
697.0,1.0,2.79143157751e-05,1.68625384387e-09,
698.0,1.0,1.13965684549e-05,8.37667742613e-10,
699.0,1.0,5.12097003969e-06,5.13804376163e-10,
700.0,1.0,2.1642132996e-05,1.17497036769e-09,
701.0,1.0,1.3383648714e-05,9.12620149751e-10,
702.0,1.0,5.12326769374e-06,7.59911532274e-10,
703.0,1.0,3.13834038371e-06,2.74590763122e-10,
704.0,1.0,1.13971134674e-05,1.07882284736e-09,
705.0,1.0,7.26920930061e-06,7.03268952984e-10,
706.0,1.0,3.13952995114e-06,6.87263138636e-10,
707.0,1.0,9.91909721844e-07,
708.0,1.0,1.07280024331e-06,1.01572378763e-09,
709.0,1.0,4.16728019344e-08,
710.0,1.0,9.93084734622e-07,
711.0,1.0,4.76799984449e-07,
712.0,1.0,4.03984178772e-08,
713.0,1.0,5.58540593148e-07,
714.0,1.0,2.98625262347e-07,
715.0,1.0,4.25385624291e-08,
716.0,1.0,2.18525896521e-07,
717.0,1.0,8.90287518485e-08,
718.0,1.0,3.93946971289e-08,
719.0,1.0,1.690864855e-07,
720.0,1.0,1.03169898179e-07,
721.0,1.0,4.05798992285e-08,
722.0,1.0,2.41056774887e-08,
723.0,1.0,8.74648478248e-08,
724.0,1.0,5.41885651886e-08,
725.0,1.0,2.27122670833e-08,
726.0,1.0,3.761293488e-09,
727.0,1.0,4.22126173922e-08,
728.0,1.0,2.32182629428e-08,
729.0,1.0,9.06220122601e-09,
730.0,1.0,6.55911218969e-09,
731.0,1.0,2.3628383389e-08,
732.0,1.0,1.18802776434e-08,
733.0,1.0,7.08292958415e-09,
734.0,1.0,6.89419333451e-10,
735.0,1.0,7.86978710849e-09,
736.0,1.0,2.60220963006e-09,
737.0,1.0,3.73751044766e-09,
738.0,1.0,2.70041066943e-09,
739.0,1.0,4.25236963777e-09,
740.0,1.0,1.67239562401e-09,
741.0,1.0,6.12134076468e-09,
742.0,1.0,8.24704326239e-09,
743.0,1.0,8.78337677429e-10,
744.0,1.0,3.60381912983e-09,
745.0,1.0,8.18166861306e-10,
746.0,1.0,8.87178892398e-10,
747.0,1.0,1.33629190175e-09,
748.0,1.0,3.43715387994e-09,
749.0,1.0,2.74432830973e-09,
750.0,1.0,2.9967566327e-09,
751.0,1.0,2.99582518764e-09,
752.0,1.0,3.60613301326e-10,
753.0,1.0,2.99317201934e-09,
754.0,1.0,0.0174924265346,0.000305982538657,5.35507512922e-06,9.43145025958e-08,
755.0,1.0,0.00859974002904,7.39557044128e-05,6.35936466211e-07,
756.0,1.0,1.5941422715e-09,
757.0,1.0,0.00832104383381,6.92385890431e-05,5.73294212962e-07,
758.0,1.0,0.00419450500438,1.75908422199e-05,7.45115722885e-08,
759.0,1.0,2.85731811587e-09,
760.0,1.0,0.00426416309003,1.81837088386e-05,8.0105793939e-08,
761.0,1.0,0.00212326393654,4.50715728931e-06,1.06364801176e-08,
762.0,1.0,3.37729530986e-09,
763.0,1.0,0.00210585500262,4.43736542203e-06,1.45226215941e-08,
764.0,1.0,0.00105509923091,1.11642906137e-06,2.53518502885e-09,
765.0,1.0,2.35376089971e-09,
766.0,1.0,0.00105944254159,1.12279323224e-06,2.56303710986e-09,
767.0,1.0,0.000529175054145,2.78675579405e-07,
768.0,1.0,1.70826742644e-09,
769.0,1.0,0.000528091507794,2.82101563781e-07,
770.0,1.0,0.000264179260406,7.02049509375e-08,
771.0,1.0,6.78664922917e-09,
772.0,1.0,0.000264450711446,7.10644084952e-08,
773.0,1.0,0.000132186848953,1.78026639205e-08,
774.0,1.0,1.2775034001e-09,
775.0,1.0,0.000132128854938,1.92089674024e-08,
776.0,1.0,6.60697058144e-05,7.33239206802e-09,
777.0,1.0,3.13279159172e-09,
778.0,1.0,6.60920375875e-05,9.3441486506e-10,
779.0,1.0,3.30370374661e-05,1.33520944156e-09,
780.0,1.0,4.95556631464e-05,1.20389971696e-08,
781.0,1.0,4.13018750515e-05,7.91887653489e-10,
782.0,1.0,3.30349263576e-05,1.58384960254e-09,
783.0,1.0,3.71732295425e-05,3.57970940287e-09,
784.0,1.0,3.51082880206e-05,3.46355977901e-09,
785.0,1.0,3.30411116273e-05,1.91019160605e-09,
786.0,1.0,3.09793544984e-05,4.28133307249e-09,
787.0,1.0,3.20098372005e-05,3.49389463724e-09,
788.0,1.0,3.30413955548e-05,8.30858139199e-10,
789.0,1.0,3.40744291042e-05,2.81874663517e-09,
790.0,1.0,3.35601760029e-05,2.99112404591e-09,
791.0,1.0,3.38171875063e-05,8.2417767735e-10,
792.0,1.0,3.40789898345e-05,1.03225955755e-09,
793.0,1.0,3.39496136401e-05,3.4204832082e-09,
794.0,1.0,3.40024260692e-05,6.32917235012e-09,
795.0,1.0,3.39813910032e-05,2.38155441105e-09,
796.0,1.0,3.39466915022e-05,4.73273374117e-09,
797.0,1.0,3.39566298845e-05,7.81092153462e-10,
798.0,1.0,3.39730450112e-05,1.03132393452e-09,
799.0,1.0,3.39703023953e-05,6.36398456413e-10,
800.0,1.0,3.39615457416e-05,8.71203125365e-09,
801.0,1.0,0.0175287382961,0.000307253334544,5.38395689759e-06,9.70280086294e-08,
802.0,1.0,0.00863485069647,7.45600460537e-05,6.43366661415e-07,
803.0,1.0,3.39605563035e-05,2.35197330035e-09,
804.0,1.0,0.00828817639346,6.86969394562e-05,5.77822280163e-07,
805.0,1.0,0.00416110323755,1.73200763081e-05,6.94849570753e-08,
806.0,1.0,3.39560174946e-05,1.68599438866e-09,
807.0,1.0,0.00429868981913,1.84739858381e-05,8.44558729465e-08,
808.0,1.0,0.00215751108866,4.64990479653e-06,1.69599068963e-08,
809.0,1.0,3.39602652159e-05,3.48534579119e-09,
810.0,1.0,0.00207217312302,4.29610569259e-06,9.59313909243e-09,
811.0,1.0,0.00102127154973,1.03788505412e-06,1.09789577827e-08,
812.0,1.0,0.00154725850743,2.39093712968e-06,7.57694379162e-09,
813.0,1.0,0.00207216639031,4.29559366833e-06,9.58024387778e-09,
814.0,1.0,0.00180985112804,3.27695942206e-06,4.98695325693e-09,
815.0,1.0,0.00154725887477,2.3914761783e-06,8.2483691545e-09,
816.0,1.0,0.0016785820178,2.8113006438e-06,2.51540200772e-09,
817.0,1.0,0.00180985101065,3.27906993663e-06,6.03927343538e-09,
818.0,1.0,0.00174423680371,3.04668048412e-06,5.49972934627e-09,
819.0,1.0,0.00167858413441,2.82158654991e-06,9.52382293718e-09,
820.0,1.0,0.00171141401427,2.93135538488e-06,4.02107226443e-09,
821.0,1.0,0.00174422317231,3.04530803336e-06,4.46357855494e-09,
822.0,1.0,0.00172781984716,2.98292784645e-06,2.67035528351e-09,
823.0,1.0,0.00171141227352,2.93058705604e-06,9.96538189276e-09,
824.0,1.0,0.00171962469621,2.96371144265e-06,5.14584182106e-09,
825.0,1.0,0.00172782377145,2.98807768954e-06,9.26853378469e-09,
826.0,1.0,0.00172371106803,2.96995923694e-06,1.26955757546e-08,
827.0,1.0,0.00172577743662,2.98408060326e-06,5.50519820571e-09,
828.0,1.0,0.00172782071865,2.99290319621e-06,1.34250907988e-08,
829.0,1.0,0.0017267900106,2.97983071954e-06,6.78282812866e-09,
830.0,1.0,0.00172577192434,2.97564999383e-06,7.09857254514e-09,
831.0,1.0,0.00172628206892,2.98544879196e-06,5.35548372361e-09,
832.0,1.0,0.00172679280344,2.97820713277e-06,5.3349162987e-09,
833.0,1.0,0.0017273064258,2.9895406812e-06,9.40435654668e-09,
834.0,1.0,0.00172705699962,2.98985151028e-06,1.47648505772e-08,
835.0,1.0,0.00172717170921,2.98020620805e-06,1.11020186318e-09,
836.0,1.0,0.00172731971606,2.98607774258e-06,2.91733004905e-09,
837.0,1.0,0.00172723757518,2.98719097393e-06,5.39026507316e-09,
838.0,1.0,0.00172727953394,2.9860465073e-06,7.52665663559e-09,
839.0,1.0,0.00172727150178,2.9853334651e-06,6.27852231051e-09,
840.0,1.0,0.00172724304299,2.99571293413e-06,1.38003597013e-08,
841.0,1.0,0.0156457262632,0.000244784082763,3.82655907132e-06,5.64059677439e-08,
842.0,1.0,0.00681426514777,4.64342381672e-05,3.1946641365e-07,
843.0,1.0,0.00172725039328,2.99250288374e-06,1.05389660444e-08,
844.0,1.0,0.00999284647964,9.98546650914e-05,1.00066881619e-06,1.59398313863e-08,
845.0,1.0,0.00589368662192,3.47358094907e-05,2.11399905109e-07,
846.0,1.0,0.00172725028614,2.98702529492e-06,1.06689194668e-08,
847.0,1.0,0.00250815745497,6.29666384067e-06,2.625081656e-08,
848.0,1.0,0.000381746361279,1.28075024822e-07,
849.0,1.0,0.00172724563463,2.98304682638e-06,4.15480821991e-09,
850.0,1.0,0.000674916348773,4.43216917019e-07,
851.0,1.0,0.000381728557129,1.47614223911e-07,
852.0,1.0,0.0014427621673,2.07939160072e-06,5.17036973504e-09,
853.0,1.0,0.000911704568037,8.29466020654e-07,
854.0,1.0,0.00117709611856,1.39661567289e-06,7.73052176835e-09,
855.0,1.0,0.00144275834698,2.0812794395e-06,1.08502266164e-08,
856.0,1.0,0.00130989179228,1.71498695342e-06,3.71603136078e-09,
857.0,1.0,0.00117709465904,1.38642073467e-06,5.72733247802e-09,
858.0,1.0,0.00124347428821,1.55159407259e-06,7.63811501055e-09,
859.0,1.0,0.00121029536832,1.46119499184e-06,4.38368835826e-09,
860.0,1.0,0.00117710528757,1.37591889701e-06,7.47448961569e-09,
861.0,1.0,0.00119369049795,1.42265358993e-06,6.96644363255e-09,
862.0,1.0,0.00121028035873,1.46023994635e-06,7.94911618332e-09,
863.0,1.0,0.00120197888978,1.44076471801e-06,1.9093087542e-08,
864.0,1.0,0.00120612237117,1.46236586325e-06,1.07342559889e-08,
865.0,1.0,0.00121027121219,1.47517930881e-06,1.2449971834e-08,
866.0,1.0,0.0012082040002,1.45258560691e-06,1.56030140402e-08,
867.0,1.0,0.00120925022814,1.46107873277e-06,8.69080235456e-09,
868.0,1.0,0.00121028534693,1.48020871317e-06,1.67236170423e-08,
869.0,1.0,0.00120975739261,1.47069820994e-06,7.11356910034e-09,
870.0,1.0,0.00120924573106,1.45649798553e-06,6.70530669043e-09,
871.0,1.0,0.00120871372354,1.47339263151e-06,1.03183041311e-08,
872.0,1.0,0.00120900277348,1.43325838622e-06,1.45142147956e-08,
873.0,1.0,0.00120886748436,1.45762890152e-06,1.12212974985e-08,
874.0,1.0,0.00120872362369,1.46377088676e-06,2.6672709691e-09,
875.0,1.0,0.00120858005551,1.47016746848e-06,1.37299989876e-08,
876.0,1.0,0.00120868222906,1.44202322391e-06,1.34525004178e-08,
877.0,1.0,0.00120873350379,1.45767272076e-06,7.61404815237e-09,
878.0,1.0,0.00120879440204,1.45877151734e-06,1.25075398803e-08,
879.0,1.0,0.0187850742132,0.000352878528642,6.62862810652e-06,1.31738018583e-07,
880.0,1.0,0.00984940754683,9.70068266077e-05,9.61742991189e-07,
881.0,1.0,0.00120879117657,1.47364786317e-06,2.10315018606e-08,
882.0,1.0,0.00715115618376,5.11413115371e-05,3.62426360727e-07,
883.0,1.0,0.00300540745509,9.03316521924e-06,1.97523328135e-08,
884.0,1.0,0.0012088104457,1.45063667594e-06,1.89606896283e-09,
885.0,1.0,0.0054931449039,3.01674543279e-05,1.59496161656e-07,
886.0,1.0,0.00334206218262,1.11780250755e-05,4.43405996221e-08,
887.0,1.0,0.00120877836493,1.49312230081e-06,1.74678789358e-08,
888.0,1.0,0.000906972684789,8.25025541797e-07,
889.0,1.0,0.00300541047392,9.04704262165e-06,3.72276855204e-08,
890.0,1.0,0.00195834233245,3.85725251703e-06,3.48058061198e-08,
891.0,1.0,0.000906962546019,8.13400381844e-07,
892.0,1.0,0.000148738797649,2.30052352653e-08,
893.0,1.0,0.0012088010464,1.45274214588e-06,1.1959576574e-08,
894.0,1.0,0.000678222733072,4.44585420645e-07,
895.0,1.0,0.000148717205481,2.17095462932e-08,
896.0,1.0,0.000379653431249,1.57788251114e-07,
897.0,1.0,0.000115602702694,1.80688441068e-08,
898.0,1.0,0.000148732962792,3.56201714044e-08,
899.0,1.0,1.65523603e-05,4.97779273221e-09,
900.0,1.0,0.00011559128757,4.41866868531e-09,
901.0,1.0,0.000247678799554,8.7005090785e-08,
902.0,1.0,0.000181628575095,3.23941945451e-08,
903.0,1.0,0.00011559736324,6.02033257724e-09,
904.0,1.0,4.95443167097e-05,2.44659053447e-08,
905.0,1.0,8.25759344645e-05,1.73412013973e-08,
906.0,1.0,0.000115603140352,3.4970318644e-08,
907.0,1.0,9.90599833638e-05,1.10507079659e-08,
908.0,1.0,8.25541745923e-05,1.0979458815e-08,
909.0,1.0,6.60511997527e-05,1.41954434162e-08,
910.0,1.0,7.42998574034e-05,2.70934300975e-08,
911.0,1.0,7.02070503303e-05,1.29424004913e-08,
912.0,1.0,6.60654020546e-05,6.49747214279e-09,
913.0,1.0,6.19188737013e-05,1.28880458393e-08,
914.0,1.0,6.3995004925e-05,1.83207881769e-08,
915.0,1.0,6.29728304562e-05,4.20207262292e-08,
916.0,1.0,6.34798172796e-05,1.68641186567e-08,
917.0,1.0,6.39786335503e-05,4.64788413765e-09,
918.0,1.0,6.45108219658e-05,6.30316758334e-09,
919.0,1.0,6.42532609709e-05,1.03125478024e-08,
920.0,1.0,6.43734070641e-05,3.23991742866e-09,
921.0,1.0,6.45002956162e-05,5.71349110724e-09,
922.0,1.0,6.44273064639e-05,9.67371609379e-09,
923.0,1.0,6.44587029611e-05,2.3581912908e-08,
924.0,1.0,6.44766275106e-05,1.78873344794e-08,
925.0,1.0,6.44289609561e-05,1.06994450224e-08,
926.0,1.0,6.44640304456e-05,3.40195109597e-08,
927.0,1.0,0.0174235324473,0.000303567895233,5.32538718563e-06,8.88097177391e-08,
928.0,1.0,0.00853312034559,7.28407413459e-05,6.25707003317e-07,
929.0,1.0,6.44235114176e-05,1.63172816909e-08,
930.0,1.0,0.00838342696413,7.03180826722e-05,6.24475736079e-07,
931.0,1.0,0.00425787947483,1.8114207866e-05,6.25732210596e-08,
932.0,1.0,6.44450167618e-05,3.85769080218e-08,
933.0,1.0,0.00419865738559,1.76450354746e-05,8.17618635514e-08,
934.0,1.0,0.00205829493318,4.24817048584e-06,1.00337315065e-08,
935.0,1.0,6.44250291659e-05,8.10748743105e-09,
936.0,1.0,0.00216976267623,4.71313163432e-06,7.48488725105e-09,
937.0,1.0,0.00111924841383,1.22657183442e-06,2.61410555298e-08,
938.0,1.0,0.0016450504376,2.71689261759e-06,2.42636100492e-08,
939.0,1.0,0.00216975723992,4.70315511788e-06,2.17238991095e-08,
940.0,1.0,0.00269341110409,7.3193654999e-06,6.75159665345e-08,
941.0,1.0,0.00243173604491,5.91657854146e-06,2.73595922501e-09,
942.0,1.0,0.00216976131284,4.72823855154e-06,1.36418590397e-08,
943.0,1.0,0.00230078063506,5.32287024526e-06,2.91925128466e-08,
944.0,1.0,0.00223525038019,4.96862932872e-06,1.71487347699e-08,
945.0,1.0,0.00216973577148,4.68140755788e-06,9.17005446222e-09,
946.0,1.0,0.00210426131633,4.46009883955e-06,1.49605885248e-08,
947.0,1.0,0.00213701640536,4.60896882533e-06,2.19737031829e-08,
948.0,1.0,0.00212056529167,4.48353583727e-06,4.73209879378e-08,
949.0,1.0,0.00212885470475,4.58038898489e-06,2.43701977406e-08,
950.0,1.0,0.00213700960441,4.58450184457e-06,5.45349790541e-09,
951.0,1.0,0.00214522233663,4.60767612968e-06,3.86503079408e-08,
952.0,1.0,0.00214106777528,4.59683997151e-06,4.26193887356e-08,
953.0,1.0,0.00214312340118,4.61543708381e-06,1.82655015779e-08,
954.0,1.0,0.00214519961291,4.59610232447e-06,3.56844172079e-08,
955.0,1.0,0.00214418330351,4.59043461718e-06,1.24694640643e-08,
956.0,1.0,0.00214315217877,4.59571382522e-06,2.92784732168e-08,
957.0,1.0,0.00214366038232,4.57024159959e-06,6.68538666864e-09,
958.0,1.0,0.00214415188158,4.6308140016e-06,5.7528258415e-08,
959.0,1.0,0.00214392955089,4.60466380339e-06,2.03124650645e-08,
960.0,1.0,0.00214358015126,4.55520195478e-06,5.95185528199e-09,
961.0,1.0,0.00214340258123,4.62864412308e-06,8.31840635025e-09,
962.0,1.0,0.00214354262438,4.5680694967e-06,1.97473900812e-08,
963.0,1.0,0.00214342602322,4.60158169549e-06,1.42703482704e-08,
964.0,1.0,0.00214335967047,4.62571782958e-06,4.17139545242e-08,
965.0,1.0,0.00214339557104,4.62898501438e-06,3.72938471757e-08,
966.0,1.0,0.00214346548503,4.62504543497e-06,8.00719922439e-08,
967.0,1.0,0.0152007812958,0.000231078492003,3.51226978512e-06,5.92066052666e-08,
968.0,1.0,0.00638408340771,4.07056769002e-05,2.92092863713e-07,
969.0,1.0,0.0021434438881,4.59737577532e-06,6.04688208689e-09,
970.0,1.0,0.0103957025316,0.000108053231956,1.11567719494e-06,6.92584488419e-09,
971.0,1.0,0.0063031937158,3.9723561804e-05,2.23043830394e-07,
972.0,1.0,0.00214355225315,4.59227762754e-06,1.6646183068e-08,
973.0,1.0,0.00208507941768,4.34030203301e-06,1.88040600915e-08,
974.0,1.0,3.78577551641e-05,4.77037562826e-08,
975.0,1.0,0.00214346270018,4.58831445123e-06,4.61289592146e-08,
976.0,1.0,0.00109280070349,1.16703149325e-06,4.65182393731e-08,
977.0,1.0,0.00161869446581,2.61706971178e-06,2.87113413971e-08,
978.0,1.0,0.00214350720596,4.64180565737e-06,1.84283784941e-08,
979.0,1.0,0.00266709405163,7.08407946915e-06,9.60496037182e-09,
980.0,1.0,0.00318978027978,1.02019025605e-05,5.55910415758e-08,
981.0,1.0,0.00292855487039,8.56557241142e-06,1.00954010275e-08,
982.0,1.0,0.00266711668805,7.13316165354e-06,2.51276679655e-08,
983.0,1.0,0.0027978973498,7.80903973208e-06,6.19270822472e-08,
984.0,1.0,0.00273248721627,7.4481215311e-06,3.04251066721e-08,
985.0,1.0,0.00266710720658,7.1021949656e-06,1.52514808453e-08,
986.0,1.0,0.00260174815187,6.70290587453e-06,4.27903290792e-08,
987.0,1.0,0.0147109777256,0.000216325791012,3.18468455652e-06,1.18834863775e-07,
988.0,1.0,0.00591034362714,3.49503216796e-05,1.71367803514e-07,
989.0,1.0,0.00260180517327,6.82820951633e-06,4.66772460739e-08,
990.0,1.0,0.010839338159,0.00011749570531,1.29615394389e-06,6.22006357466e-08,
991.0,1.0,0.00675401213482,4.5617889688e-05,2.75213952575e-07,
992.0,1.0,0.0026017504422,6.7835189957e-06,3.40702949215e-08,
993.0,1.0,0.00161913869883,2.71575642258e-06,6.12002349995e-08,
994.0,1.0,0.000499949210306,2.56052120949e-07,
995.0,1.0,0.00260174884081,6.68232964854e-06,4.93649459643e-08,
996.0,1.0,0.00155301543401,2.43882868272e-06,6.88569320477e-09,
997.0,1.0,0.000499954181916,2.64884518724e-07,
998.0,1.0,0.000557432662011,2.97233620174e-07,
999.0,1.0,2.82209990844e-05,1.25369947282e-08,
