Coordinates:
0.0,0.714285714286,1.42857142857,2.14285714286,2.85714285714,3.57142857143,4.28571428571,5.0,5.71428571429,6.42857142857,7.14285714286,7.85714285714,8.57142857143,9.28571428571,10.0,
Volumes:
0.357142857143,0.714285714286,0.714285714286,0.714285714286,0.714285714286,0.714285714286,0.714285714286,0.714285714286,0.714285714286,0.714285714286,0.714285714286,0.714285714286,0.714285714286,0.714285714286,0.357142857143,

 Time(s), Error (-) on vertices
1.0,0.0,76985.770494,19412.8327488,4904.758522,1240.83850337,314.208524897,79.6202822771,20.1866893521,5.12029865498,1.29921304088,0.32975766771,0.0837180817259,0.0212587624371,0.00539931340892,0.00137154691348,0.00034845433752,8.85393870755e-05,2.24999533155e-05,5.71843903842e-06,1.45335113999e-06,3.69392432371e-07,9.3821603292e-08,2.40013572648e-08,5.91745518488e-09,1.60537537384e-09,3.81108202577e-10,
2.0,0.162593564131,0.0337758625782,0.00726823170503,0.0016079271383,0.00036339838053,8.34988203376e-05,1.94358168972e-05,4.57094305285e-06,1.08403018771e-06,2.58864419308e-07,6.21744665464e-08,1.50066149895e-08,3.63735623363e-09,8.84881504438e-10,
3.0,0.107122528641,0.0239092965184,0.00543633813679,0.00125435969859,0.000292844421467,6.90215541576e-05,1.63957162285e-05,3.92020723025e-06,9.42499268367e-07,2.2766688475e-07,5.52190653709e-08,1.34408135321e-08,3.28192165588e-09,8.03608895192e-10,
4.0,0.0814680719464,0.0188644631934,0.00441557699368,0.00104275044368,0.000248069822699,5.9382725714e-05,1.4290180036e-05,3.4545101263e-06,8.38394467781e-07,2.04180201103e-07,4.98781052953e-08,1.2217858274e-08,3.00020566565e-09,7.38373794512e-10,
5.0,0.0666223104265,0.015760838681,0.00375465476541,0.000899766889658,0.000216715558429,5.24267108103e-05,1.27313850457e-05,3.10213764988e-06,7.58132923592e-07,1.8577733925e-07,4.56341231521e-08,1.1234168061e-08,2.77117976648e-09,6.84848039125e-10,
6.0,0.056849616008,0.0136374239479,0.00328741623066,0.000795823048463,0.000193370456101,4.71398164916e-05,1.15253522538e-05,2.82526558497e-06,6.94215348246e-07,1.70949220474e-07,4.21793732763e-08,1.04262134971e-08,2.58160235399e-09,6.40235060756e-10,
7.0,0.0474130355796,0.0132621147433,0.00372394095336,0.00104922180594,0.000296511245546,8.40209084469e-05,2.38666567734e-05,6.79450494278e-06,1.93822846883e-06,5.53941712316e-07,1.58590097184e-07,4.54767985325e-08,1.30605406388e-08,3.75621851333e-09,1.08173726177e-09,3.11923373331e-10,
8.0,0.0435585242357,0.0114303522168,0.00300819168177,0.000793749755136,0.000209936060026,5.56449283646e-05,1.47782370182e-05,3.93199281056e-06,1.04794756337e-06,2.79739842111e-07,7.47849706808e-08,2.00208257779e-08,5.36689398839e-09,1.44048430339e-09,3.87083350103e-10,
9.0,0.0405609318855,0.00995316829782,0.00244788321752,0.000603272595861,0.000148956570799,3.6844138741e-05,9.12824964257e-06,2.26501652214e-06,5.62833494675e-07,1.40048234427e-07,3.48925380104e-08,8.7039377883e-09,2.173709342e-09,5.4345747485e-10,
10.0,0.0381638715982,0.00873165451577,0.00200130629825,0.000459461881492,0.000105647028755,2.43274008611e-05,5.60955330899e-06,1.29515705377e-06,2.99397967689e-07,6.92916227658e-08,1.60543851427e-08,3.72360724045e-09,8.64515212267e-10,
11.0,0.0362100219808,0.00770204023397,0.00164060085454,0.000349932604103,7.4734007812e-05,1.59799647985e-05,3.42082608425e-06,7.33094466618e-07,1.57268071777e-07,3.37716433365e-08,7.25897808909e-09,1.56167969454e-09,3.36265303141e-10,
12.0,0.0345975336704,0.00682088922143,0.00134628127368,0.00026601456945,5.26172025162e-05,1.0417952994e-05,2.06466847814e-06,4.09556377811e-07,8.13121759468e-08,1.61569600757e-08,3.21300948776e-09,6.39423745014e-10,
13.0,0.0332572600328,0.00605720613648,0.00110422056412,0.000201474638917,3.67917544651e-05,6.72405824512e-06,1.22984187602e-06,2.25107756771e-07,4.12327221102e-08,7.55773706238e-09,1.38619849396e-09,2.5441666178e-10,
14.0,0.032140074438,0.00538799100908,0.00090389085616,0.00015174100038,2.54904099578e-05,4.28476591992e-06,7.20681835183e-07,1.2128757359e-07,2.04237533528e-08,3.4410516793e-09,5.80062792788e-10,
15.0,0.0312094823948,0.00479562612849,0.000737282988934,0.000113408518646,1.74530892355e-05,2.68724251338e-06,4.13944609381e-07,6.37927664752e-08,9.83529590707e-09,1.51699231806e-09,2.34076447281e-10,
16.0,0.0304371938019,0.00426628210678,0.000598210640037,8.39099760431e-05,1.17739808386e-05,1.65264183637e-06,2.3204667725e-07,3.25918274802e-08,4.57903742785e-09,6.43526889468e-10,
17.0,0.0298004265936,0.00378890938051,0.000481841634651,6.12900954494e-05,7.79775644647e-06,9.92293127744e-07,1.26298687114e-07,1.60784316821e-08,2.04725745825e-09,2.60721716034e-10,
18.0,0.0292802513062,0.00335457410004,0.000384369273369,4.40461195025e-05,5.04793088706e-06,5.78582042358e-07,6.63225817567e-08,7.60329306682e-09,8.71735477182e-10,
19.0,0.0288605688372,0.00295600095125,0.000302773859286,3.10131685368e-05,3.17678402439e-06,3.25418963239e-07,3.33358482285e-08,3.41501354851e-09,3.49850769762e-10,
20.0,0.0285274725766,0.00258724340328,0.000234645005583,2.12806738521e-05,1.93000960873e-06,1.75038505281e-07,1.58747697498e-08,1.43974225825e-09,1.30581029762e-10,
21.0,0.0282688410098,0.00224343513649,0.000178046690495,1.41308860686e-05,1.12155406488e-06,8.90197913933e-08,7.06592004882e-09,5.60882905484e-10,
22.0,0.028074065683,0.00192059568725,0.000131413503971,8.99332362713e-06,6.15572855471e-07,4.21425320709e-08,2.88566725382e-09,1.97636910681e-10,
23.0,0.0279338568332,0.00161547463937,9.34703178635e-05,5.41085481821e-06,3.1339456878e-07,1.81620845824e-08,1.05319095787e-09,6.1108877873e-11,
24.0,0.0278400927159,0.00132542556102,6.31699129923e-05,3.01432609469e-06,1.44030280028e-07,6.8922826649e-09,3.30354722978e-10,
25.0,0.0277856935133,0.00104830614462,3.96445974554e-05,1.5034944297e-06,5.72078667068e-08,2.18513042967e-09,8.38301557175e-11,
26.0,0.0277645097641,0.000782409491802,2.21690177981e-05,6.3262323529e-07,1.82162760256e-08,5.30371486466e-10,
27.0,0.0277712204963,0.000526466026168,1.0133023175e-05,1.99541496103e-07,4.0551714574e-09,8.56586412379e-11,
28.0,0.0278012390773,0.00028004544926,3.03110061714e-06,3.71668972131e-08,5.23836050672e-10,
29.0,0.0278506262056,5.68070262152e-05,4.36528381807e-07,3.82459370012e-09,3.59642328174e-11,
30.0,0.0279160100034,0.000202463018835,1.49505781198e-06,1.10450606195e-08,8.16186221839e-11,
31.0,0.0276583339216,9.14015851884e-05,3.08409810335e-07,1.11189311515e-09,6.23341846085e-12,
32.0,0.027419143962,4.61922781201e-05,3.30008482689e-07,2.85751728336e-09,2.55459196035e-11,
33.0,0.0273698846155,4.1224067025e-05,1.85395507969e-07,1.23847262384e-09,9.15566846923e-12,
34.0,0.0273339047957,8.96596459068e-05,2.97760268989e-07,1.0205823539e-09,4.24136713992e-12,
35.0,0.0273092614196,0.000144633254946,7.68858517127e-07,4.0923602921e-09,2.18048354429e-11,
36.0,0.027210401417,0.000116508835819,4.98990637665e-07,2.13844569183e-09,9.22489355039e-12,
37.0,0.0271205079732,8.85650823672e-05,2.91350363259e-07,9.74732880696e-10,
38.0,0.0270805713995,0.000102146173177,3.85475156199e-07,1.45619508485e-09,5.56531076556e-12,
39.0,0.0270472054416,0.000115867477549,4.96432269431e-07,2.12741026194e-09,9.1390487774e-12,
40.0,0.0269985698883,0.000108730773727,4.37893492324e-07,1.76373290457e-09,7.11555280787e-12,
41.0,0.0269549221326,0.000101611035947,3.83145144857e-07,1.44537970883e-09,5.47165245672e-12,
42.0,0.026915600392,9.45063269936e-05,3.32180360213e-07,1.16974103634e-09,4.12996332857e-12,
43.0,0.0268800382452,8.74149758091e-05,2.84999703809e-07,9.34365462623e-10,
44.0,0.0268582290861,9.07872311202e-05,3.07278587384e-07,1.04261583695e-09,3.55462951399e-12,
45.0,0.0268392655879,9.41788141061e-05,3.30675165755e-07,1.16227169431e-09,4.09922264239e-12,
46.0,0.0268175673046,9.23502461456e-05,3.18239640497e-07,1.09803119938e-09,3.78991710331e-12,
47.0,0.0267980593862,9.05309006554e-05,3.06067161632e-07,1.03626512295e-09,3.51809613311e-12,
48.0,0.0267804754917,8.87197373548e-05,2.94153808765e-07,9.76916356417e-10,
49.0,0.026767195279,8.95344170484e-05,2.99665176777e-07,1.00416018638e-09,3.37936368421e-12,
50.0,0.0267554065647,9.03560713526e-05,3.05276228261e-07,1.03226372025e-09,3.49284352726e-12,
51.0,0.026743632424,8.9874241277e-05,3.02147711076e-07,1.01655302278e-09,3.41177487003e-12,
52.0,0.026733026368,8.93975206341e-05,2.99056632752e-07,1.00109875572e-09,3.35338488403e-12,
53.0,0.0267234564244,8.89252974934e-05,2.96000202698e-07,9.85902457852e-10,
54.0,0.0267154584291,8.91117540924e-05,2.97314178113e-07,9.92453198214e-10,
55.0,0.0267079541073,8.89743161792e-05,2.96469825217e-07,9.88279730663e-10,
56.0,0.0267011803552,8.88399355442e-05,2.95640420739e-07,9.84179413168e-10,
57.0,0.0266950590104,8.87082526128e-05,2.94824175465e-07,9.80154468367e-10,
58.0,0.0266895211507,8.85789542825e-05,2.94019533163e-07,9.76168414911e-10,
59.0,0.0266845058831,8.8451767381e-05,2.93225157322e-07,9.72272402999e-10,
60.0,0.0266799593055,8.83264532036e-05,2.92439839688e-07,9.68413453571e-10,
61.0,0.0266758336162,8.82028027716e-05,2.9166262453e-07,9.64621662114e-10,
62.0,0.0266720863477,8.80806326568e-05,2.90892578539e-07,9.60822441817e-10,
63.0,0.0266686797063,8.79597817344e-05,2.90129030311e-07,9.57101957865e-10,
64.0,0.0266655800019,8.78401080379e-05,2.89371233882e-07,9.53377997223e-10,
65.0,0.0266627571552,8.77214863989e-05,2.8861866486e-07,9.49690572241e-10,
66.0,0.0266601842695,8.76038061342e-05,2.87870792802e-07,9.46027896997e-10,
67.0,0.0266578372597,8.74869693338e-05,2.87127228366e-07,9.42371569952e-10,
68.0,0.0266556945288,8.73708890947e-05,2.86387556743e-07,9.38793283944e-10,
69.0,0.0266537366857,8.72554882928e-05,2.85651447737e-07,9.35206545963e-10,
70.0,0.0266519462989,8.71406982468e-05,2.84918573592e-07,9.31615950353e-10,
71.0,0.0266503076798,8.702645792e-05,2.84188719772e-07,9.28049137701e-10,
72.0,0.0266488066939,8.69127126037e-05,2.83461653332e-07,9.24532354303e-10,
73.0,0.0266474305935,8.67994136271e-05,2.82737139536e-07,9.20991997959e-10,
74.0,0.0266461678706,8.66865172937e-05,2.820150117e-07,9.17472874986e-10,
75.0,0.0266450081277,8.65739846235e-05,2.81295191199e-07,9.13991801535e-10,
76.0,0.0266439419622,8.6461780453e-05,2.8057739027e-07,9.10517106258e-10,
77.0,0.0266429608649,8.63498733801e-05,2.79861614453e-07,9.07061026496e-10,
78.0,0.0266420571298,8.6238235033e-05,2.79147649003e-07,9.03587660054e-10,
79.0,0.0266412237735,8.61268400298e-05,2.78435460559e-07,9.00134566408e-10,
80.0,0.0266404544633,8.60156653654e-05,2.77724948131e-07,8.96727337706e-10,
81.0,0.0266397434536,8.59046904702e-05,2.77016083022e-07,8.93314712142e-10,
82.0,0.0266390855286,8.57938965068e-05,2.76308648494e-07,8.89874403219e-10,
83.0,0.0266384759513,8.56832667767e-05,2.75602751168e-07,8.86475915984e-10,
84.0,0.0266379104172,8.55727859251e-05,2.74898193108e-07,8.83079050275e-10,
85.0,0.0266373850137,8.54624403167e-05,2.74195041676e-07,8.79709464334e-10,
86.0,0.0266368961826,8.53522173977e-05,2.73493162676e-07,8.76332307153e-10,
87.0,0.0266364406871,8.52421059394e-05,2.72792602301e-07,8.72995657318e-10,
88.0,0.0266360155819,8.51320956278e-05,2.72093255873e-07,8.69665594089e-10,
89.0,0.0266356181858,8.50221772681e-05,2.71395074428e-07,8.6628475936e-10,
90.0,0.0266352460579,8.49123425e-05,2.70698117876e-07,8.6299495731e-10,
91.0,0.0266348969748,8.48025835403e-05,2.70002241672e-07,8.59664549047e-10,
92.0,0.0266345689113,8.46928936564e-05,2.69307503779e-07,8.56344968058e-10,
93.0,0.0266342600223,8.45832664395e-05,2.68613872006e-07,8.53041483536e-10,
94.0,0.026633968626,8.44736962398e-05,2.67921312052e-07,8.49759461309e-10,
95.0,0.0266336931898,8.43641778256e-05,2.67229779176e-07,8.46497567101e-10,
96.0,0.0266334323163,8.42547064999e-05,2.66539316138e-07,8.4320706648e-10,
97.0,0.0266331847315,8.41452780337e-05,2.65849901549e-07,8.39908189892e-10,
98.0,0.0266329492738,8.4035888416e-05,2.65161466352e-07,8.3666793656e-10,
99.0,0.0266327248834,8.3926534203e-05,2.64474032322e-07,8.33448374951e-10,
100.0,0.0266325105941,8.3817212121e-05,2.63787607595e-07,8.30179601028e-10,
101.0,0.0266323055243,8.37079192275e-05,2.63102114706e-07,8.26968570182e-10,
102.0,0.0266321088698,8.35986528553e-05,2.62417667117e-07,8.23740954475e-10,
103.0,0.0266319198967,8.34894106081e-05,2.61734100001e-07,8.20498239394e-10,
104.0,0.0266317379356,8.33801902628e-05,2.61051548743e-07,8.17326984591e-10,
105.0,0.0266315623755,8.32709897521e-05,2.60369920536e-07,8.14097650137e-10,
106.0,0.0266313926588,8.31618072529e-05,2.59689246886e-07,8.10959801948e-10,
107.0,0.0266312282767,8.30526411212e-05,2.59009471144e-07,8.07709284026e-10,
108.0,0.0266310687648,8.29434898703e-05,2.58330699326e-07,8.04612697955e-10,
109.0,0.0266309136993,8.28343520675e-05,2.57652787516e-07,8.01406833518e-10,
110.0,0.0266307626931,8.27252264495e-05,2.56975870373e-07,7.9826284189e-10,
111.0,0.0266306153932,8.26161118525e-05,2.56299853519e-07,7.95179668269e-10,
112.0,0.0266304714771,8.25070072019e-05,2.55624742935e-07,7.91998900803e-10,
113.0,0.0266303306505,8.23979116206e-05,2.54950502046e-07,7.88816402327e-10,
114.0,0.0266301926448,8.22888241091e-05,2.54277235199e-07,7.85737827067e-10,
115.0,0.0266300572146,8.21797439675e-05,2.53604794225e-07,7.82599201576e-10,
116.0,0.026629924136,8.20706705372e-05,2.52933324009e-07,7.79533698394e-10,
117.0,0.0266297932046,8.19616030248e-05,2.52262735162e-07,7.76437771291e-10,
118.0,0.0266296642336,8.18525408242e-05,2.51593047265e-07,7.73367735205e-10,
119.0,0.0266295370526,8.17434835787e-05,2.50924273194e-07,7.70287943423e-10,
120.0,0.0266294115061,8.16344305227e-05,2.50256358759e-07,7.67181707514e-10,
121.0,0.0266292874519,8.15253814273e-05,2.49589387633e-07,7.64079089873e-10,
122.0,0.0266291647602,8.1416335683e-05,2.48923299933e-07,7.6103957688e-10,
123.0,0.0266290433126,8.13072930541e-05,2.4825811089e-07,7.58025664812e-10,
124.0,0.026628923001,8.11982531611e-05,2.47593769937e-07,7.5496467721e-10,
125.0,0.0266288037265,8.10892156966e-05,2.46930423961e-07,7.51964410171e-10,
126.0,0.026628685399,8.09801803166e-05,2.46267840361e-07,7.48878580124e-10,
127.0,0.0266285679361,8.08711467435e-05,2.4560621464e-07,7.45861815184e-10,
128.0,0.0266284512627,8.07621148914e-05,2.44945477168e-07,7.4291348734e-10,
129.0,0.0266283353099,8.06530844329e-05,2.44285630397e-07,7.39922180334e-10,
130.0,0.0266282200152,8.0544055103e-05,2.43626726233e-07,7.36946543306e-10,
131.0,0.0266281053212,8.04350267849e-05,2.4296857316e-07,7.33926897802e-10,
132.0,0.0266279911757,8.03259993913e-05,2.42311448805e-07,7.30954673929e-10,
133.0,0.0266278775309,8.02169726017e-05,2.41655142567e-07,7.28025848439e-10,
134.0,0.0266277643432,8.01079463805e-05,2.40999668852e-07,7.25043012193e-10,
135.0,0.0266276515728,7.9998920699e-05,2.40345130175e-07,7.22051894635e-10,
136.0,0.0266275391833,7.98898953485e-05,2.39691512042e-07,7.19154050875e-10,
137.0,0.0266274271415,7.97808701465e-05,2.39038804464e-07,7.16207354719e-10,
138.0,0.0266273154171,7.96718451169e-05,2.38386941514e-07,7.13333004899e-10,
139.0,0.0266272039824,7.95628200998e-05,2.37735894326e-07,7.10363851819e-10,
140.0,0.0266270928121,7.94537950272e-05,2.37085789298e-07,7.07416803337e-10,
141.0,0.026626981883,7.93447698101e-05,2.36436524519e-07,7.04552979013e-10,
142.0,0.0266268711743,7.9235744574e-05,2.35788252705e-07,7.01647329956e-10,
143.0,0.0266267606664,7.91267188899e-05,2.35140756951e-07,6.98728048969e-10,
144.0,0.026626650342,7.90176929894e-05,2.34494154522e-07,6.95823595505e-10,
145.0,0.0266265401848,7.89086668994e-05,2.33848596939e-07,6.93071013888e-10,
146.0,0.0266264301803,7.87996402341e-05,2.33203776831e-07,6.90200413482e-10,
147.0,0.026626320315,7.869061326e-05,2.32559865912e-07,6.87379196964e-10,
148.0,0.0266262105767,7.85815858034e-05,2.31916796726e-07,6.84447788693e-10,
149.0,0.0266261009543,7.8472557792e-05,2.31274650956e-07,6.81616073024e-10,
150.0,0.0266259914375,7.83635292028e-05,2.30633380542e-07,6.78874903073e-10,
151.0,0.026625882017,7.82545001365e-05,2.29992949696e-07,6.75938803512e-10,
152.0,0.0266257726844,7.8145470403e-05,2.29353480166e-07,6.73113607153e-10,
153.0,0.0266256634318,7.80364402638e-05,2.28714969075e-07,6.70365708339e-10,
154.0,0.0266255542521,7.79274092357e-05,2.28077167419e-07,6.6758919076e-10,
155.0,0.0266254451389,7.78183776891e-05,2.27440404744e-07,6.64750471378e-10,
156.0,0.0266253360862,7.77093455286e-05,2.26804413016e-07,6.61914011238e-10,
157.0,0.0266252270887,7.76003125566e-05,2.26169224706e-07,6.59111455149e-10,
158.0,0.0266251181414,7.74912788786e-05,2.25535099517e-07,6.56344429508e-10,
159.0,0.0266250092398,7.73822445812e-05,2.24901718883e-07,6.53568074548e-10,
160.0,0.0266249003798,7.7273209489e-05,2.24269300139e-07,6.50876729063e-10,
161.0,0.0266247915577,7.71641736257e-05,2.23637812177e-07,6.48162364186e-10,
162.0,0.0266246827699,7.70551370742e-05,2.23007165286e-07,6.45412859459e-10,
163.0,0.0266245740133,7.69460997714e-05,2.22377327404e-07,6.42656036155e-10,
164.0,0.0266244652852,7.68370616848e-05,2.21748480777e-07,6.4000681238e-10,
165.0,0.0266243565829,7.67280227324e-05,2.21120473138e-07,6.37272912904e-10,
166.0,0.0266242479039,7.6618983114e-05,2.20493297224e-07,6.34586293694e-10,
167.0,0.0266241392462,7.65099426616e-05,2.19867167224e-07,6.31890861586e-10,
168.0,0.0266240306077,7.64009014671e-05,2.19241643143e-07,6.29099105669e-10,
169.0,0.0266239219866,7.6291859404e-05,2.18617269379e-07,6.2644309579e-10,
170.0,0.0266238133812,7.61828166346e-05,2.17993732538e-07,6.23782256687e-10,
171.0,0.0266237047901,7.60737728849e-05,2.1737091365e-07,6.21084755771e-10,
172.0,0.0266235962118,7.59647283943e-05,2.16749033896e-07,6.1848554672e-10,
173.0,0.0266234876451,7.58556830386e-05,2.16128097959e-07,6.15807478925e-10,
174.0,0.0266233790888,7.57466370109e-05,2.15508095467e-07,6.13155256816e-10,
175.0,0.0266232705419,7.56375900002e-05,2.14888811483e-07,6.10418333972e-10,
176.0,0.0266231620033,7.5528542232e-05,2.14270576675e-07,6.07967648758e-10,
177.0,0.0266230534724,7.5419493651e-05,2.13653093663e-07,6.05195128927e-10,
178.0,0.0266229449481,7.53104441398e-05,2.13036610052e-07,6.02588583304e-10,
179.0,0.0266228364298,7.52013938534e-05,2.12420985624e-07,6.00071904628e-10,
180.0,0.0266227279168,7.50923429135e-05,2.11806232984e-07,5.97322150729e-10,
181.0,0.0266226194086,7.49832909043e-05,2.11192380922e-07,5.9486679479e-10,
182.0,0.0266225109045,7.48742380429e-05,2.10579387704e-07,5.92196331978e-10,
183.0,0.026622402404,7.47651845597e-05,2.09967315981e-07,5.89546364482e-10,
184.0,0.0266222939067,7.46561299015e-05,2.09356012139e-07,5.87047160199e-10,
185.0,0.0266221854121,7.45470745755e-05,2.08745721363e-07,5.84635545707e-10,
186.0,0.0266220769199,7.44380184111e-05,2.08136172606e-07,5.81848341909e-10,
187.0,0.0266219684297,7.43289612893e-05,2.07527651695e-07,5.79537767889e-10,
188.0,0.0266218599412,7.42199034855e-05,2.06919924948e-07,5.76950975385e-10,
189.0,0.0266217514541,7.41108447859e-05,2.06313132709e-07,5.7432986535e-10,
190.0,0.026621642968,7.40017851814e-05,2.05707260522e-07,5.71831090683e-10,
191.0,0.0266215344829,7.38927247641e-05,2.05102110599e-07,5.69263787787e-10,
192.0,0.0266214259983,7.37836634277e-05,2.04497898348e-07,5.66710340847e-10,
193.0,0.0266213175142,7.36746013891e-05,2.03894755911e-07,5.64271557727e-10,
194.0,0.0266212090304,7.35655384659e-05,2.03292345094e-07,5.61753497896e-10,
195.0,0.0266211005466,7.34564746084e-05,2.02690832923e-07,5.5922354514e-10,
196.0,0.0266209920627,7.33474097562e-05,2.02090201853e-07,5.56873118324e-10,
197.0,0.0266208835786,7.32383442902e-05,2.01490585043e-07,5.54417785348e-10,
198.0,0.0266207750942,7.31292777974e-05,2.00891590556e-07,5.51905148105e-10,
199.0,0.0266206666093,7.30202106627e-05,2.00293721864e-07,5.49567678443e-10,
200.0,0.0266205581237,7.29111426371e-05,1.99696598098e-07,5.46946007943e-10,
201.0,0.0266204496375,7.28020734858e-05,1.99100276766e-07,5.44471895212e-10,
202.0,0.0266203411506,7.26930038781e-05,1.98505241141e-07,5.42226699957e-10,
203.0,0.0266202326627,7.25839330894e-05,1.97910653434e-07,5.39604185411e-10,
204.0,0.0266201241739,7.24748614254e-05,1.97317089314e-07,5.37318018202e-10,
205.0,0.0266200156841,7.23657892664e-05,1.96724391635e-07,5.34795499613e-10,
206.0,0.0266199071933,7.22567160105e-05,1.96132550944e-07,5.32287150446e-10,
207.0,0.0266197987013,7.21476418291e-05,1.95541685098e-07,5.29999179741e-10,
208.0,0.0266196902081,7.2038566986e-05,1.94951841887e-07,5.27582979796e-10,
209.0,0.0266195817137,7.19294911856e-05,1.94362582444e-07,5.25098347241e-10,
210.0,0.0266194732181,7.18204144261e-05,1.93774370805e-07,5.22675778213e-10,
211.0,0.0266193647211,7.17113367799e-05,1.93186933369e-07,5.20443180159e-10,
212.0,0.0266192562228,7.16022584795e-05,1.92600586076e-07,5.1800315296e-10,
213.0,0.026619147723,7.14931790897e-05,1.92014955667e-07,5.15767973154e-10,
214.0,0.0266190392219,7.13840992605e-05,1.91430185456e-07,5.13359324341e-10,
215.0,0.0266189307193,7.12750180671e-05,1.90846365173e-07,5.10942829464e-10,
216.0,0.0266188222153,7.1165936408e-05,1.90263433968e-07,5.08551556259e-10,
217.0,0.0266187137098,7.10568536825e-05,1.89681439473e-07,5.06298340678e-10,
218.0,0.0266186052027,7.09477701535e-05,1.89100394663e-07,5.0407339321e-10,
219.0,0.0266184966942,7.08386858417e-05,1.88519949577e-07,5.01622146312e-10,
220.0,0.0266183881841,7.07296003847e-05,1.87940682114e-07,4.99539338976e-10,
221.0,0.0266182796724,7.06205143485e-05,1.87362071468e-07,4.97216022579e-10,
222.0,0.0266181711591,7.05114274988e-05,1.86784523422e-07,4.94664236194e-10,
223.0,0.0266180626442,7.04023396592e-05,1.86207851932e-07,4.92561438387e-10,
224.0,0.0266179541278,7.0293250788e-05,1.85631847346e-07,4.90293353723e-10,
225.0,0.0266178456097,7.01841613926e-05,1.85057003615e-07,4.88042154432e-10,
226.0,0.02661773709,7.00750709476e-05,1.84482926153e-07,4.85665811015e-10,
227.0,0.0266176285686,6.99659797052e-05,1.83909568773e-07,4.83346436669e-10,
228.0,0.0266175200456,6.98568875272e-05,1.83337306677e-07,4.81155077793e-10,
229.0,0.026617411521,6.97477944233e-05,1.82765898521e-07,4.79030778406e-10,
230.0,0.0266173029947,6.96387007103e-05,1.8219536983e-07,4.76872378434e-10,
231.0,0.0266171944667,6.95296060168e-05,1.81625589594e-07,4.74371093508e-10,
232.0,0.026617085937,6.94205107062e-05,1.81056955456e-07,4.72095372877e-10,
233.0,0.0266169774057,6.93114141362e-05,1.804890329e-07,4.69918213731e-10,
234.0,0.0266168688727,6.92023169969e-05,1.79922007413e-07,4.67772705443e-10,
235.0,0.026616760338,6.90932188194e-05,1.79356026049e-07,4.65637039547e-10,
236.0,0.0266166518016,6.89841197321e-05,1.78790785853e-07,4.63369989442e-10,
237.0,0.0266165432635,6.88750198136e-05,1.78226315518e-07,4.61136812033e-10,
238.0,0.0266164347237,6.87659193983e-05,1.77663081708e-07,4.59209136962e-10,
239.0,0.0266163261822,6.86568175322e-05,1.77100062076e-07,4.56718378599e-10,
240.0,0.026616217639,6.85477151586e-05,1.76538435199e-07,4.54650331294e-10,
241.0,0.0266161090941,6.84386119762e-05,1.75977706996e-07,4.52446217608e-10,
242.0,0.0266160005474,6.83295080288e-05,1.75418145606e-07,4.50398915565e-10,
243.0,0.0266158919991,6.82204030996e-05,1.74858782302e-07,4.48060597953e-10,
244.0,0.026615783449,6.81112971169e-05,1.74300761901e-07,4.45986936415e-10,
245.0,0.0266156748973,6.80021903291e-05,1.737436246e-07,4.44133721471e-10,
246.0,0.0266155663438,6.78930828476e-05,1.73187121381e-07,4.41669733931e-10,
247.0,0.0266154577885,6.77839742311e-05,1.72631660748e-07,4.39793553838e-10,
248.0,0.0266153492316,6.76748651615e-05,1.72077017522e-07,4.37456923567e-10,
249.0,0.0266152406729,6.75657548631e-05,1.71523137815e-07,4.35342411389e-10,
250.0,0.0266151321126,6.74566439321e-05,1.70970280099e-07,4.33301752445e-10,
251.0,0.0266150235504,6.7347531943e-05,1.70418210126e-07,4.31144217047e-10,
252.0,0.0266149149866,6.72384194249e-05,1.69867240379e-07,4.29107227924e-10,
253.0,0.026614806421,6.71293058853e-05,1.69317514962e-07,4.27082021284e-10,
254.0,0.0266146978537,6.70201913493e-05,1.68767645799e-07,4.2484040229e-10,
255.0,0.0266145892847,6.69110760591e-05,1.68219484803e-07,4.22883934715e-10,
256.0,0.0266144807139,6.68019600178e-05,1.67672031252e-07,4.21069416297e-10,
257.0,0.0266143721414,6.66928427719e-05,1.67125101335e-07,4.18674841573e-10,
258.0,0.0266142635672,6.6583724804e-05,1.66579419413e-07,4.16717145514e-10,
259.0,0.0266141549913,6.64746063797e-05,1.66034762723e-07,4.14851784463e-10,
260.0,0.0266140464136,6.63654865603e-05,1.65490844707e-07,4.12800003918e-10,
261.0,0.0266139378341,6.62563661084e-05,1.64947442184e-07,4.10612575408e-10,
262.0,0.026613829253,6.61472450966e-05,1.64405481717e-07,4.08633346206e-10,
263.0,0.0266137206701,6.6038122928e-05,1.63864186746e-07,4.06699383476e-10,
264.0,0.0266136120855,6.59289997424e-05,1.63323774426e-07,4.04429213575e-10,
265.0,0.0266135034991,6.58198759619e-05,1.6278409989e-07,4.02540658199e-10,
266.0,0.026613394911,6.57107508257e-05,1.62245204906e-07,4.00410191609e-10,
267.0,0.0266132863212,6.56016256262e-05,1.61707659613e-07,3.98625601789e-10,
268.0,0.0266131777296,6.54924990639e-05,1.61170691214e-07,3.9650881809e-10,
269.0,0.0266130691363,6.53833715865e-05,1.6063474866e-07,3.94653489638e-10,
270.0,0.0266129605413,6.52742440621e-05,1.60100057128e-07,3.93005366872e-10,
271.0,0.0266128519445,6.5165114579e-05,1.59565548801e-07,3.90745665679e-10,
272.0,0.026612743346,6.50559849667e-05,1.5903206463e-07,3.88398236638e-10,
273.0,0.0266126347457,6.49468542809e-05,1.58500026194e-07,3.86950802321e-10,
274.0,0.0266125261437,6.4837722054e-05,1.57967940554e-07,3.8481600893e-10,
275.0,0.02661241754,6.47285898737e-05,1.57437183683e-07,3.82796991271e-10,
276.0,0.0266123089345,6.46194562936e-05,1.56907510229e-07,3.81013501377e-10,
277.0,0.0266122003273,6.45103222406e-05,1.56378973132e-07,3.79321615323e-10,
278.0,0.0266120917184,6.44011874882e-05,1.55850995874e-07,3.77144166626e-10,
279.0,0.0266119831077,6.42920511204e-05,1.55323428001e-07,3.75020786383e-10,
280.0,0.0266118744953,6.4182914308e-05,1.54797171618e-07,3.73173776171e-10,
281.0,0.0266117658812,6.40737771256e-05,1.5427188822e-07,3.71871860413e-10,
282.0,0.0266116572653,6.39646378875e-05,1.5374683978e-07,3.69371651826e-10,
283.0,0.0266115486476,6.38554994086e-05,1.53223992155e-07,3.67543438172e-10,
284.0,0.0266114400283,6.37463586675e-05,1.52700871669e-07,3.65461417322e-10,
285.0,0.0266113314072,6.36372179839e-05,1.52179304922e-07,3.63733607538e-10,
286.0,0.0266112227843,6.35280758503e-05,1.51658447042e-07,3.61894570823e-10,
287.0,0.0266111141597,6.3418933792e-05,1.51138630085e-07,3.60236533227e-10,
288.0,0.0266110055334,6.33097894042e-05,1.50618939783e-07,3.58592701729e-10,
289.0,0.0266108969054,6.32006450763e-05,1.50101219917e-07,3.56843978131e-10,
290.0,0.0266107882756,6.30915001144e-05,1.49583739383e-07,3.5499773292e-10,
291.0,0.026610679644,6.29823541996e-05,1.49067277056e-07,3.52844348788e-10,
292.0,0.0266105710107,6.28732061314e-05,1.48551285272e-07,3.50791609223e-10,
293.0,0.0266104623757,6.27640583755e-05,1.48036757344e-07,3.49143050354e-10,
294.0,0.026610353739,6.26549097536e-05,1.47522922882e-07,3.47081630642e-10,
295.0,0.0266102451005,6.25457604873e-05,1.47009799797e-07,3.45076201974e-10,
296.0,0.0266101364602,6.24366096722e-05,1.46497764014e-07,3.43793065709e-10,
297.0,0.0266100278183,6.23274588571e-05,1.45986737033e-07,3.41346318899e-10,
298.0,0.0266099191746,6.22183061395e-05,1.45476351665e-07,3.40010880903e-10,
299.0,0.0266098105291,6.21091532209e-05,1.4496680577e-07,3.38301132649e-10,
300.0,0.0266097018819,6.19999991058e-05,1.44458409293e-07,3.36254969112e-10,
301.0,0.026609593233,6.18908441404e-05,1.43950651512e-07,3.34417818964e-10,
302.0,0.0266094845823,6.17816891438e-05,1.43444498604e-07,3.33120587845e-10,
303.0,0.0266093759299,6.16725321246e-05,1.42938485775e-07,3.31652134264e-10,
304.0,0.0266092672758,6.15633750429e-05,1.42433560812e-07,3.29707119284e-10,
305.0,0.0266091586199,6.1454216979e-05,1.41929206585e-07,3.27374887398e-10,
306.0,0.0266090499622,6.13450580717e-05,1.41426557892e-07,3.25890334864e-10,
307.0,0.0266089413029,6.12358977285e-05,1.4092399937e-07,3.24432640883e-10,
308.0,0.0266088326418,6.11267368536e-05,1.40422509969e-07,3.225161908e-10,
309.0,0.0266087239789,6.10175749352e-05,1.39921894082e-07,3.20825988267e-10,
310.0,0.0266086153143,6.09084125337e-05,1.3942239654e-07,3.19162014142e-10,
311.0,0.026608506648,6.07992490477e-05,1.38923155695e-07,3.17186117531e-10,
312.0,0.0266083979799,6.06900854188e-05,1.38425910422e-07,3.15960054272e-10,
313.0,0.0266082893101,6.05809198509e-05,1.37928754323e-07,3.1428731027e-10,
314.0,0.0266081806386,6.04717539069e-05,1.37432810239e-07,3.12397469633e-10,
315.0,0.0266080719653,6.03625870783e-05,1.36937238779e-07,3.10753090283e-10,
316.0,0.0266079632902,6.02534203282e-05,1.36443707176e-07,3.08841412613e-10,
317.0,0.0266078546135,6.01442514062e-05,1.35950002949e-07,3.07419002088e-10,
318.0,0.0266077459349,6.00350813874e-05,1.35456228818e-07,3.05150208524e-10,
319.0,0.0266076372547,5.99259116204e-05,1.34965579087e-07,3.03869457212e-10,
320.0,0.0266075285727,5.98167401529e-05,1.34474988171e-07,3.02729255898e-10,
321.0,0.026607419889,5.97075682371e-05,1.33984602409e-07,3.00584803358e-10,
322.0,0.0266073112035,5.9598396185e-05,1.33496449817e-07,2.9925097892e-10,
323.0,0.0266072025163,5.94892218526e-05,1.33007952337e-07,2.97366424495e-10,
324.0,0.0266070938274,5.9380047502e-05,1.32520691553e-07,2.95224916195e-10,
325.0,0.0266069851367,5.92708712408e-05,1.32034900449e-07,2.94696382707e-10,
326.0,0.0266068764442,5.91616955189e-05,1.31548665412e-07,2.91971950432e-10,
327.0,0.02660676775,5.90525189282e-05,1.31064941332e-07,2.90811462446e-10,
328.0,0.0266066590541,5.89433411517e-05,1.30580831698e-07,2.8966313394e-10,
329.0,0.0266065503565,5.88341617006e-05,1.3009759218e-07,2.87082545349e-10,
330.0,0.0266064416571,5.87249822607e-05,1.29616132516e-07,2.86479735184e-10,
331.0,0.0266063329559,5.86158020038e-05,1.2913507981e-07,2.84481569328e-10,
332.0,0.026606224253,5.85066203141e-05,1.28654986531e-07,2.8318673708e-10,
333.0,0.0266061155484,5.83974385428e-05,1.28176793556e-07,2.82321541572e-10,
334.0,0.0266060068421,5.82882549364e-05,1.27697471001e-07,2.79837029859e-10,
335.0,0.026605898134,5.8179070369e-05,1.27219303836e-07,2.78097519215e-10,
336.0,0.0266057894241,5.8069885597e-05,1.2674301089e-07,2.76276143245e-10,
337.0,0.0266056807125,5.79607002635e-05,1.26268128185e-07,2.75091042193e-10,
338.0,0.0266055719992,5.78515137643e-05,1.25792278195e-07,2.72943603002e-10,
339.0,0.0266054632841,5.7742326485e-05,1.25318806025e-07,2.71956147627e-10,
340.0,0.0266053545673,5.76331377096e-05,1.24846591011e-07,2.71274054933e-10,
341.0,0.0266052458488,5.7523947925e-05,1.24373877025e-07,2.69587331706e-10,
342.0,0.0266051371285,5.74147588987e-05,1.2390311605e-07,2.67125094557e-10,
343.0,0.0266050284065,5.73055683086e-05,1.23432390693e-07,2.65426579301e-10,
344.0,0.0266049196827,5.71963762257e-05,1.22962398434e-07,2.64413989293e-10,
345.0,0.0266048109572,5.70871836656e-05,1.22494738289e-07,2.62941908545e-10,
346.0,0.0266047022299,5.69779902635e-05,1.2202735796e-07,2.61816526996e-10,
347.0,0.0266045935009,5.68687972931e-05,1.21561011479e-07,2.60627501875e-10,
348.0,0.0266044847701,5.67596018064e-05,1.21094732877e-07,2.58657785837e-10,
349.0,0.0266043760377,5.66504051152e-05,1.20628856774e-07,2.56548318239e-10,
350.0,0.0266042673034,5.65412082766e-05,1.20164223687e-07,2.54411107255e-10,
351.0,0.0266041585675,5.64320106646e-05,1.19701395888e-07,2.53370394055e-10,
352.0,0.0266040498298,5.63228117974e-05,1.19239857099e-07,2.51983503395e-10,
353.0,0.0266039410903,5.62136130638e-05,1.18777733552e-07,2.50903266197e-10,
354.0,0.0266038323491,5.6104412103e-05,1.18317377456e-07,2.49260233582e-10,
355.0,0.0266037236062,5.59952113595e-05,1.17857602059e-07,2.47449656828e-10,
356.0,0.0266036148615,5.5886009127e-05,1.17399476423e-07,2.467420039e-10,
357.0,0.0266035061151,5.57768059625e-05,1.16941221521e-07,2.44559230937e-10,
358.0,0.0266033973669,5.56676035567e-05,1.16485342437e-07,2.44210053209e-10,
359.0,0.026603288617,5.55583979022e-05,1.1602804026e-07,2.41004792805e-10,
360.0,0.0266031798654,5.54491923807e-05,1.15573338236e-07,2.41386389987e-10,
361.0,0.0266032342414,5.55037954256e-05,1.15800258951e-07,2.41728072173e-10,
362.0,0.0266032070535,5.54764943691e-05,1.1568599673e-07,2.406147273e-10,
363.0,0.0266031798654,5.54491925035e-05,1.15572839441e-07,2.40779228389e-10,
364.0,0.0266031934595,5.54628427699e-05,1.15629322986e-07,2.41418977025e-10,
365.0,0.0266031866625,5.54560184197e-05,1.15601404402e-07,2.39846057329e-10,
366.0,0.0266031798654,5.54491933779e-05,1.15573287846e-07,2.41268954234e-10,
367.0,0.0266031832639,5.54526049407e-05,1.15587723118e-07,2.41336984424e-10,
368.0,0.0266031815647,5.54508990466e-05,1.15579250069e-07,2.40050615902e-10,
369.0,0.0266031798654,5.54491927892e-05,1.15571985331e-07,2.40114729623e-10,
370.0,0.0266031807151,5.5450046037e-05,1.15577489993e-07,2.41044853695e-10,
371.0,0.0266031802902,5.54496190309e-05,1.15574526103e-07,2.40971393068e-10,
372.0,0.0266031798654,5.54491928326e-05,1.15572691545e-07,2.40276215851e-10,
373.0,0.0266031794406,5.54487649592e-05,1.15571280531e-07,2.41186522693e-10,
374.0,0.026603179653,5.54489791463e-05,1.1557219916e-07,2.41127593921e-10,
375.0,0.0266031798654,5.54491936108e-05,1.155748009e-07,2.42507189043e-10,
376.0,0.0266031797592,5.5449085685e-05,1.15573220833e-07,2.41908815078e-10,
377.0,0.026603179653,5.54489796361e-05,1.15572311132e-07,2.40600627423e-10,
378.0,0.0266031795468,5.54488730337e-05,1.15571605929e-07,2.40336712869e-10,
379.0,0.0266031794406,5.54487668353e-05,1.15571652079e-07,2.40445114199e-10,
380.0,0.0266031794937,5.54488213242e-05,1.15572853811e-07,2.41304111109e-10,
381.0,0.0266031794671,5.54487935362e-05,1.15571542608e-07,2.41341479092e-10,
382.0,0.0266031794804,5.54488055225e-05,1.15571581872e-07,2.41956630128e-10,
383.0,0.0266031794738,5.54487991889e-05,1.15571678357e-07,2.41436155074e-10,
384.0,0.0266031794671,5.54487927806e-05,1.15571161872e-07,2.41859905234e-10,
385.0,0.0266031794705,5.544879699e-05,1.15571923499e-07,2.39969424374e-10,
386.0,0.0266031794738,5.54487994933e-05,1.1557145921e-07,2.41253073587e-10,
387.0,0.0266031794721,5.54487981598e-05,1.15571383823e-07,2.41182870703e-10,
388.0,0.0266031794705,5.54487956278e-05,1.15570972766e-07,2.40561308121e-10,
389.0,0.0266031794688,5.54487941795e-05,1.15570414333e-07,2.39668242161e-10,
390.0,0.0266031794672,5.54487930166e-05,1.15571171831e-07,2.41073515419e-10,
391.0,0.026603179468,5.54487935582e-05,1.15571153565e-07,2.40547610703e-10,
392.0,0.0266031794688,5.54487961164e-05,1.15571823557e-07,2.40826154152e-10,
393.0,0.0266031794684,5.54487934796e-05,1.15571770359e-07,2.41641631297e-10,
394.0,0.0266031794686,5.54487942308e-05,1.15571227898e-07,2.40891798785e-10,
395.0,0.0266031794688,5.54487948305e-05,1.15571310202e-07,2.40676679343e-10,
396.0,0.026603179469,5.54487949013e-05,1.15570992508e-07,2.40413735239e-10,
397.0,0.0266031794692,5.54487954521e-05,1.15570789955e-07,2.40488431077e-10,
398.0,0.0266031794691,5.54487938832e-05,1.15571088638e-07,2.39569939074e-10,
399.0,0.026603179469,5.54487942871e-05,1.15572301782e-07,2.4199291156e-10,
400.0,0.0266031794691,5.54487950856e-05,1.1557176176e-07,2.40401218916e-10,
401.0,0.0266031794691,5.54487957887e-05,1.15572649146e-07,2.40618122629e-10,
402.0,0.0266031794691,5.54487937581e-05,1.15569925708e-07,2.39063757308e-10,
403.0,0.026603179469,5.54487949064e-05,1.15571740751e-07,2.42995851308e-10,
404.0,0.0266031794691,5.54487947339e-05,1.15571008028e-07,2.39948422783e-10,
405.0,0.0266031794691,5.54487963758e-05,1.1557237383e-07,2.41236894952e-10,
406.0,0.0266031794691,5.54487950424e-05,1.15571232651e-07,2.41050489332e-10,
407.0,0.0266031794691,5.54487948775e-05,1.15570856646e-07,2.40113229063e-10,
408.0,0.0266031794691,5.54487940338e-05,1.15571228949e-07,2.41018361347e-10,
409.0,0.0266031794691,5.54487950769e-05,1.15572106676e-07,2.40183677557e-10,
410.0,0.0266031794691,5.544879366e-05,1.15572049813e-07,2.39923315761e-10,
411.0,0.0266031794691,5.54487952318e-05,1.15572553823e-07,2.41350630894e-10,
412.0,0.0266031794691,5.54487939777e-05,1.15572362048e-07,2.40744341853e-10,
413.0,0.0266031794691,5.54487927328e-05,1.15570118569e-07,2.40576097819e-10,
414.0,0.026603179469,5.54487944922e-05,1.15571519998e-07,2.38978215518e-10,
415.0,0.0266031794691,5.54487947399e-05,1.15571904278e-07,2.42196549231e-10,
416.0,0.0266031794691,5.54487937918e-05,1.15571689088e-07,2.40180128647e-10,
417.0,0.0266031794691,5.54487943453e-05,1.15571310221e-07,2.41381786273e-10,
418.0,0.0266031794691,5.54487930233e-05,1.15570102293e-07,2.42022126795e-10,
419.0,0.0266031794691,5.54487932945e-05,1.15571444044e-07,2.42000406014e-10,
420.0,0.0266031794691,5.54487949571e-05,1.1557042184e-07,2.39790140173e-10,
421.0,0.0266031794691,5.54487965467e-05,1.15572761336e-07,2.41928593551e-10,
422.0,0.0266031794691,5.54487953199e-05,1.15570727393e-07,2.38421086715e-10,
423.0,0.0266031794691,5.54487948987e-05,1.15572079777e-07,2.42303069429e-10,
424.0,0.0266031794691,5.54487954128e-05,1.15572778461e-07,2.41359543066e-10,
425.0,0.0266031794692,5.5448793738e-05,1.15571189029e-07,2.41377737932e-10,
426.0,0.0266031794691,5.54487922945e-05,1.15571059614e-07,2.40181051482e-10,
427.0,0.0266031794691,5.54487955344e-05,1.15571290712e-07,2.40990678609e-10,
428.0,0.0266031794691,5.54487949207e-05,1.1557086314e-07,2.40588633082e-10,
429.0,0.0266031794691,5.54487962508e-05,1.15571993527e-07,2.40425579714e-10,
430.0,0.0266031794691,5.54487946181e-05,1.15571707137e-07,2.42739423688e-10,
431.0,0.0266031794691,5.54487950941e-05,1.15573360179e-07,2.41272155186e-10,
432.0,0.0266031794691,5.54487949329e-05,1.15570680002e-07,2.40865513208e-10,
433.0,0.026603179469,5.544879737e-05,1.1557424967e-07,2.42463648134e-10,
434.0,0.026603179469,5.54487964314e-05,1.15570593478e-07,2.3923548176e-10,
435.0,0.026603179469,5.54487968053e-05,1.15574804125e-07,2.40585722973e-10,
436.0,0.0266031794691,5.54487939446e-05,1.15569933048e-07,2.38938196326e-10,
437.0,0.026603179469,5.54487943562e-05,1.15571580718e-07,2.40879062454e-10,
438.0,0.0266031794691,5.54487898947e-05,1.15568374232e-07,2.40897930937e-10,
439.0,0.0266031794691,5.54487932827e-05,1.15570843525e-07,2.406692123e-10,
440.0,0.0266031794691,5.54487937924e-05,1.15572386423e-07,2.40429939505e-10,
441.0,0.026603179469,5.54487914839e-05,1.15570665488e-07,2.40616346001e-10,
442.0,0.026603179469,5.54487949308e-05,1.15572446408e-07,2.4250900013e-10,
443.0,0.0266031794691,5.54487955753e-05,1.15571366351e-07,2.4042551489e-10,
444.0,0.0266031794691,5.5448795504e-05,1.15571590996e-07,2.40333381352e-10,
445.0,0.0266031794691,5.54487952469e-05,1.15571267752e-07,2.39072015273e-10,
446.0,0.026603179469,5.54487933031e-05,1.15571471308e-07,2.42438772249e-10,
447.0,0.0266031794691,5.54487966172e-05,1.15573478298e-07,2.41777284048e-10,
448.0,0.026603179469,5.54487938087e-05,1.15570042592e-07,2.39224925606e-10,
449.0,0.0266031794691,5.54487941784e-05,1.15570332106e-07,2.38199593743e-10,
450.0,0.0266031794691,5.54487938163e-05,1.15570250399e-07,2.41542082765e-10,
451.0,0.0266031794691,5.54487941961e-05,1.15572749249e-07,2.4009674617e-10,
452.0,0.0266031794691,5.54487938712e-05,1.15570859781e-07,2.39528212477e-10,
453.0,0.0266031794691,5.54487963375e-05,1.15573231485e-07,2.43116260472e-10,
454.0,0.0266031794691,5.54487957603e-05,1.15573974702e-07,2.4162900488e-10,
455.0,0.0266031794691,5.54487950866e-05,1.15570355354e-07,2.40371206807e-10,
456.0,0.0266031794691,5.54487949996e-05,1.15570975729e-07,2.43067714129e-10,
457.0,0.026603179469,5.54487946354e-05,1.15572890217e-07,2.40963882965e-10,
458.0,0.0266031794691,5.54487909301e-05,1.15572758015e-07,2.4715590207e-10,
459.0,0.0266031794691,5.54487937166e-05,1.15570084006e-07,2.38859416774e-10,
460.0,0.026603179469,5.54487958651e-05,1.15573622382e-07,2.44052696049e-10,
461.0,0.026603179469,5.54487931391e-05,1.15570617867e-07,2.41519836569e-10,
462.0,0.0266031794691,5.54487922298e-05,1.15566868392e-07,2.38133529802e-10,
463.0,0.026603179469,5.54487946317e-05,1.15572146075e-07,2.41641734757e-10,
464.0,0.0266031794691,5.54487940141e-05,1.15569262816e-07,2.4074467156e-10,
465.0,0.026603179469,5.54487946617e-05,1.15572403154e-07,2.44197915131e-10,
466.0,0.026603179469,5.54487929661e-05,1.15571733628e-07,2.40294412028e-10,
467.0,0.026603179469,5.54487939699e-05,1.15571743204e-07,2.41680607649e-10,
468.0,0.026603179469,5.54487965874e-05,1.15571349856e-07,2.40233893848e-10,
469.0,0.026603179469,5.54487962498e-05,1.15574784826e-07,2.43145498471e-10,
470.0,0.0266031794691,5.54487953266e-05,1.15575603413e-07,2.43211984619e-10,
471.0,0.026603179469,5.54487959852e-05,1.15572243534e-07,2.40248082553e-10,
472.0,0.026603179469,5.54487908105e-05,1.15570194504e-07,2.43172885875e-10,
473.0,0.026603179469,5.54487937131e-05,1.15570032471e-07,2.37644218721e-10,
474.0,0.0266031794691,5.54487928714e-05,1.15570436218e-07,2.40048760454e-10,
475.0,0.026603179469,5.54487913965e-05,1.15572353143e-07,2.44079562982e-10,
476.0,0.026603179469,5.54487927226e-05,1.15570959078e-07,2.42574508884e-10,
477.0,0.026603179469,5.54487953095e-05,1.15570933159e-07,2.40299222004e-10,
478.0,0.026603179469,5.54487963564e-05,1.15572046699e-07,2.35711867482e-10,
479.0,0.0266031794691,5.5448794877e-05,1.15568434886e-07,2.40225005145e-10,
480.0,0.0266031794691,5.54487986662e-05,1.15574349766e-07,2.43150976355e-10,
481.0,0.0266031794691,5.54487934516e-05,1.15572672258e-07,2.42600246677e-10,
482.0,0.0266031794691,5.54487976958e-05,1.15573181697e-07,2.35208544725e-10,
483.0,0.0266031794692,5.54487964973e-05,1.15570463153e-07,2.37976894426e-10,
484.0,0.0266031794691,5.54487967968e-05,1.15573043228e-07,2.40500985251e-10,
485.0,0.026603179469,5.54487923171e-05,1.15570791586e-07,2.38462973436e-10,
486.0,0.0266031794691,5.54487963816e-05,1.1557305091e-07,2.41037999708e-10,
487.0,0.0266031794691,5.54487930902e-05,1.15573812413e-07,2.39466678091e-10,
488.0,0.0266031794691,5.54487980635e-05,1.15572737511e-07,2.39822390834e-10,
489.0,0.0266031794691,5.54487950877e-05,1.15572886749e-07,2.40090356198e-10,
490.0,0.026603179469,5.54487935812e-05,1.15571850091e-07,2.39868303747e-10,
491.0,0.026603179469,5.54487940447e-05,1.15572186375e-07,2.38469824359e-10,
492.0,0.0266031794691,5.54487944791e-05,1.15569727325e-07,2.43773334863e-10,
493.0,0.0266031794691,5.54487950427e-05,1.15574717947e-07,2.4112222913e-10,
494.0,0.0266031794691,5.54487925079e-05,1.15573674956e-07,2.44429675659e-10,
495.0,0.0266031794691,5.54487947619e-05,1.15571071478e-07,2.40844017785e-10,
496.0,0.0266031794691,5.54487992812e-05,1.15578026204e-07,2.43821678779e-10,
497.0,0.0266031794691,5.54487958769e-05,1.15572045742e-07,2.399571022e-10,
498.0,0.0266031794693,5.54487951829e-05,1.15573069376e-07,2.42933727034e-10,
499.0,0.0266031794692,5.5448792676e-05,1.15569284834e-07,2.40355186443e-10,
500.0,0.0266031794691,5.54487992177e-05,1.15573380379e-07,2.4359046819e-10,
501.0,0.0266031794691,5.54487972668e-05,1.15573186285e-07,2.46740857648e-10,
502.0,0.0266031794691,5.54487925437e-05,1.15569866666e-07,2.43249646479e-10,
503.0,0.0266031794691,5.54487959665e-05,1.15572832641e-07,2.41341540377e-10,
504.0,0.0266031794693,5.54487920249e-05,1.15572767918e-07,2.40542419546e-10,
505.0,0.0266031794691,5.54487909079e-05,1.15571342982e-07,2.39832433905e-10,
506.0,0.0266031794692,5.5448797495e-05,1.15568493338e-07,2.42526996683e-10,
507.0,0.026603179469,5.54487979335e-05,1.15576662675e-07,2.46621021306e-10,
508.0,0.0266031794691,5.54487947499e-05,1.15572836837e-07,2.39090513505e-10,
509.0,0.0266031794692,5.5448793448e-05,1.15566673596e-07,2.38701844896e-10,
510.0,0.026603179469,5.54487889507e-05,1.15566779406e-07,2.41211923353e-10,
511.0,0.0266031794691,5.54487944159e-05,1.15569657494e-07,2.39970186378e-10,
512.0,0.0266031794692,5.54487916385e-05,1.15571971343e-07,2.38886007193e-10,
513.0,0.026603179469,5.54487946724e-05,1.15569321432e-07,2.37125129452e-10,
514.0,0.0266031794689,5.54487932761e-05,1.15570605426e-07,2.41260751651e-10,
515.0,0.0266031794691,5.54487838277e-05,1.1556440164e-07,2.40000720823e-10,
516.0,0.0266031794692,5.54487929593e-05,1.1556656679e-07,2.35689191201e-10,
517.0,0.0266031794689,5.54487930204e-05,1.15568036574e-07,2.36272421388e-10,
518.0,0.0266031794691,5.5448790367e-05,1.15571484624e-07,2.44121531106e-10,
519.0,0.0266031794691,5.54487962369e-05,1.15571209515e-07,2.37240620421e-10,
520.0,0.0266031794692,5.54487956559e-05,1.15570764259e-07,2.3863671955e-10,
521.0,0.0266031794691,5.54487873971e-05,1.15567394687e-07,2.41115231322e-10,
522.0,0.026603179469,5.54488019183e-05,1.15575018714e-07,2.34508278705e-10,
523.0,0.0266031794691,5.54487998175e-05,1.15578026659e-07,2.42841622567e-10,
524.0,0.026603179469,5.5448793322e-05,1.15573663092e-07,2.42027106419e-10,
525.0,0.0266031794691,5.54487924384e-05,1.1557359562e-07,2.48068114846e-10,
526.0,0.0266031794691,5.54488033622e-05,1.15576561403e-07,2.41440011981e-10,
527.0,0.0266031794691,5.54487889795e-05,1.15577423666e-07,2.45186119458e-10,
528.0,0.0266031794691,5.54487918706e-05,1.15572015709e-07,2.40674956528e-10,
529.0,0.0266031794692,5.5448801076e-05,1.15572314181e-07,2.43430222839e-10,
530.0,0.026603179469,5.5448794137e-05,1.15569830249e-07,2.4188438672e-10,
531.0,0.0266031794689,5.54488026872e-05,1.15578573433e-07,2.45376132247e-10,
532.0,0.0266031794689,5.54487912299e-05,1.15568539939e-07,2.31265275149e-10,
533.0,0.0266031794689,5.54488001426e-05,1.15570338086e-07,2.34925923323e-10,
534.0,0.0266031794692,5.54487937482e-05,1.15575332155e-07,2.43570306197e-10,
535.0,0.0266031794693,5.54487925151e-05,1.15567017796e-07,2.32198386994e-10,
536.0,0.0266031794689,5.54487880589e-05,1.15565150467e-07,2.29111363571e-10,
537.0,0.0266031794694,5.54487945161e-05,1.15570259658e-07,2.39645682837e-10,
538.0,0.0266031794691,5.54487986874e-05,1.1557383558e-07,2.39702161606e-10,
539.0,0.0266031794691,5.54488052554e-05,1.15573305169e-07,2.38538735102e-10,
540.0,0.0266031794691,5.54487891504e-05,1.15571684829e-07,2.38983448969e-10,
541.0,0.0266031794688,5.54487898893e-05,1.15563747177e-07,2.36884155552e-10,
542.0,0.0266031794689,5.54487950495e-05,1.15576737774e-07,2.46676446752e-10,
543.0,0.0266031794691,5.54488001408e-05,1.15576365313e-07,2.40141491098e-10,
544.0,0.026603179469,5.54487943459e-05,1.15573157691e-07,2.397067091e-10,
545.0,0.026603179469,5.54487948959e-05,1.15575573218e-07,2.45703427418e-10,
546.0,0.0266031794691,5.54487937301e-05,1.1556687981e-07,2.32136474549e-10,
547.0,0.0266031794691,5.54487860272e-05,1.15567341353e-07,2.37684043619e-10,
548.0,0.0266031794692,5.54487874956e-05,1.15563444835e-07,2.31209761063e-10,
549.0,0.026603179469,5.54487952924e-05,1.15570933656e-07,2.38685408157e-10,
550.0,0.0266031794688,5.54487992439e-05,1.15572491307e-07,2.3932996137e-10,
551.0,0.0266031794691,5.54487989006e-05,1.15568625121e-07,2.45003890717e-10,
552.0,0.0266031794692,5.5448795907e-05,1.1557706944e-07,2.54480971096e-10,
553.0,0.0266031794689,5.54487873064e-05,1.15569405862e-07,2.43007363163e-10,
554.0,0.0266031794692,5.54487978957e-05,1.15571382235e-07,2.40319119137e-10,
555.0,0.0266031794688,5.54487952476e-05,1.1556988212e-07,2.40895172039e-10,
556.0,0.0266031794691,5.54488054548e-05,1.1558678204e-07,2.41195088088e-10,
557.0,0.026603179469,5.54487905462e-05,1.15570578438e-07,2.42719197754e-10,
558.0,0.0266031794689,5.54487916842e-05,1.15567463653e-07,2.31717297399e-10,
559.0,0.0266031794692,5.54487914463e-05,1.15563279372e-07,2.35604953524e-10,
560.0,0.0266031794691,5.54487840378e-05,1.15570155127e-07,2.44668266104e-10,
561.0,0.0266031794693,5.54487925084e-05,1.1557036432e-07,2.37718185076e-10,
562.0,0.0266031794691,5.5448787079e-05,1.15570949775e-07,2.37751729954e-10,
563.0,0.0266031794691,5.54487965774e-05,1.15573106284e-07,2.4110334539e-10,
564.0,0.026603179469,5.54487957015e-05,1.15573958705e-07,2.5322851772e-10,
565.0,0.0266031794692,5.54488016678e-05,1.15593266168e-07,2.56732806731e-10,
566.0,0.0266031794692,5.5448790437e-05,1.15560379855e-07,2.44317726173e-10,
567.0,0.026603179469,5.54487945483e-05,1.15581735321e-07,2.53207014973e-10,
568.0,0.0266031794689,5.5448797176e-05,1.15578301058e-07,2.58644880745e-10,
569.0,0.0266031794688,5.54488002066e-05,1.15572224434e-07,2.41267693068e-10,
570.0,0.0266031794689,5.54488004511e-05,1.15571786088e-07,2.39375634971e-10,
571.0,0.026603179469,5.54487996441e-05,1.15576649074e-07,2.41260815237e-10,
572.0,0.0266031794693,5.54487808973e-05,1.15562189784e-07,2.44928941596e-10,
573.0,0.026603179469,5.54487920297e-05,1.15567526752e-07,2.45372180119e-10,
574.0,0.0266031794693,5.54487861247e-05,1.15561025375e-07,2.27724055094e-10,
575.0,0.0266031794693,5.54487936368e-05,1.15570787271e-07,2.42532914264e-10,
576.0,0.0266031794691,5.54487964487e-05,1.15575265605e-07,2.39183609021e-10,
577.0,0.0266031794692,5.5448785303e-05,1.15560794868e-07,2.35737059665e-10,
578.0,0.0266031794691,5.54487977249e-05,1.15567764913e-07,2.32263156685e-10,
579.0,0.0266031794689,5.54487935552e-05,1.15570843129e-07,2.34260504789e-10,
580.0,0.0266031794692,5.54488165068e-05,1.15582790181e-07,2.37195132067e-10,
581.0,0.0266031794692,5.54487979975e-05,1.1557644608e-07,2.35898930502e-10,
582.0,0.026603179469,5.54487828923e-05,1.15563167586e-07,2.434836908e-10,
583.0,0.026603179469,5.54487945618e-05,1.15575794279e-07,2.50328205564e-10,
584.0,0.0266031794696,5.54488050842e-05,1.15575517015e-07,2.42282240785e-10,
585.0,0.0266031794688,5.54488058967e-05,1.15571468775e-07,2.4531943286e-10,
586.0,0.0266031794688,5.54488004961e-05,1.15577270792e-07,2.42163050418e-10,
587.0,0.026603179469,5.54488001296e-05,1.15581719778e-07,2.44265120927e-10,
588.0,0.0266031794689,5.54487991773e-05,1.15578983576e-07,2.5998049528e-10,
589.0,0.0266031794692,5.5448780474e-05,1.15564879464e-07,2.44899845684e-10,
590.0,0.0266031794687,5.54487838401e-05,1.15571794813e-07,2.55690194283e-10,
591.0,0.0266031794694,5.54487924575e-05,1.15574655664e-07,2.58395394473e-10,
592.0,0.0266031794693,5.54487898912e-05,1.15568571117e-07,2.47682555694e-10,
593.0,0.0266031794689,5.54487829958e-05,1.15571358708e-07,2.41607624703e-10,
594.0,0.0266031794691,5.54488096502e-05,1.15574676644e-07,2.33045938804e-10,
595.0,0.0266031794691,5.54488022505e-05,1.15567036632e-07,2.35837531135e-10,
596.0,0.0266031794692,5.54488126936e-05,1.15573912687e-07,2.20918810365e-10,
597.0,0.0266031794693,5.54487954354e-05,1.15557995401e-07,2.34899909442e-10,
598.0,0.0266031794694,5.54488020115e-05,1.15587622358e-07,2.42493125443e-10,
599.0,0.0266031794691,5.54488074424e-05,1.15584507543e-07,2.42605226939e-10,
600.0,0.0266031794689,5.54487982565e-05,1.15566648304e-07,2.46825977912e-10,
601.0,0.0266031794692,5.54488139056e-05,1.15594492948e-07,2.41812293e-10,
602.0,0.0266031794691,5.54488017938e-05,1.1558280899e-07,2.53838683861e-10,
603.0,0.0266031794693,5.54488016674e-05,1.15567577294e-07,2.3696669565e-10,
604.0,0.0266031794692,5.54488005215e-05,1.15577508447e-07,2.20955370209e-10,
605.0,0.026603179469,5.54487799504e-05,1.15557948573e-07,2.39946908829e-10,
606.0,0.0266031794687,5.54488036062e-05,1.15583796383e-07,2.48973085187e-10,
607.0,0.0266031794692,5.54487725979e-05,1.15551156238e-07,2.23820317187e-10,
608.0,0.0266031794693,5.54488049714e-05,1.15583044847e-07,2.38955073858e-10,
609.0,0.0266031794694,5.54488107723e-05,1.15579177097e-07,2.34032112235e-10,
610.0,0.0266031794698,5.54487945016e-05,1.15568399487e-07,2.50515550348e-10,
611.0,0.0266031794693,5.54488061404e-05,1.15585695417e-07,2.4601044586e-10,
612.0,0.0266031794689,5.54487925637e-05,1.15581533865e-07,2.4149988163e-10,
613.0,0.026603179469,5.54488004353e-05,1.15554002463e-07,2.47877455545e-10,
614.0,0.0266031794693,5.54488166879e-05,1.15585903356e-07,2.56048263368e-10,
615.0,0.0266031794688,5.54487715e-05,1.15560956147e-07,2.57181817361e-10,
616.0,0.026603179469,5.54488054656e-05,1.1556580544e-07,2.36538433026e-10,
617.0,0.0266031794688,5.54488097218e-05,1.15589234608e-07,2.39214087599e-10,
618.0,0.026603179469,5.54487942963e-05,1.15585558122e-07,2.43039537329e-10,
619.0,0.0266031794697,5.54487864994e-05,1.15561370695e-07,2.36125144743e-10,
620.0,0.0266031794692,5.54487908918e-05,1.15565563457e-07,2.47715761932e-10,
621.0,0.0266031794688,5.54487886574e-05,1.15573696689e-07,2.3999979145e-10,
622.0,0.0266031794693,5.54487905673e-05,1.15564861806e-07,2.6450359411e-10,
623.0,0.0266031794694,5.54487972968e-05,1.15574404283e-07,2.31085746931e-10,
624.0,0.0266031794694,5.54487907619e-05,1.15559203272e-07,2.38642417767e-10,
625.0,0.0266031794692,5.54488050635e-05,1.15602152532e-07,2.67707744073e-10,
626.0,0.0266031794687,5.54487892568e-05,1.15577854242e-07,2.48270402395e-10,
627.0,0.0266031794692,5.54488032911e-05,1.155887329e-07,2.45353920985e-10,
628.0,0.0266031794684,5.54487871787e-05,1.15581808604e-07,2.40531748465e-10,
629.0,0.0266031794701,5.54487908644e-05,1.15565604773e-07,2.19679729535e-10,
630.0,0.0266031794689,5.54488058458e-05,1.15582246328e-07,2.5213402124e-10,
631.0,0.0266031794691,5.54488010831e-05,1.15588918783e-07,2.56531187581e-10,
632.0,0.0266031794688,5.54487932413e-05,1.15564379939e-07,2.46082299559e-10,
633.0,0.0266031794693,5.54487647261e-05,1.15567305331e-07,2.39169907741e-10,
634.0,0.0266031794686,5.54487779092e-05,1.15570477226e-07,2.37309446188e-10,
635.0,0.0266031794697,5.5448804718e-05,1.15586549642e-07,2.50561104248e-10,
636.0,0.026603179469,5.54488003029e-05,1.15574359824e-07,2.40851575344e-10,
637.0,0.026603179469,5.54487883558e-05,1.15575431019e-07,2.45026342986e-10,
638.0,0.0266031794683,5.54487827282e-05,1.15562708845e-07,2.48059249474e-10,
639.0,0.0266031794688,5.54488124278e-05,1.15568890167e-07,2.52013512119e-10,
640.0,0.026603179469,5.54488272371e-05,1.15602804197e-07,2.47918557782e-10,
641.0,0.0266031794688,5.54487569346e-05,1.15570395893e-07,2.42418379428e-10,
642.0,0.0266031794688,5.5448785399e-05,1.1555922395e-07,2.32901577732e-10,
643.0,0.0266031794688,5.54487866285e-05,1.15542171579e-07,2.29040078429e-10,
644.0,0.0266031794688,5.54488122985e-05,1.15567867833e-07,2.3822664842e-10,
645.0,0.0266031794691,5.54488162916e-05,1.15608141749e-07,2.57300728938e-10,
646.0,0.0266031794693,5.54487954486e-05,1.15568360324e-07,2.40462353365e-10,
647.0,0.0266031794694,5.54487775407e-05,1.15582526939e-07,2.44354436604e-10,
648.0,0.0266031794697,5.54488046035e-05,1.15572751544e-07,2.47748309266e-10,
649.0,0.0266031794691,5.54487773005e-05,1.1558059209e-07,2.29856352171e-10,
650.0,0.0266031794681,5.54488172412e-05,1.15605677021e-07,2.55648259167e-10,
651.0,0.0266031794695,5.54488016883e-05,1.15563019494e-07,2.21546773531e-10,
652.0,0.0266031794695,5.54488076689e-05,1.15568699436e-07,2.21690477464e-10,
653.0,0.0266031794697,5.54488248456e-05,1.15571893289e-07,2.42189914407e-10,
654.0,0.0266031794691,5.54487845224e-05,1.1552856857e-07,2.23133192535e-10,
655.0,0.0266031794693,5.54487980126e-05,1.15560039021e-07,2.37024747741e-10,
656.0,0.0266031794682,5.54488186229e-05,1.15573631608e-07,2.29095989381e-10,
657.0,0.0266031794683,5.54487999481e-05,1.15574139411e-07,2.33491732326e-10,
658.0,0.0266031794698,5.54488133475e-05,1.15592219117e-07,2.73929576712e-10,
659.0,0.0266031794692,5.5448787543e-05,1.15601006335e-07,2.63148541633e-10,
660.0,0.0266031794687,5.54488325373e-05,1.15605523519e-07,2.47213158429e-10,
661.0,0.0266031794698,5.54487830617e-05,1.15582686116e-07,2.44316457636e-10,
662.0,0.026603179469,5.54487659091e-05,1.15563303218e-07,2.25530883641e-10,
663.0,0.0266031794686,5.54487444421e-05,1.15559522161e-07,2.52641863689e-10,
664.0,0.0266031794693,5.54487636768e-05,1.15546452195e-07,2.41924455252e-10,
665.0,0.0266031794697,5.54487482899e-05,1.15526051567e-07,2.0266546343e-10,
666.0,0.0266031794687,5.54487362847e-05,1.15544614037e-07,2.53148113124e-10,
667.0,0.0266031794689,5.5448789014e-05,1.15592883242e-07,2.48999244604e-10,
668.0,0.0266031794686,5.54487977489e-05,1.1558836109e-07,2.2160995106e-10,
669.0,0.0266031794686,5.54488254909e-05,1.15619204493e-07,2.74402647626e-10,
670.0,0.026603179469,5.54487827979e-05,1.15595725079e-07,2.25041673316e-10,
671.0,0.0266031794695,5.5448820115e-05,1.15577513925e-07,2.33019549123e-10,
672.0,0.0266031794688,5.54487972086e-05,1.15568477912e-07,2.28223893824e-10,
673.0,0.0266031794688,5.5448830056e-05,1.15595180822e-07,2.49547712378e-10,
674.0,0.02660317947,5.54487750695e-05,1.15590606222e-07,2.26369513228e-10,
675.0,0.0266031794681,5.54488005094e-05,1.15551487337e-07,2.1958152854e-10,
676.0,0.0266031794683,5.5448755971e-05,1.15580823701e-07,2.18822473783e-10,
677.0,0.0266031794687,5.54487714165e-05,1.155639281e-07,2.61468978527e-10,
678.0,0.0266031794676,5.54488165784e-05,1.15604986097e-07,2.75421273736e-10,
679.0,0.0266031794695,5.54487806509e-05,1.15542931644e-07,2.45596653479e-10,
680.0,0.0266031794687,5.54487601792e-05,1.1557563895e-07,2.60491579237e-10,
681.0,0.026603179468,5.5448764227e-05,1.1558222335e-07,2.83117811543e-10,
682.0,0.026603179469,5.5448763182e-05,1.1549751887e-07,2.00104755894e-10,
683.0,0.0266031794692,5.54488200609e-05,1.1559791292e-07,2.73065347627e-10,
684.0,0.0266031794688,5.54488096006e-05,1.15575286966e-07,2.8364119641e-10,
685.0,0.0266031794693,5.54488067845e-05,1.15625248883e-07,2.76917586905e-10,
686.0,0.0266031794695,5.54487418207e-05,1.15518631013e-07,2.08815448432e-10,
687.0,0.0266031794696,5.54488207956e-05,1.15582326245e-07,2.32873507967e-10,
688.0,0.0266031794698,5.54487825656e-05,1.15584571517e-07,2.80247881181e-10,
689.0,0.0266031794698,5.54488100367e-05,1.15603235706e-07,2.71478714113e-10,
690.0,0.0266031794673,5.54487706685e-05,1.15577451019e-07,2.70814802691e-10,
691.0,0.0266031794694,5.54487853512e-05,1.15573053804e-07,2.16970752983e-10,
692.0,0.026603179469,5.54487767705e-05,1.15547578425e-07,2.33457250888e-10,
693.0,0.0266031794685,5.54487910248e-05,1.15577442551e-07,2.70693130787e-10,
694.0,0.0266031794685,5.54488173226e-05,1.15528561375e-07,1.93254854101e-10,
695.0,0.0266031794692,5.5448753454e-05,1.15537600945e-07,2.4718851798e-10,
696.0,0.0266031794694,5.54487732956e-05,1.15561844474e-07,2.60042813591e-10,
697.0,0.02660317947,5.54487647496e-05,1.15571483177e-07,2.42870467096e-10,
698.0,0.0266031794694,5.54488702684e-05,1.15602920941e-07,2.6657131006e-10,
699.0,0.0266031794675,5.54488021039e-05,1.15567469531e-07,2.19360988972e-10,
700.0,0.0266031794693,5.54488275395e-05,1.15638593119e-07,2.68495226949e-10,
701.0,0.0266031794688,5.54487679325e-05,1.15538119193e-07,2.33254725554e-10,
702.0,0.0266031794707,5.54488068349e-05,1.15595256548e-07,2.49095176007e-10,
703.0,0.0266031794682,5.54488205631e-05,1.15608063572e-07,2.47835411646e-10,
704.0,0.0266031794695,5.54487734052e-05,1.15557143155e-07,2.03859153694e-10,
705.0,0.0266031794697,5.54487818191e-05,1.15539368728e-07,2.25605724555e-10,
706.0,0.0266031794696,5.54487727399e-05,1.15515971333e-07,2.05289040169e-10,
707.0,0.0266031794684,5.54487765e-05,1.15558860066e-07,2.81089272247e-10,
708.0,0.0266031794689,5.54487953213e-05,1.15589100555e-07,2.09787879954e-10,
709.0,0.0266031794696,5.54487603794e-05,1.15559552771e-07,2.15247465931e-10,
710.0,0.0266031794697,5.5448750413e-05,1.15579333707e-07,2.32466371432e-10,
711.0,0.0266031794696,5.54487693317e-05,1.15572433784e-07,2.51216969085e-10,
712.0,0.0266031794688,5.54488130507e-05,1.1558573805e-07,2.43151143659e-10,
713.0,0.0266031794694,5.54487955382e-05,1.15544858923e-07,2.23004717047e-10,
714.0,0.026603179469,5.54488276688e-05,1.15537443485e-07,1.49893007997e-10,
715.0,0.0266031794682,5.54487857388e-05,1.15517946338e-07,1.60368210465e-10,
716.0,0.0266031794691,5.54488274725e-05,1.15582949979e-07,2.20612114876e-10,
717.0,0.0266031794678,5.54487658117e-05,1.15560620826e-07,2.07320168232e-10,
718.0,0.0266031794698,5.54488061168e-05,1.15583295641e-07,1.98370449546e-10,
719.0,0.0266031794702,5.5448853832e-05,1.15575470459e-07,2.04762760152e-10,
720.0,0.0266031794678,5.54487228855e-05,1.155280071e-07,2.69241225323e-10,
721.0,0.0266031794695,5.5448809439e-05,1.15528025861e-07,2.11628005686e-10,
722.0,0.0266031794678,5.54488177894e-05,1.15580292576e-07,1.99198048189e-10,
723.0,0.0266031794694,5.54487638059e-05,1.1555010909e-07,2.6398380581e-10,
724.0,0.0266031794682,5.54488322147e-05,1.15596107113e-07,2.1591661659e-10,
725.0,0.0266031794699,5.54487825324e-05,1.15548165942e-07,2.4609183132e-10,
726.0,0.0266031794673,5.5448819502e-05,1.15612171765e-07,2.42071735228e-10,
727.0,0.0266031794689,5.54487855162e-05,1.15640519173e-07,2.86413983971e-10,
728.0,0.0266031794695,5.54487889232e-05,1.1562592238e-07,2.78308323666e-10,
729.0,0.0266031794704,5.54487486146e-05,1.15437643331e-07,8.74806425165e-11,
730.0,0.0266031794687,5.54488720987e-05,1.15641750798e-07,2.98047059784e-10,
731.0,0.0266031794699,5.54487996287e-05,1.15652042372e-07,2.77018588469e-10,
732.0,0.0266031794676,5.54487060362e-05,1.15518699344e-07,1.55367960631e-10,
733.0,0.0266031794689,5.5448826199e-05,1.15627660619e-07,2.60114184694e-10,
734.0,0.0266031794706,5.54487364828e-05,1.15583438746e-07,2.67293037208e-10,
735.0,0.0266031794675,5.54487227603e-05,1.15506076836e-07,2.29932448999e-10,
736.0,0.0266031794682,5.54487445553e-05,1.15509533151e-07,2.31855477836e-10,
737.0,0.0266031794676,5.54487690844e-05,1.15553294031e-07,1.22150919969e-10,
738.0,0.0266031794676,5.5448757489e-05,1.15658471924e-07,3.09929818713e-10,
739.0,0.0266031794693,5.54487747071e-05,1.15603443578e-07,2.44874170228e-10,
740.0,0.0266031794704,5.54487280802e-05,1.15551458994e-07,2.42628571714e-10,
741.0,0.0266031794662,5.54487178164e-05,1.15495285822e-07,1.84948974478e-10,
742.0,0.0266031794691,5.54487866178e-05,1.15554783737e-07,1.64848815474e-10,
743.0,0.02660317947,5.54487761621e-05,1.15591597359e-07,3.09462750797e-10,
744.0,0.0266031794718,5.54487689973e-05,1.15575379378e-07,2.6742919028e-10,
745.0,0.0266031794694,5.54487525622e-05,1.15527735612e-07,2.33023935515e-10,
746.0,0.0266031794697,5.54488112863e-05,1.15577651048e-07,2.12245832889e-10,
747.0,0.0266031794681,5.54487133406e-05,1.15536194485e-07,2.39679100993e-10,
748.0,0.0266031794687,5.54488165103e-05,1.15673752913e-07,2.58480803652e-10,
749.0,0.0266031794696,5.54487758696e-05,1.15569802559e-07,1.96035233893e-10,
750.0,0.0266031794703,5.54487702123e-05,1.15583024869e-07,3.02298527218e-10,
751.0,0.0266031794682,5.54488085767e-05,1.15494713358e-07,2.17638005398e-10,
752.0,0.0266031794666,5.54489029032e-05,1.15635543014e-07,3.0970961374e-10,
753.0,0.0266031794684,5.54487338965e-05,1.15517389127e-07,2.85084261103e-10,
754.0,0.0266031794668,5.54487003512e-05,1.15533429976e-07,2.61173703513e-10,
755.0,0.0266031794662,5.54486605952e-05,1.1548962648e-07,1.82413888943e-10,
756.0,0.026603179471,5.54486549147e-05,1.15452165681e-07,2.1495767793e-10,
757.0,0.0266031794693,5.5448813886e-05,1.15510456091e-07,2.9506506298e-10,
758.0,0.0266031794676,5.54486793655e-05,1.15409995337e-07,1.63278292676e-10,
759.0,0.0266031794727,5.54488510993e-05,1.15538688535e-07,1.91921230996e-10,
760.0,0.0266031794715,5.54488525468e-05,1.15574772363e-07,2.29424299035e-10,
761.0,0.0266031794716,5.5448772059e-05,1.15574101273e-07,2.36147458805e-10,
762.0,0.026603179466,5.54487620437e-05,1.156794201e-07,3.40360011177e-10,
763.0,0.0266031794698,5.5448750687e-05,1.15668170997e-07,3.25135894258e-10,
764.0,0.0266031794688,5.54487470208e-05,1.15555174502e-07,1.94730617832e-10,
765.0,0.0266031794696,5.54488601286e-05,1.15635388713e-07,2.3328245093e-10,
766.0,0.0266031794717,5.54487691201e-05,1.15508998219e-07,2.40810471073e-10,
767.0,0.0266031794714,5.54487837516e-05,1.15689060278e-07,2.88446744813e-10,
768.0,0.0266031794664,5.54488070286e-05,1.15596929403e-07,3.11474006691e-10,
769.0,0.0266031794688,5.54487283791e-05,1.15599496946e-07,3.08209514475e-10,
770.0,0.0266031794695,5.54488344469e-05,1.15659361955e-07,3.0739150956e-10,
771.0,0.026603179469,5.54487422201e-05,1.15546508555e-07,3.69649713705e-10,
772.0,0.0266031794704,5.54487478656e-05,1.15446635918e-07,2.72136511588e-10,
773.0,0.0266031794674,5.54488279294e-05,1.15531296532e-07,1.56688410604e-10,
774.0,0.0266031794687,5.54488463705e-05,1.15618653184e-07,2.56942921008e-10,
775.0,0.0266031794696,5.54488572811e-05,1.15662202934e-07,2.00906701395e-10,
776.0,0.0266031794702,5.54487464633e-05,1.15457635679e-07,1.58200938497e-10,
777.0,0.0266031794696,5.54488219859e-05,1.15528094715e-07,2.19799270597e-10,
778.0,0.0266031794682,5.54486623421e-05,1.15303173031e-07,9.17435326032e-11,
779.0,0.0266031794686,5.54489482907e-05,1.15518352342e-07,1.26602356145e-10,
780.0,0.0266031794684,5.5448721696e-05,1.1557269437e-07,2.34728703945e-10,
781.0,0.0266031794688,5.54487829084e-05,1.15695282073e-07,3.67433000978e-10,
782.0,0.0266031794705,5.54487692862e-05,1.15479194529e-07,1.43553079089e-10,
783.0,0.0266031794681,5.54487685398e-05,1.15602173781e-07,1.36304813504e-10,
784.0,0.0266031794702,5.54488046581e-05,1.15492604599e-07,1.59829698315e-10,
785.0,0.0266031794691,5.54487863851e-05,1.15540152258e-07,1.36281355435e-10,
786.0,0.0266031794738,5.5448699448e-05,1.15496617509e-07,1.85147132671e-10,
787.0,0.0266031794709,5.54486859191e-05,1.1559906171e-07,2.98861477506e-10,
788.0,0.026603179467,5.54486700761e-05,1.15464858595e-07,1.62061373468e-10,
789.0,0.0266031794709,5.54487559295e-05,1.15569506913e-07,2.95914407445e-10,
790.0,0.0266031794705,5.54488252935e-05,1.15541518952e-07,1.19356717538e-10,
791.0,0.0266031794678,5.54487858239e-05,1.15610494574e-07,4.03948311728e-10,
792.0,0.0266031794674,5.54487449191e-05,1.15559669007e-07,4.74607570411e-10,
793.0,0.026603179468,5.54489879726e-05,1.15848470454e-07,2.92930251442e-10,
794.0,0.0266031794657,5.54487786686e-05,1.15563060258e-07,3.99780013944e-10,
795.0,0.0266031794712,5.544889971e-05,1.15588450128e-07,3.46731947684e-10,
796.0,0.0266031794693,5.54487587631e-05,1.15625973317e-07,3.63893511409e-10,
797.0,0.0266031794742,5.54488007654e-05,1.15583585205e-07,2.80424996486e-10,
798.0,0.0266031794707,5.54487862045e-05,1.15558105788e-07,1.82491758081e-10,
799.0,0.0266031794726,5.54487800335e-05,1.15523478944e-07,2.0761271787e-10,
800.0,0.0266031794701,5.54486850936e-05,1.15490615314e-07,1.57597727685e-10,
801.0,0.0266031794664,5.54486582887e-05,1.15519844679e-07,1.77475969604e-10,
802.0,0.0266031794674,5.54487456416e-05,1.15611177755e-07,2.4700939896e-10,
803.0,0.026603179466,5.54487185887e-05,1.15736582127e-07,3.65875174257e-10,
804.0,0.0266031794708,5.54489170099e-05,1.15546898826e-07,2.20803371596e-10,
805.0,0.0266031794727,5.54486851545e-05,1.15663782661e-07,4.8925033059e-10,
806.0,0.0266031794719,5.54486823059e-05,1.15752798287e-07,4.92540073522e-10,
807.0,0.0266031794694,5.54489442326e-05,1.15537542768e-07,6.29796853994e-11,
808.0,0.026603179467,5.54488126764e-05,1.15536090701e-07,1.14710987153e-10,
809.0,0.0266031794646,5.54487815058e-05,1.1564457845e-07,3.06429847923e-10,
810.0,0.0266031794737,5.54487201747e-05,1.15529374611e-07,1.36129427894e-10,
811.0,0.0266031794631,5.5448625158e-05,1.15598706789e-07,3.96127714156e-10,
812.0,0.0266031794685,5.54488204627e-05,1.15506558175e-07,1.72062502867e-10,
813.0,0.0266031794709,5.54486938866e-05,1.15555579477e-07,2.35369135242e-10,
814.0,0.0266031794685,5.54488618798e-05,1.15680054364e-07,1.74161278662e-10,
815.0,0.0266031794633,5.54486939667e-05,1.15639469285e-07,3.7902543496e-10,
816.0,0.0266031794672,5.54485768747e-05,1.15382292092e-07,1.99776263443e-10,
817.0,0.0266031794705,5.5449072584e-05,1.15763780708e-07,3.84789925063e-10,
818.0,0.026603179472,5.54488596922e-05,1.15709033723e-07,2.73939311335e-10,
819.0,0.0266031794682,5.54488041257e-05,1.15388556879e-07,1.15572588183e-10,
820.0,0.0266031794665,5.54488989229e-05,1.15653005271e-07,3.69549142421e-10,
821.0,0.0266031794679,5.54486225562e-05,1.15432327718e-07,2.50423122236e-10,
822.0,0.0266031794698,5.54489305036e-05,1.15612470885e-07,2.79743298235e-10,
823.0,0.0266031794658,5.54487309303e-05,1.15417073989e-07,3.15069582898e-10,
824.0,0.0266031794633,5.54489044572e-05,1.15572902424e-07,2.63370594083e-10,
825.0,0.0266031794707,5.54490110276e-05,1.1571968756e-07,4.16694826927e-10,
826.0,0.0266031794682,5.54487691565e-05,1.15559576569e-07,2.80866932247e-10,
827.0,0.0266031794767,5.54488989188e-05,1.1552612169e-07,1.42846044167e-10,
828.0,0.0266031794721,5.54487665013e-05,1.15465514153e-07,2.92112701807e-10,
829.0,0.0266031794713,5.54488145041e-05,1.15625111757e-07,3.44381280672e-10,
830.0,0.0266031794676,5.54488530762e-05,1.15807971687e-07,2.04031119057e-10,
831.0,0.0266031794653,5.5448942482e-05,1.15614544986e-07,2.50471283343e-10,
832.0,0.0266031794713,5.54489103985e-05,1.15671520015e-07,3.50237683041e-10,
833.0,0.0266031794606,5.54486499766e-05,1.15497496631e-07,1.90323067288e-10,
834.0,0.026603179465,5.54488178859e-05,1.15398815719e-07,1.52997357914e-10,
835.0,0.0266031794664,5.54485535906e-05,1.15771415609e-07,2.2186718527e-10,
836.0,0.026603179461,5.54488300557e-05,1.15733230731e-07,4.73765473994e-10,
837.0,0.0266031794714,5.54489391187e-05,1.15532016406e-07,1.11916189005e-10,
838.0,0.026603179474,5.54486952649e-05,1.15602794822e-07,3.24660084878e-10,
839.0,0.0266031794685,5.54488322477e-05,1.15750290035e-07,3.70264929022e-10,
840.0,0.0266031794695,5.54486371144e-05,1.15596422829e-07,3.62428834543e-10,
841.0,0.0266031794666,5.54487199284e-05,1.15541896889e-07,2.75691828654e-10,
842.0,0.0266031794681,5.54486952429e-05,1.1560426703e-07,6.645349524e-10,
843.0,0.0266031794773,5.54491634934e-05,1.15591434737e-07,1.06554561776e-10,
844.0,0.026603179473,5.54487800436e-05,1.15425950421e-07,1.82121016144e-10,
845.0,0.0266031794635,5.54485555203e-05,1.15567833331e-07,2.46025630625e-10,
846.0,0.0266031794666,5.54487435533e-05,1.15477904936e-07,3.66987605121e-10,
847.0,0.0266031794652,5.54487828976e-05,1.15706358166e-07,3.91911556675e-10,
848.0,0.0266031794684,5.54487277601e-05,1.15365192585e-07,2.70881410051e-10,
849.0,0.0266031794695,5.54489146967e-05,1.15812459827e-07,4.56844647242e-10,
850.0,0.0266031794735,5.54486662915e-05,1.15520445132e-07,4.13776061161e-10,
851.0,0.0266031794513,5.5448948958e-05,1.15576362876e-07,7.52365528254e-11,
852.0,0.0266031794704,5.54491704433e-05,1.15730255007e-07,2.36048598164e-10,
853.0,0.0266031794667,5.5448418308e-05,1.15380173039e-07,5.51942407696e-11,
854.0,0.0266031794691,5.54491167753e-05,1.15367990701e-07,1.22222000448e-10,
855.0,0.0266031794666,5.54486317767e-05,1.15460571848e-07,2.21351487358e-10,
856.0,0.0266031794705,5.54489342115e-05,1.15587047053e-07,2.28341378088e-10,
857.0,0.026603179471,5.54487602908e-05,1.15595206357e-07,1.07982256452e-10,
858.0,0.0266031794725,5.5448948543e-05,1.15977061978e-07,1.606070603e-10,
859.0,0.0266031794719,5.54485011342e-05,1.15226796337e-07,2.6536408482e-10,
860.0,0.0266031794665,5.54485906972e-05,1.15356162725e-07,2.45007541844e-10,
861.0,0.0266031794682,5.54487228191e-05,1.16040029157e-07,6.15071402245e-10,
862.0,0.0266031794611,5.54486833421e-05,1.15450406296e-07,2.12985556829e-10,
863.0,0.0266031794568,5.54488520429e-05,1.1563766242e-07,2.54402770088e-10,
864.0,0.026603179471,5.54490539529e-05,1.15590085399e-07,1.69783299171e-10,
865.0,0.0266031794643,5.54487889698e-05,1.15738196463e-07,2.96172043906e-10,
866.0,0.0266031794675,5.544894007e-05,1.15501337806e-07,9.99456956708e-11,
867.0,0.0266031794613,5.54487645031e-05,1.15505412826e-07,1.81415830292e-10,
868.0,0.02660317946,5.54487845791e-05,1.15554226999e-07,1.60927725941e-10,
869.0,0.0266031794667,5.54487801508e-05,1.15616759298e-07,3.30392909936e-10,
870.0,0.0266031794773,5.54490411671e-05,1.15713192021e-07,1.8312521972e-10,
871.0,0.0266031794665,5.54488443602e-05,1.15428322611e-07,3.06281133971e-10,
872.0,0.0266031794632,5.54488196205e-05,1.15117282974e-07,1.52125807923e-10,
873.0,0.0266031794639,5.54489259305e-05,1.15197537007e-07,9.11812777246e-11,
874.0,0.0266031794658,5.54489479952e-05,1.1567259877e-07,1.11862715096e-10,
875.0,0.026603179457,5.54486325925e-05,1.15508801193e-07,2.57489329126e-10,
876.0,0.0266031794672,5.54487392941e-05,1.1520916696e-07,5.45458363706e-10,
877.0,0.0266031794601,5.54489544548e-05,1.1556973166e-07,2.94895523018e-10,
878.0,0.0266031794551,5.54485522332e-05,1.15495476736e-07,3.55843112125e-10,
879.0,0.0266031794705,5.54487082485e-05,1.15652206109e-07,3.02163852795e-10,
880.0,0.0266031794728,5.54483560374e-05,1.15771314014e-07,3.61435187927e-10,
881.0,0.0266031794694,5.54485417259e-05,1.15259653702e-07,3.30467353103e-10,
882.0,0.026603179471,5.54489991115e-05,1.15676916851e-07,6.96876563483e-10,
883.0,0.0266031794736,5.544908738e-05,1.15840175564e-07,3.56877683319e-10,
884.0,0.0266031794739,5.54482517605e-05,1.15300617328e-07,5.12668768571e-10,
885.0,0.0266031794626,5.54483979125e-05,1.15677166071e-07,4.25323620379e-10,
886.0,0.0266031794689,5.5448936662e-05,1.15155329997e-07,5.15773805522e-10,
887.0,0.0266031794766,5.5448488737e-05,1.15406594019e-07,1.4647625245e-10,
888.0,0.02660317947,5.54487260597e-05,1.15088169237e-07,1.11117514852e-10,
889.0,0.0266031794686,5.54487755581e-05,1.1570843506e-07,2.19726949e-10,
890.0,0.0266031794756,5.54490510639e-05,1.15600815398e-07,3.8887394547e-10,
891.0,0.0266031794619,5.54491595762e-05,1.15404198871e-07,4.18905642314e-10,
892.0,0.0266031794642,5.54491412263e-05,1.14968390197e-07,4.34215520444e-10,
893.0,0.0266031794633,5.54489002929e-05,1.15291191694e-07,2.65666867345e-10,
894.0,0.0266031794612,5.54492068516e-05,1.15478164905e-07,2.2698412797e-10,
895.0,0.0266031794696,5.54491095224e-05,1.15944170716e-07,6.32723008531e-10,
896.0,0.0265527575255,5.53435184447e-05,1.15079509553e-07,4.08837495909e-10,
897.0,0.0262375083527,5.46862985073e-05,1.13701022202e-07,1.88022214577e-10,
898.0,0.0259260020324,5.4037187248e-05,1.12432926976e-07,9.56828031978e-11,
899.0,0.0256181940744,5.33955306818e-05,1.11504527824e-07,4.37294499503e-10,
900.0,0.0253140406006,5.27616028415e-05,1.09784633617e-07,1.47705908343e-10,
901.0,0.0250134981875,5.21356336722e-05,1.08446818838e-07,5.31640214599e-11,
902.0,0.0247165239915,5.15164139898e-05,1.07443374245e-07,4.39610576704e-10,
903.0,0.0244230756268,5.09052271006e-05,1.06599967486e-07,9.78174889431e-10,
904.0,0.0241331112539,5.0300340729e-05,1.04566744386e-07,2.48833711741e-10,
905.0,0.0238465895084,4.97036130149e-05,1.03844566291e-07,3.8197536969e-10,
906.0,0.0235634695112,4.91132068196e-05,1.02322910815e-07,4.91858845361e-10,
907.0,0.0232837108463,4.85301511939e-05,1.01404877188e-07,3.66831287879e-10,
908.0,0.0230072736787,4.79538610367e-05,1.00447448504e-07,9.5300870718e-11,
909.0,0.0227341184834,4.73849930691e-05,9.96363482795e-08,8.4192182593e-10,
910.0,0.0224642063428,4.68217220067e-05,9.74835469904e-08,5.62158044722e-10,
911.0,0.0221974987536,4.62664432107e-05,9.71122366941e-08,5.85223618425e-10,
912.0,0.021933957674,4.57169940067e-05,9.51173421778e-08,2.92499164769e-10,
913.0,0.0216735454862,4.51737847894e-05,9.44483763988e-08,5.40146395711e-10,
914.0,0.0214162250691,4.46373597521e-05,9.2817752275e-08,2.13146035121e-10,
915.0,0.0211619596944,4.41077739121e-05,9.2117827604e-08,1.09231599441e-10,
916.0,0.0209107131082,4.35837624054e-05,9.01418151849e-08,5.96013195344e-10,
917.0,0.0206624494671,4.30666180473e-05,8.99550879665e-08,6.9898021739e-10,
918.0,0.0204171333373,4.25549448603e-05,8.8801421434e-08,1.19401686591e-10,
919.0,0.0201747297313,4.20499994465e-05,8.72758531205e-08,3.60539664043e-10,
920.0,0.0199352041014,4.15509555942e-05,8.73306270044e-08,2.01524020972e-10,
921.0,0.0196985222413,4.10573628607e-05,8.54924356011e-08,3.15040342407e-10,
922.0,0.0194646503944,4.05701079635e-05,8.422528591e-08,3.4639136409e-10,
923.0,0.0192335552097,4.00882728349e-05,8.35294756654e-08,2.98118310589e-10,
924.0,0.0190052037142,3.96122987628e-05,8.23474546477e-08,8.5185800907e-11,
925.0,0.0187795633368,3.9142194214e-05,8.1411871938e-08,1.78183482627e-10,
926.0,0.0185566019151,3.86771858424e-05,8.08756452586e-08,8.06428402977e-10,
927.0,0.0183362875667,3.82180860965e-05,7.93093005269e-08,2.32561308245e-10,
928.0,0.0181185889614,3.77646495483e-05,7.89289021904e-08,1.32505185022e-10,
929.0,0.0179034749383,3.73151510218e-05,7.71668323029e-08,4.84804642377e-10,
930.0,0.0176909148936,3.68727114479e-05,7.70591560284e-08,1.98860007775e-10,
931.0,0.0174808784835,3.64348890669e-05,7.57877223971e-08,5.78269059595e-10,
932.0,0.0172733357636,3.60032925353e-05,7.59474421552e-08,4.0525811105e-10,
933.0,0.0170682570746,3.55753290947e-05,7.38523708293e-08,4.94110325434e-10,
934.0,0.0168656132051,3.51529696142e-05,7.31817857845e-08,3.39052068575e-10,
935.0,0.0166653752498,3.47360789862e-05,7.26648573197e-08,2.38403069983e-10,
936.0,0.016467514623,3.43231427411e-05,7.16776605844e-08,3.5070649371e-10,
937.0,0.0162720030977,3.39157675821e-05,7.09969815765e-08,9.73936461421e-10,
938.0,0.016078812808,3.35127363846e-05,7.00557597841e-08,1.29504035708e-09,9.60282406992e-10,
939.0,0.0158879161747,3.31149619607e-05,6.8672642991e-08,2.28922032445e-10,
940.0,0.0156992859649,3.27220878865e-05,6.85261100622e-08,3.18595361997e-10,
941.0,0.0155128952852,3.23333775469e-05,6.78252887058e-08,7.01813451247e-11,
942.0,0.015328717545,3.19494678029e-05,6.62473624111e-08,6.2830433218e-10,
943.0,0.0151467264682,3.15699614597e-05,6.54660663018e-08,1.78136763966e-10,
944.0,0.0149668960805,3.11956744039e-05,6.51299540623e-08,1.48362824603e-10,
945.0,0.0147892007746,3.0825032795e-05,6.44649421061e-08,4.48925332603e-10,
946.0,0.0146136151338,3.04595415812e-05,6.3561434583e-08,3.12596218626e-10,
947.0,0.0144401141351,3.00975727583e-05,6.2889152377e-08,8.16987840483e-11,
948.0,0.0142686730423,2.97399710282e-05,6.14006046394e-08,1.35590485168e-10,
949.0,0.0140992673962,2.93868840611e-05,6.13561731179e-08,2.70583035614e-10,
950.0,0.0139318730243,2.90377975673e-05,6.04237273967e-08,1.07222537637e-10,
951.0,0.0137664660563,2.86933012403e-05,5.99566387965e-08,1.88890098495e-10,
952.0,0.0136030228862,2.8352681728e-05,5.93358663379e-08,3.42920486713e-10,
953.0,0.0134415202098,2.8016015194e-05,5.86137232562e-08,6.42159465676e-10,
954.0,0.013281935008,2.76836821249e-05,5.77307921922e-08,9.11297902766e-11,
955.0,0.013124244465,2.73547524831e-05,5.67071502591e-08,2.04626690739e-10,
956.0,0.0129684261204,2.70304332865e-05,5.7049186413e-08,6.79264968377e-10,
957.0,0.0128144577374,2.67086517096e-05,5.55529746532e-08,4.44474127371e-10,
958.0,0.0126623173321,2.63922910039e-05,5.55251546958e-08,7.49948172229e-10,
959.0,0.0125119832719,2.60792165605e-05,5.39954747337e-08,3.83851585094e-10,
960.0,0.0123634340116,2.57686215684e-05,5.42626307529e-08,3.48425581576e-10,
961.0,0.0122166484453,2.54627785352e-05,5.34209638331e-08,5.87610707852e-10,
962.0,0.0120716055629,2.5161127414e-05,5.19750653807e-08,5.95650316826e-10,
963.0,0.0119282847256,2.48619520203e-05,5.21757507818e-08,7.03044684887e-10,
964.0,0.0117866654824,2.456744493e-05,5.16563206938e-08,3.1657640919e-10,
965.0,0.0116467276106,2.42756202882e-05,5.07881085426e-08,3.37636314439e-10,
966.0,0.0115084511854,2.3986878039e-05,4.96932442578e-08,2.76133905302e-10,
967.0,0.0113718164372,2.37021003239e-05,4.94776002563e-08,1.00210189303e-10,
968.0,0.0112368038893,2.34211419435e-05,4.91962672239e-08,1.16162889649e-10,
969.0,0.0111033942889,2.3142789047e-05,4.82314934399e-08,7.36416438808e-11,
970.0,0.0109715686096,2.28674392249e-05,4.79133262839e-08,1.20903038004e-10,
971.0,0.010841307988,2.25964681051e-05,4.74138118377e-08,9.04970265917e-11,
972.0,0.0107125939395,2.23280703219e-05,4.61852496881e-08,3.21021050514e-10,
973.0,0.0105854080568,2.2063345246e-05,4.58824132202e-08,1.29560812777e-10,
974.0,0.0104597321821,2.1800923193e-05,4.53880482217e-08,1.02819762876e-10,
975.0,0.0103355484081,2.1542269141e-05,4.49114221539e-08,4.69311964003e-10,
976.0,0.0102128390109,2.12863562399e-05,4.46599681177e-08,2.30735305219e-10,
977.0,0.0100915864948,2.10333894458e-05,4.34916113413e-08,8.06283679354e-11,
978.0,0.00997177354751,2.07834147819e-05,4.277575733e-08,7.46349990206e-10,
979.0,0.00985338308361,2.05372563901e-05,4.29366614275e-08,6.26484515107e-10,
980.0,0.00973639824069,2.02934529657e-05,4.21473046614e-08,3.51321845652e-10,
981.0,0.009620802268,2.00519763078e-05,4.13494915931e-08,1.8540123427e-10,
982.0,0.00950657873906,1.98148748962e-05,4.15899254088e-08,2.00117269957e-10,
983.0,0.00939371133135,1.95791428753e-05,4.09697544419e-08,1.44043334612e-10,
984.0,0.00928218395514,1.9346089564e-05,3.99268961675e-08,2.33041525023e-10,
985.0,0.00917198067784,1.91172195522e-05,3.95393727621e-08,1.37025819255e-10,
986.0,0.00906308582662,1.88899143924e-05,3.97023466934e-08,4.91082851877e-10,
987.0,0.00895548380978,1.86661193606e-05,3.94517576238e-08,4.39868621935e-10,
988.0,0.00884915931553,1.84440970118e-05,3.8284385461e-08,2.05278870939e-10,
989.0,0.00874409715562,1.82257004576e-05,3.81385469383e-08,2.07821903651e-10,
990.0,0.00864028236264,1.80091863263e-05,3.73189285765e-08,1.02320564875e-10,
991.0,0.00853770012586,1.77954643918e-05,3.75005771491e-08,3.60465717829e-10,
992.0,0.00843633577515,1.7584125018e-05,3.67316000229e-08,1.3155568294e-10,
993.0,0.00833617490728,1.73746456153e-05,3.59165983301e-08,7.11511895882e-11,
994.0,0.0082372031916,1.71691140195e-05,3.61667098065e-08,7.30554530288e-10,
995.0,0.00813940651983,1.69646822464e-05,3.52625450635e-08,3.2661472235e-10,
996.0,0.00804277095837,1.67638790763e-05,3.53525809442e-08,2.23490133721e-10,
997.0,0.00794728268027,1.65646894425e-05,3.4634967061e-08,7.20460236209e-11,
998.0,0.00785292811511,1.6367895067e-05,3.3911921958e-08,3.28719036815e-10,
999.0,0.00775969378285,1.6173461514e-05,3.3739884173e-08,9.08289963959e-11,
