Coordinates:
0.0,0.714285714286,1.42857142857,2.14285714286,2.85714285714,3.57142857143,4.28571428571,5.0,5.71428571429,6.42857142857,7.14285714286,7.85714285714,8.57142857143,9.28571428571,10.0,
Volumes:
0.357142857143,0.714285714286,0.714285714286,0.714285714286,0.714285714286,0.714285714286,0.714285714286,0.714285714286,0.714285714286,0.714285714286,0.714285714286,0.714285714286,0.714285714286,0.714285714286,0.357142857143,

 Time(s), Error (-) on vertices
1.0,0.0,102678.967472,597.718467071,20.4939521502,0.976306677531,0.0528533089673,0.00306258336222,0.000185066133438,1.15046947825e-05,7.29888054498e-07,4.70293613866e-08,3.08134565347e-09,1.98142260119e-10,
2.0,0.198768064146,0.00692626038461,0.000332504808978,1.80802889351e-05,1.05064936265e-06,6.36141986792e-08,3.96030541516e-09,2.51532311787e-10,
3.0,0.134890097793,0.00341378667948,0.000132636811529,6.19900723665e-06,3.21516177417e-07,1.78212617263e-08,1.03401203538e-09,6.20138948486e-11,
4.0,0.104266997331,0.00204633421949,6.5528493156e-05,2.62721266962e-06,1.20306839308e-07,6.01656600346e-09,3.20320607294e-10,
5.0,0.0861106295155,0.00137848491501,3.74105073938e-05,1.30558606598e-06,5.31020628683e-08,2.39647744945e-09,1.16638902075e-10,
6.0,0.0739631540731,0.00099997722481,2.35318274522e-05,7.26346040842e-07,2.65189760678e-08,1.08745510996e-09,4.85597836624e-11,
7.0,0.0652048511096,0.000763376357467,1.58465115917e-05,4.38629688372e-07,1.45170846459e-08,5.45200257006e-10,
8.0,0.0585662432095,0.000605042314225,1.12216532394e-05,2.81851818615e-07,8.52593974049e-09,2.95293238414e-10,
9.0,0.0533546154699,0.000493622449511,8.2592729782e-06,1.90127382512e-07,5.29501991896e-09,1.70043613518e-10,
10.0,0.0491587580071,0.000412081411616,6.26884918458e-06,1.33316553755e-07,3.44298112293e-09,1.02931084429e-10,
11.0,0.0457184813512,0.000350446773021,4.88125451036e-06,9.64331308473e-08,2.32685432997e-09,6.49798755514e-11,
12.0,0.0428604148234,0.000302540738527,3.88581748682e-06,7.1528914001e-08,1.62470818513e-09,4.25487855858e-11,
13.0,0.0404637752434,0.000264372174193,3.1552448796e-06,5.41630378142e-08,1.16581315471e-09,2.87834192109e-11,
14.0,0.0384409866567,0.000233282746043,2.6086758285e-06,4.17390590927e-08,8.55465531641e-10,
15.0,0.0367262118068,0.000207461555212,2.19254566585e-06,3.26726117826e-08,6.39200947121e-10,
16.0,0.0352683408089,0.000185652772956,1.87021584282e-06,2.59557561921e-08,4.84655668808e-10,
17.0,0.0340265959605,0.00016697146508,1.61607821841e-06,2.09211075765e-08,3.71975830423e-10,
18.0,0.0329677158126,0.000150783920547,1.41201019484e-06,1.71104495555e-08,2.88536418512e-10,
19.0,0.0320641097256,0.000136628366322,1.24510940297e-06,1.4199509446e-08,2.26050986849e-10,
20.0,0.0312926152851,0.00012416182833,1.10616481565e-06,1.19536201726e-08,1.78875224388e-10,
21.0,0.0306336330626,0.000113124260462,9.88585330691e-07,1.02006206979e-08,1.4304663044e-10,
22.0,0.0300704996348,0.000103314197852,8.87635452283e-07,8.81353962364e-09,1.15712378103e-10,
23.0,0.0295890132752,9.45721391837e-05,7.99888641527e-07,7.69880464015e-09,9.47646621937e-11,
24.0,0.0291770600141,8.67691240626e-05,7.22838608271e-07,6.78781040369e-09,7.86371513605e-11,
25.0,0.0288243083375,7.97988081916e-05,6.5462537533e-07,6.03055379846e-09,6.61369495556e-11,
26.0,0.0285219533287,7.35718980188e-05,5.93843864908e-07,5.39077296823e-09,5.6357367928e-11,
27.0,0.0282624985357,6.80121828026e-05,5.39411095007e-07,4.84218636217e-09,4.86218727369e-11,
28.0,0.0280395681955,6.30536551194e-05,4.90474294324e-07,4.36574154531e-09,4.24132207943e-11,
29.0,0.027847744918,5.86383806363e-05,4.46347501018e-07,3.94748768452e-09,3.73565475913e-11,
30.0,0.0276824293016,5.47148925486e-05,4.06467588032e-07,3.57712922713e-09,3.31625949098e-11,
31.0,0.0275397187152,5.12369632265e-05,3.70363705649e-07,3.24690531532e-09,2.96318036704e-11,
32.0,0.0274163029203,4.81626566636e-05,3.37635755797e-07,2.9508907266e-09,2.66088514512e-11,
33.0,0.0273093744831,4.54535991476e-05,3.07939131986e-07,2.68443534569e-09,2.3993842451e-11,
34.0,0.0272165521343,4.30744263005e-05,2.80973686007e-07,2.44384193142e-09,2.17000424576e-11,
35.0,0.0271358154063,4.09923766082e-05,2.56475654027e-07,2.22606855256e-09,1.96717614126e-11,
36.0,0.0270654490427,3.91770069534e-05,2.34211565762e-07,2.02859324428e-09,1.78614785738e-11,
37.0,0.0270039958319,3.76000070096e-05,2.13973627078e-07,1.84927736836e-09,1.62407915657e-11,
38.0,0.0269502166671,3.6235089265e-05,1.95576090225e-07,1.6862742161e-09,1.47813834637e-11,
39.0,0.0269030567807,3.5057931099e-05,1.78852359853e-07,1.53797735895e-09,1.34609256054e-11,
40.0,0.0268616172337,3.40461459047e-05,1.63652596777e-07,1.40298683609e-09,1.2261682102e-11,
41.0,0.0268251308651,3.317926353e-05,1.49841817921e-07,1.28003548796e-09,1.11772246254e-11,
42.0,0.0267929420157,3.24387042663e-05,1.37298171476e-07,1.16801201475e-09,1.01937176926e-11,
43.0,0.0267644894412,3.18077359494e-05,1.25911554889e-07,1.06591389947e-09,9.29711411799e-12,
44.0,0.0267392919136,3.12714095038e-05,1.15582335341e-07,9.72832893654e-10,
45.0,0.0267169360885,3.08164718292e-05,1.06220283984e-07,8.87967727949e-10,
46.0,0.0266970662771,3.04312593791e-05,9.77436081325e-08,8.10572888453e-10,
47.0,0.026679375823,3.01055772117e-05,9.00780148888e-08,7.39980897309e-10,
48.0,0.0266635998246,2.9830569207e-05,8.31559496775e-08,6.7560423431e-10,
49.0,0.0266495089912,2.95985846754e-05,7.69159230327e-08,6.1686124716e-10,
50.0,0.02663690445,2.9403046678e-05,7.13017067892e-08,5.63288500594e-10,
51.0,0.0266256133542,2.92383255003e-05,6.62618164855e-08,5.14407574409e-10,
52.0,0.0266154851631,2.90996200467e-05,6.17488879782e-08,4.69819549706e-10,
53.0,0.0266063884894,2.89828487955e-05,5.77191791135e-08,4.29134091023e-10,
54.0,0.0265982084216,2.88845512644e-05,5.41320764247e-08,3.92017505008e-10,
55.0,0.0265908442491,2.88018001834e-05,5.09497090208e-08,3.58165885092e-10,
56.0,0.0265842075253,2.87321240797e-05,4.81365418426e-08,3.27296420803e-10,
57.0,0.0265782204157,2.86734393883e-05,4.56592294396e-08,2.99124652321e-10,
58.0,0.0265728142885,2.86239920007e-05,4.3486259146e-08,2.73442182294e-10,
59.0,0.0265679285075,2.85823065264e-05,4.15879192237e-08,2.50036222149e-10,
60.0,0.0265635093992,2.85471430551e-05,3.99362759752e-08,2.28681157211e-10,
61.0,0.0265595093648,2.85174602875e-05,3.85049936809e-08,2.09226774805e-10,
62.0,0.0265558861178,2.8492384088e-05,3.7269468016e-08,1.91510211108e-10,
63.0,0.0265526020259,2.84711807779e-05,3.62069724725e-08,1.75372711505e-10,
64.0,0.0265496235432,2.84532348149e-05,3.52964535288e-08,1.60683386422e-10,
65.0,0.0265469207194,2.84380297925e-05,3.45187219273e-08,1.4732043083e-10,
66.0,0.0265444667736,2.84251323823e-05,3.38563879333e-08,1.35170006654e-10,
67.0,0.0265422377245,2.84141789722e-05,3.32938929688e-08,1.24154487278e-10,
68.0,0.0265402120683,2.8404864469e-05,3.2817344468e-08,1.1413138676e-10,
69.0,0.0265383704977,2.83969326781e-05,3.24144443349e-08,1.05052541703e-10,
70.0,0.0265366956565,2.83901684533e-05,3.20744892842e-08,9.68493780813e-11,
71.0,0.0265351719246,2.83843911142e-05,3.1788080113e-08,8.94173222639e-11,
72.0,0.0265337852285,2.83794486665e-05,3.15471471842e-08,8.26976467616e-11,
73.0,0.0265325228759,2.83752134138e-05,3.13446795644e-08,7.6675882885e-11,
74.0,0.0265313734091,2.83715777777e-05,3.11747506959e-08,7.12429150884e-11,
75.0,0.0265303264757,2.83684512683e-05,3.10322121905e-08,6.63998660413e-11,
76.0,0.026529372714,2.83657575176e-05,3.09127850782e-08,6.20467552928e-11,
77.0,0.0265285036521,2.83634322121e-05,3.08127512263e-08,5.8190631295e-11,
78.0,0.0265277116175,2.83614210549e-05,3.07289894369e-08,5.47657720894e-11,
79.0,0.0265269896572,2.83596780963e-05,3.06588818665e-08,5.17193104276e-11,
80.0,0.0265263314662,2.83581645395e-05,3.06002622444e-08,4.90379692352e-11,
81.0,0.026525731324,2.83568475137e-05,3.05511875893e-08,4.66787886308e-11,
82.0,0.0265251840377,2.83556991085e-05,3.05102095632e-08,4.46429885586e-11,
83.0,0.0265246848907,2.83546956973e-05,3.04758776973e-08,4.2847397968e-11,
84.0,0.0265242295975,2.83538171526e-05,3.0447199098e-08,4.13227249843e-11,
85.0,0.0265238142625,2.83530463211e-05,3.0423274486e-08,3.9953179369e-11,
86.0,0.026523435343,2.83523687335e-05,3.04032355475e-08,3.87767346801e-11,
87.0,0.0265230896164,2.83517719122e-05,3.03864412707e-08,3.78096785004e-11,
88.0,0.0265227741502,2.83512451031e-05,3.03724235028e-08,3.69723854853e-11,
89.0,0.026522486275,2.83507792953e-05,3.03607132586e-08,3.62224897188e-11,
90.0,0.0265222235603,2.83503665954e-05,3.03508942637e-08,3.56371240376e-11,
91.0,0.0265219837926,2.83500003064e-05,3.03427105136e-08,3.50948159294e-11,
92.0,0.0265217649554,2.83496747106e-05,3.03358067718e-08,3.46945843341e-11,
93.0,0.0265215652117,2.8349384694e-05,3.03301009212e-08,3.42921251826e-11,
94.0,0.026521382887,2.8349125976e-05,3.03252871372e-08,3.40044995672e-11,
95.0,0.0265212164553,2.83488948844e-05,3.03212485711e-08,3.37454496422e-11,
96.0,0.0265210645254,2.83486881229e-05,3.03179107977e-08,3.35085438608e-11,
97.0,0.0265209258287,2.83485028681e-05,3.0315041856e-08,3.33131218934e-11,
98.0,0.0265207992086,2.83483366453e-05,3.03126838688e-08,3.31190824864e-11,
99.0,0.0265206836102,2.83481873567e-05,3.03106861725e-08,3.30290118987e-11,
100.0,0.0265205780712,2.83480530619e-05,3.03090367099e-08,3.28995193299e-11,
101.0,0.0265204817138,2.83479321645e-05,3.03076409396e-08,3.28353630126e-11,
102.0,0.0265203937374,2.83478232205e-05,3.03064315367e-08,3.27645600256e-11,
103.0,0.0265203134113,2.83477248265e-05,3.03054555364e-08,3.27362728724e-11,
104.0,0.0265202400689,2.83476361133e-05,3.03045977917e-08,3.2644473301e-11,
105.0,0.0265201731019,2.83475558745e-05,3.03039135664e-08,3.25983184954e-11,
106.0,0.026520111955,2.83474832394e-05,3.03033206951e-08,3.25603954178e-11,
107.0,0.0265200561218,2.83474175651e-05,3.03028302221e-08,3.25522960512e-11,
108.0,0.0265200051397,2.8347358049e-05,3.03023976087e-08,3.2515203481e-11,
109.0,0.0265199585867,2.83473041001e-05,3.03020218139e-08,3.24936017182e-11,
110.0,0.0265199160776,2.8347255145e-05,3.03017488071e-08,3.24908866689e-11,
111.0,0.0265198772607,2.83472107626e-05,3.03014631071e-08,3.2466859545e-11,
112.0,0.026519841815,2.83471704332e-05,3.03012489437e-08,3.2458497417e-11,
113.0,0.0265198094475,2.83471337867e-05,3.03011253803e-08,3.24324513336e-11,
114.0,0.0265197798905,2.83471005107e-05,3.03009314665e-08,3.24214762379e-11,
115.0,0.0265197528999,2.83470702823e-05,3.03007848117e-08,3.24403508037e-11,
116.0,0.0265197282527,2.83470427585e-05,3.0300661825e-08,3.24323207629e-11,
117.0,0.0265197057452,2.834701768e-05,3.03005965822e-08,3.24370995022e-11,
118.0,0.0265196851917,2.83469949459e-05,3.03005141015e-08,3.23895758093e-11,
119.0,0.0265196664224,2.83469742015e-05,3.03003987359e-08,3.24640142251e-11,
120.0,0.0265196492823,2.83469553082e-05,3.03003850276e-08,3.23359722888e-11,
121.0,0.02651963363,2.8346938058e-05,3.03003222434e-08,3.24266368081e-11,
122.0,0.0265196193362,2.83469223949e-05,3.0300231655e-08,3.24453487324e-11,
123.0,0.0265196062831,2.83469081108e-05,3.03002229045e-08,3.24115694617e-11,
124.0,0.0265195943628,2.83468950844e-05,3.03002366286e-08,3.23599645695e-11,
125.0,0.0265195834771,2.83468832627e-05,3.030013608e-08,3.23913386612e-11,
126.0,0.0265195735361,2.83468723969e-05,3.03001663614e-08,3.24375078718e-11,
127.0,0.0265195644578,2.83468625461e-05,3.0300127872e-08,3.23924789822e-11,
128.0,0.0265195561673,2.83468535335e-05,3.03001127553e-08,3.24307634808e-11,
129.0,0.0265195485963,2.83468453924e-05,3.03000559586e-08,3.2382767839e-11,
130.0,0.0265195416823,2.83468378668e-05,3.03000505699e-08,3.24129024028e-11,
131.0,0.0265195353682,2.83468310987e-05,3.03000091001e-08,3.24014662298e-11,
132.0,0.0265195296021,2.83468247877e-05,3.0300043806e-08,3.2388316549e-11,
133.0,0.0265195243363,2.83468191395e-05,3.03001028543e-08,3.23485962316e-11,
134.0,0.0265195195274,2.83468139463e-05,3.03000405708e-08,3.24014461858e-11,
135.0,0.0265195151359,2.83468091972e-05,3.03000525238e-08,3.23459045191e-11,
136.0,0.0265195111253,2.83468049289e-05,3.03000178023e-08,3.237196225e-11,
137.0,0.0265195074628,2.83468009879e-05,3.02999760945e-08,3.23740892429e-11,
138.0,0.0265195041181,2.83467973585e-05,3.03000220871e-08,3.23861195392e-11,
139.0,0.0265195010636,2.83467940872e-05,3.03000398511e-08,3.23581373412e-11,
140.0,0.0265194982741,2.83467910734e-05,3.02999241329e-08,3.2443815256e-11,
141.0,0.0265194957266,2.83467883188e-05,3.03000290247e-08,3.23890452263e-11,
142.0,0.0265194934002,2.83467858534e-05,3.03000342663e-08,3.2301743399e-11,
143.0,0.0265194912757,2.83467835223e-05,3.0300009705e-08,3.23556884244e-11,
144.0,0.0265194893354,2.83467815709e-05,3.02999011835e-08,3.24296003459e-11,
145.0,0.0265194875636,2.83467796128e-05,3.02999356485e-08,3.24191243868e-11,
146.0,0.0265194859454,2.83467778279e-05,3.03000018656e-08,3.23606290315e-11,
147.0,0.0265194844677,2.83467762956e-05,3.0299993201e-08,3.23872454559e-11,
148.0,0.0265194831182,2.83467748137e-05,3.0300007846e-08,3.2317080515e-11,
149.0,0.0265194818857,2.83467735225e-05,3.02999543279e-08,3.24204718407e-11,
150.0,0.0265194807602,2.83467723743e-05,3.02999283872e-08,3.23828078706e-11,
151.0,0.0265194797324,2.83467711105e-05,3.0299951643e-08,3.24509422418e-11,
152.0,0.0265194787937,2.83467702614e-05,3.02999113415e-08,3.24025869558e-11,
153.0,0.0265194779365,2.83467692952e-05,3.02999535274e-08,3.23406105828e-11,
154.0,0.0265194771536,2.83467684338e-05,3.02999740716e-08,3.23998595051e-11,
155.0,0.0265194764387,2.83467676068e-05,3.03000182877e-08,3.23697720759e-11,
156.0,0.0265194757858,2.83467669679e-05,3.02998796571e-08,3.24691939821e-11,
157.0,0.0265194751895,2.83467663233e-05,3.02999510688e-08,3.23927680376e-11,
158.0,0.026519474645,2.83467657161e-05,3.02999034859e-08,3.24226590505e-11,
159.0,0.0265194741477,2.83467651326e-05,3.03000020586e-08,3.2377494288e-11,
160.0,0.0265194736936,2.83467647846e-05,3.02999743998e-08,3.22976313019e-11,
161.0,0.0265194732789,2.83467643177e-05,3.02999067686e-08,3.24633797401e-11,
162.0,0.0265194729001,2.83467638505e-05,3.03000458758e-08,3.2360862719e-11,
163.0,0.0265194725542,2.83467635051e-05,3.02999504964e-08,3.24309725487e-11,
164.0,0.0265194722383,2.83467631798e-05,3.0299963403e-08,3.23654819115e-11,
165.0,0.0265194719499,2.83467628528e-05,3.03000103149e-08,3.24011199848e-11,
166.0,0.0265194716864,2.83467626222e-05,3.03000206231e-08,3.23310834195e-11,
167.0,0.0265194714458,2.8346762332e-05,3.03000539177e-08,3.23324487903e-11,
168.0,0.0265194712261,2.83467621499e-05,3.02998950417e-08,3.2411761609e-11,
169.0,0.0265194710255,2.83467618673e-05,3.02999602514e-08,3.24199881097e-11,
170.0,0.0265194708422,2.83467616329e-05,3.02999710509e-08,3.23669742982e-11,
171.0,0.0265194706749,2.83467614815e-05,3.02999098264e-08,3.24127502493e-11,
172.0,0.0265194705221,2.83467613344e-05,3.02999531924e-08,3.24771665453e-11,
173.0,0.0265194703825,2.83467613471e-05,3.02999025522e-08,3.23866910645e-11,
174.0,0.026519470255,2.83467611846e-05,3.02999171837e-08,3.23988019499e-11,
175.0,0.0265194701386,2.83467609858e-05,3.02999106636e-08,3.2347460226e-11,
176.0,0.0265194700323,2.83467607796e-05,3.02999463966e-08,3.23924581583e-11,
177.0,0.0265194699353,2.83467608078e-05,3.02998993087e-08,3.24679241717e-11,
178.0,0.0265194698466,2.83467606195e-05,3.02999242893e-08,3.24479430492e-11,
179.0,0.0265194697657,2.83467606381e-05,3.02999214378e-08,3.23109558827e-11,
180.0,0.0265194696917,2.83467604353e-05,3.0299904427e-08,3.24939497869e-11,
181.0,0.0265194696242,2.83467603706e-05,3.03000308415e-08,3.23253475325e-11,
182.0,0.0265194695625,2.83467602591e-05,3.03000032652e-08,3.24282948337e-11,
183.0,0.0265194695062,2.83467603439e-05,3.0299756557e-08,3.25211859608e-11,
184.0,0.0265194694548,2.83467602406e-05,3.02998503117e-08,3.25128146018e-11,
185.0,0.0265194694078,2.83467601607e-05,3.02999416129e-08,3.23679844706e-11,
186.0,0.0265194693649,2.83467601527e-05,3.03000183022e-08,3.21983353238e-11,
187.0,0.0265194693258,2.83467601131e-05,3.02998453829e-08,3.24121150746e-11,
188.0,0.02651946929,2.83467600992e-05,3.02999537694e-08,3.23942692497e-11,
189.0,0.0265194692573,2.83467600828e-05,3.02999332691e-08,3.23912976388e-11,
190.0,0.0265194692275,2.83467599447e-05,3.02999432218e-08,3.24063429922e-11,
191.0,0.0265194692002,2.83467599104e-05,3.02999845948e-08,3.23046701729e-11,
192.0,0.0265194691754,2.8346759904e-05,3.029984757e-08,3.2512037468e-11,
193.0,0.0265194691526,2.83467599348e-05,3.03000367765e-08,3.22383120216e-11,
194.0,0.0265194691319,2.83467597828e-05,3.02999782496e-08,3.23657395177e-11,
195.0,0.0265194691129,2.83467599145e-05,3.02998598124e-08,3.24146284844e-11,
196.0,0.0265194690956,2.83467599225e-05,3.02998823911e-08,3.23925893793e-11,
197.0,0.0265194690798,2.83467596242e-05,3.02999121913e-08,3.25261213944e-11,
198.0,0.0265194690654,2.83467598921e-05,3.02998798333e-08,3.24003472673e-11,
199.0,0.0265194690522,2.83467598156e-05,3.02999572097e-08,3.23376598693e-11,
200.0,0.0265194690402,2.83467598076e-05,3.03000383077e-08,3.22930464186e-11,
201.0,0.0265194690292,2.83467597022e-05,3.0299963232e-08,3.23820928395e-11,
202.0,0.0265194690191,2.83467597031e-05,3.03000488337e-08,3.22959268841e-11,
203.0,0.02651946901,2.83467597791e-05,3.02998941588e-08,3.24252442437e-11,
204.0,0.0265194690016,2.8346759705e-05,3.03000436213e-08,3.23034627253e-11,
205.0,0.0265194689939,2.83467597118e-05,3.02999647914e-08,3.22956472774e-11,
206.0,0.026519468987,2.83467595551e-05,3.03000664696e-08,3.22355337893e-11,
207.0,0.0265194689806,2.83467597058e-05,3.02999733222e-08,3.23978343211e-11,
208.0,0.0265194689748,2.83467598152e-05,3.02997332267e-08,3.24627624149e-11,
209.0,0.0265194689694,2.83467596824e-05,3.02999342939e-08,3.23505530919e-11,
210.0,0.0265194689646,2.8346759679e-05,3.02999569335e-08,3.23940294194e-11,
211.0,0.0265194689601,2.83467596407e-05,3.03000553292e-08,3.23038163552e-11,
212.0,0.0265194689561,2.83467598064e-05,3.0299860725e-08,3.24526754235e-11,
213.0,0.0265194689524,2.83467596854e-05,3.02999460139e-08,3.23661956783e-11,
214.0,0.026519468949,2.83467597332e-05,3.02999065965e-08,3.23363487479e-11,
215.0,0.0265194689459,2.8346759666e-05,3.0299871376e-08,3.23676046462e-11,
216.0,0.0265194689431,2.83467595811e-05,3.02999255227e-08,3.23240359331e-11,
217.0,0.0265194689405,2.83467595014e-05,3.03000888964e-08,3.24575589643e-11,
218.0,0.0265194689382,2.83467597719e-05,3.02997739743e-08,3.25779738031e-11,
219.0,0.026519468936,2.83467596772e-05,3.02998021823e-08,3.25086651446e-11,
220.0,0.0265194689341,2.83467594749e-05,3.02999576956e-08,3.25962085719e-11,
221.0,0.0265194689323,2.83467597955e-05,3.02999656792e-08,3.23693380231e-11,
222.0,0.0265194689307,2.83467595965e-05,3.03000330568e-08,3.23184157188e-11,
223.0,0.0265194689292,2.83467597389e-05,3.02997739901e-08,3.24371669169e-11,
224.0,0.0265194689278,2.83467596006e-05,3.02999890525e-08,3.240828741e-11,
225.0,0.0265194689266,2.83467595546e-05,3.03000780123e-08,3.22740248409e-11,
226.0,0.0265194689254,2.83467595273e-05,3.03000196275e-08,3.23703524362e-11,
227.0,0.0265194689244,2.83467597844e-05,3.02998512006e-08,3.2397247029e-11,
228.0,0.0265194689234,2.83467593745e-05,3.03001037694e-08,3.24631437142e-11,
229.0,0.0265194689226,2.83467594776e-05,3.03001103722e-08,3.23810816754e-11,
230.0,0.0265194689218,2.83467595974e-05,3.02999276491e-08,3.24809428021e-11,
231.0,0.0265194689211,2.83467598347e-05,3.02996528068e-08,3.2508417783e-11,
232.0,0.0265194689204,2.83467596753e-05,3.02999963861e-08,3.25338749676e-11,
233.0,0.0265194689198,2.83467596518e-05,3.02999500752e-08,3.24405518592e-11,
234.0,0.0265194689192,2.83467594289e-05,3.03001183586e-08,3.22677977023e-11,
235.0,0.0265194689187,2.83467597101e-05,3.02997641717e-08,3.25069924672e-11,
236.0,0.0265194689183,2.83467597058e-05,3.03000210444e-08,3.22987112265e-11,
237.0,0.0265194689179,2.83467599092e-05,3.02998340486e-08,3.23581215023e-11,
238.0,0.0265194689175,2.83467597315e-05,3.02998917038e-08,3.24402676556e-11,
239.0,0.0265194689171,2.8346759434e-05,3.03001340928e-08,3.24216143549e-11,
240.0,0.0265194689168,2.83467596796e-05,3.02999266802e-08,3.25132816526e-11,
241.0,0.0265194689165,2.83467594666e-05,3.03001039527e-08,3.23957037574e-11,
242.0,0.0265194689163,2.83467597126e-05,3.02997367038e-08,3.26203867238e-11,
243.0,0.026519468916,2.83467593416e-05,3.03000165857e-08,3.240294618e-11,
244.0,0.0265194689158,2.83467597259e-05,3.02999162115e-08,3.26808697441e-11,
245.0,0.0265194689156,2.83467596558e-05,3.0300008239e-08,3.24035762112e-11,
246.0,0.0265194689154,2.83467596977e-05,3.02997323405e-08,3.26414088529e-11,
247.0,0.0265194689152,2.83467596049e-05,3.0299986341e-08,3.24452314143e-11,
248.0,0.0265194689151,2.83467596213e-05,3.02999708103e-08,3.23160489258e-11,
249.0,0.0265194689149,2.83467596168e-05,3.02999799329e-08,3.24906277074e-11,
250.0,0.0265194689148,2.83467596207e-05,3.02999866448e-08,3.25116008306e-11,
251.0,0.0265194689147,2.83467595976e-05,3.02999528503e-08,3.24559266544e-11,
252.0,0.0265194689146,2.8346759501e-05,3.03001937358e-08,3.21147825208e-11,
253.0,0.0265194689145,2.83467594945e-05,3.03000775077e-08,3.22126728285e-11,
254.0,0.0265194689144,2.83467595281e-05,3.02998590732e-08,3.25533951959e-11,
255.0,0.0265194689143,2.83467595669e-05,3.02999141027e-08,3.24470041626e-11,
256.0,0.0265194689142,2.83467597198e-05,3.02998527083e-08,3.23297768512e-11,
257.0,0.0265194689142,2.83467597841e-05,3.02998088705e-08,3.23966410599e-11,
258.0,0.0265194689141,2.83467596822e-05,3.03000509665e-08,3.21791715251e-11,
259.0,0.0265194689141,2.83467598033e-05,3.02999575825e-08,3.24744716523e-11,
260.0,0.026519468914,2.83467597606e-05,3.02999591712e-08,3.23214537373e-11,
261.0,0.026519468914,2.83467595129e-05,3.03001274751e-08,3.23128573602e-11,
262.0,0.0265194689139,2.83467598127e-05,3.02998753536e-08,3.2462273992e-11,
263.0,0.0265194689139,2.83467595613e-05,3.03001868545e-08,3.23828352999e-11,
264.0,0.0265194689138,2.83467594762e-05,3.03001904592e-08,3.2348129175e-11,
265.0,0.0265194689138,2.83467594649e-05,3.0300002214e-08,3.24300794754e-11,
266.0,0.0265194689138,2.83467597378e-05,3.02998674375e-08,3.27527028837e-11,
267.0,0.0265194689137,2.83467592877e-05,3.02999851016e-08,3.24232463994e-11,
268.0,0.0265194689137,2.83467596923e-05,3.02999125756e-08,3.22120357825e-11,
269.0,0.0265194689137,2.83467593798e-05,3.02999222585e-08,3.25392467089e-11,
270.0,0.0265194689137,2.83467596388e-05,3.0300206904e-08,3.23310834445e-11,
271.0,0.0265194689137,2.83467596782e-05,3.02999485062e-08,3.26912175146e-11,
272.0,0.0265194689136,2.83467595349e-05,3.03000557026e-08,3.25544203489e-11,
273.0,0.0265194689136,2.83467595119e-05,3.03001843824e-08,3.21751387143e-11,
274.0,0.0265194689136,2.83467597663e-05,3.02998384676e-08,3.24836644631e-11,
275.0,0.0265194689136,2.83467596774e-05,3.03001229636e-08,3.23132521245e-11,
276.0,0.0265194689136,2.83467596184e-05,3.02999259313e-08,3.217095724e-11,
277.0,0.0265194689136,2.83467598692e-05,3.02996870135e-08,3.24032159957e-11,
278.0,0.0265194689136,2.83467593619e-05,3.02999906907e-08,3.24811906131e-11,
279.0,0.0265194689136,2.83467595999e-05,3.02999497494e-08,3.24998509348e-11,
280.0,0.0265194689135,2.83467595848e-05,3.03001219187e-08,3.22269329538e-11,
281.0,0.0265194689135,2.83467594924e-05,3.03003350437e-08,3.20787112525e-11,
282.0,0.0265194689135,2.83467594119e-05,3.03000242661e-08,3.24379908048e-11,
283.0,0.0265194689135,2.83467594738e-05,3.03003588472e-08,3.24151902387e-11,
284.0,0.0265194689135,2.83467597632e-05,3.03000878825e-08,3.23601430766e-11,
285.0,0.0265194689135,2.8346759767e-05,3.03001073983e-08,3.23187336353e-11,
286.0,0.0265194689135,2.83467594622e-05,3.02999504702e-08,3.24840851508e-11,
287.0,0.0265194689135,2.83467596462e-05,3.03000476112e-08,3.21707052984e-11,
288.0,0.0265194689135,2.83467593246e-05,3.03002034567e-08,3.22472135504e-11,
289.0,0.0265194689135,2.83467595882e-05,3.02999992892e-08,3.23437666813e-11,
290.0,0.0265194689135,2.83467597206e-05,3.02998376626e-08,3.21681346696e-11,
291.0,0.0265194689135,2.83467598299e-05,3.02996203603e-08,3.23944213273e-11,
292.0,0.0265194689135,2.83467599142e-05,3.0300047591e-08,3.1924370821e-11,
293.0,0.0265194689135,2.83467595526e-05,3.03002923703e-08,3.21906821571e-11,
294.0,0.0265194689135,2.83467603909e-05,3.02995688607e-08,3.21741276413e-11,
295.0,0.0265194689135,2.83467599654e-05,3.02997781416e-08,3.23149070124e-11,
296.0,0.0265194689135,2.83467598041e-05,3.03000350491e-08,3.2492840643e-11,
297.0,0.0265194689135,2.83467597784e-05,3.02998782946e-08,3.2547346161e-11,
298.0,0.0265194689135,2.8346759581e-05,3.02998877648e-08,3.28829906923e-11,
299.0,0.0265194689135,2.83467599254e-05,3.02997603821e-08,3.23557516112e-11,
300.0,0.0265194689135,2.83467599089e-05,3.03000337451e-08,3.23717859845e-11,
301.0,0.0265194689135,2.834675951e-05,3.03002239523e-08,3.19881427969e-11,
302.0,0.0265194689135,2.83467598217e-05,3.03000123209e-08,3.24625578784e-11,
303.0,0.0265194689135,2.8346759651e-05,3.02997082729e-08,3.26123045436e-11,
304.0,0.0265194689135,2.83467599132e-05,3.0299939471e-08,3.26137751452e-11,
305.0,0.0265194689135,2.83467597206e-05,3.02996155892e-08,3.22367038708e-11,
306.0,0.0265194689135,2.83467593207e-05,3.02998582094e-08,3.28092302001e-11,
307.0,0.0265194689135,2.83467595195e-05,3.02998695585e-08,3.26256163088e-11,
308.0,0.0265194689135,2.83467597952e-05,3.03001286957e-08,3.25509271597e-11,
309.0,0.0265194689135,2.83467599557e-05,3.03002368254e-08,3.22864105592e-11,
310.0,0.0265194689134,2.83467599404e-05,3.02996474243e-08,3.23640736617e-11,
311.0,0.0265194689135,2.83467594941e-05,3.02997783087e-08,3.28997968471e-11,
312.0,0.0265194689135,2.83467603977e-05,3.02995866369e-08,3.23793376066e-11,
313.0,0.0265194689135,2.83467597645e-05,3.02997449288e-08,3.25002571231e-11,
314.0,0.0265194689134,2.83467597127e-05,3.03002368989e-08,3.2045705163e-11,
315.0,0.0265194689135,2.8346759923e-05,3.02997789646e-08,3.27536950126e-11,
316.0,0.0265194689135,2.83467593322e-05,3.03002388727e-08,3.22932234351e-11,
317.0,0.0265194689135,2.83467593307e-05,3.03001212302e-08,3.24555516856e-11,
318.0,0.0265194689134,2.83467597203e-05,3.02997810424e-08,3.24324605737e-11,
319.0,0.0265194689135,2.83467593954e-05,3.02996352277e-08,3.2684440309e-11,
320.0,0.0265194689135,2.83467601522e-05,3.02998195328e-08,3.24540935188e-11,
321.0,0.0265194689135,2.83467601971e-05,3.03002245671e-08,3.18812229883e-11,
322.0,0.0265194689135,2.83467597245e-05,3.03000959532e-08,3.29035810054e-11,
323.0,0.0265194689135,2.83467593548e-05,3.02999167839e-08,3.28159138715e-11,
324.0,0.0265194689135,2.8346759414e-05,3.02998804013e-08,3.24969833644e-11,
325.0,0.0265194689134,2.83467591869e-05,3.02997457914e-08,3.29734532943e-11,
326.0,0.0265194689134,2.83467596922e-05,3.02995976502e-08,3.2656676816e-11,
327.0,0.0265194689134,2.83467594449e-05,3.03004155746e-08,3.28143530801e-11,
328.0,0.0265194689135,2.83467592629e-05,3.0299451581e-08,3.30670356332e-11,
329.0,0.0265194689135,2.83467599839e-05,3.03002069187e-08,3.18192071193e-11,
330.0,0.0265194689135,2.83467595955e-05,3.03001546011e-08,3.2202646081e-11,
331.0,0.0265194689134,2.83467594151e-05,3.0300240839e-08,3.21851509558e-11,
332.0,0.0265194689134,2.83467597623e-05,3.02998273486e-08,3.24593626457e-11,
333.0,0.0265194689134,2.83467589038e-05,3.03002645655e-08,3.23942563167e-11,
334.0,0.0265194689135,2.83467593295e-05,3.03003586057e-08,3.20587241282e-11,
335.0,0.0265194689135,2.8346759147e-05,3.02993186713e-08,3.29163317934e-11,
336.0,0.0265194689135,2.83467591936e-05,3.03001261242e-08,3.22281224174e-11,
337.0,0.0265194689135,2.8346759149e-05,3.03006105222e-08,3.17294768301e-11,
338.0,0.0265194689134,2.83467602078e-05,3.02996323035e-08,3.25275446192e-11,
339.0,0.0265194689135,2.8346759908e-05,3.02999739343e-08,3.24494200472e-11,
340.0,0.0265194689135,2.83467602287e-05,3.02991783275e-08,3.22882979639e-11,
341.0,0.0265194689135,2.83467598699e-05,3.02998233526e-08,3.25377096151e-11,
342.0,0.0265194689135,2.83467599464e-05,3.0299471837e-08,3.20677668688e-11,
343.0,0.0265194689135,2.83467594307e-05,3.02996931433e-08,3.25109883727e-11,
344.0,0.0265194689135,2.83467592102e-05,3.03005347484e-08,3.22886898401e-11,
345.0,0.0265194689135,2.834675983e-05,3.02997850881e-08,3.25052456232e-11,
346.0,0.0265194689134,2.83467596074e-05,3.02998754874e-08,3.28182591114e-11,
347.0,0.0265194689135,2.83467592775e-05,3.03000405025e-08,3.31771872541e-11,
348.0,0.0265194689135,2.83467600372e-05,3.02998055084e-08,3.25084872049e-11,
349.0,0.0265194689134,2.83467602939e-05,3.02996557701e-08,3.21960182948e-11,
350.0,0.0265194689135,2.8346759606e-05,3.03002956509e-08,3.22458297002e-11,
351.0,0.0265194689135,2.83467589649e-05,3.03002309365e-08,3.16634875055e-11,
352.0,0.0265194689135,2.83467597285e-05,3.0299953986e-08,3.19152202862e-11,
353.0,0.0265194689135,2.83467594454e-05,3.03007467255e-08,3.20298258362e-11,
354.0,0.0265194689135,2.83467599528e-05,3.03000700527e-08,3.25776550327e-11,
355.0,0.0265194689135,2.83467592403e-05,3.02998556474e-08,3.25846856724e-11,
356.0,0.0265194689135,2.83467598895e-05,3.03004658251e-08,3.17050468472e-11,
357.0,0.0265194689135,2.83467598479e-05,3.02997958659e-08,3.28291004697e-11,
358.0,0.0265194689135,2.83467598044e-05,3.02998770061e-08,3.23472750665e-11,
359.0,0.0265194689135,2.83467596821e-05,3.03003482522e-08,3.13396645254e-11,
360.0,0.0265194689134,2.83467599477e-05,3.02993722209e-08,3.20992970318e-11,
361.0,0.0265194689135,2.83467599844e-05,3.02994100462e-08,3.2207753387e-11,
362.0,0.0265194689135,2.83467597914e-05,3.03004231294e-08,3.25146111246e-11,
363.0,0.0265194689134,2.83467587784e-05,3.03001067302e-08,3.26547827255e-11,
364.0,0.0265194689135,2.83467597223e-05,3.03000663297e-08,3.15703564257e-11,
365.0,0.0265194689134,2.83467595636e-05,3.03003229456e-08,3.12589609816e-11,
366.0,0.0265194689134,2.83467588086e-05,3.02992894944e-08,3.28327246288e-11,
367.0,0.0265194689135,2.83467605679e-05,3.03001514709e-08,3.24833462891e-11,
368.0,0.0265194689134,2.83467587403e-05,3.03004706798e-08,3.19002830825e-11,
369.0,0.0265194689134,2.83467591816e-05,3.03004798216e-08,3.27660073685e-11,
370.0,0.0265194689135,2.83467600349e-05,3.0299532592e-08,3.22975602709e-11,
371.0,0.0265194689135,2.83467597752e-05,3.03005742281e-08,3.23925458417e-11,
372.0,0.0265194689134,2.83467610062e-05,3.03002576993e-08,3.08653757027e-11,
373.0,0.0265194689135,2.83467592383e-05,3.03000897964e-08,3.2427790094e-11,
374.0,0.0265194689134,2.83467600146e-05,3.02999929808e-08,3.26226546957e-11,
375.0,0.0265194689135,2.83467589193e-05,3.02997803581e-08,3.2772098218e-11,
376.0,0.0265194689134,2.83467589041e-05,3.03012518606e-08,3.22181948187e-11,
377.0,0.0265194689135,2.83467611726e-05,3.02993508779e-08,3.2645906508e-11,
378.0,0.0265194689134,2.8346759616e-05,3.02994814795e-08,3.21517719764e-11,
379.0,0.0265194689134,2.83467595739e-05,3.03000392565e-08,3.19549684505e-11,
380.0,0.0265194689134,2.83467589276e-05,3.03011610273e-08,3.26102455807e-11,
381.0,0.0265194689135,2.83467598003e-05,3.02995681726e-08,3.11500073868e-11,
382.0,0.0265194689135,2.83467612977e-05,3.02991408668e-08,3.23915052793e-11,
383.0,0.0265194689135,2.83467594132e-05,3.03009869685e-08,3.16801087776e-11,
384.0,0.0265194689135,2.83467583618e-05,3.02996669497e-08,3.35148756942e-11,
385.0,0.0265194689134,2.83467596449e-05,3.02992027697e-08,3.31003580267e-11,
386.0,0.0265194689135,2.83467601273e-05,3.0300614426e-08,3.1296014035e-11,
387.0,0.0265194689135,2.83467587124e-05,3.03005641945e-08,3.27370584156e-11,
388.0,0.0265194689134,2.83467603521e-05,3.02991284928e-08,3.26186967963e-11,
389.0,0.0265194689135,2.8346760257e-05,3.03006298823e-08,3.04423909394e-11,
390.0,0.0265194689134,2.83467591469e-05,3.03015928301e-08,3.265948979e-11,
391.0,0.0265194689135,2.83467597582e-05,3.02994806644e-08,3.37912876303e-11,
392.0,0.0265194689135,2.83467596732e-05,3.03005513768e-08,3.15890619053e-11,
393.0,0.0265194689135,2.83467591539e-05,3.03009996514e-08,3.08660015427e-11,
394.0,0.0265194689134,2.83467586426e-05,3.03008348885e-08,3.18191519059e-11,
395.0,0.0265194689134,2.83467600319e-05,3.02991744225e-08,3.21315934911e-11,
396.0,0.0265194689135,2.83467596314e-05,3.03017001599e-08,3.02096359521e-11,
397.0,0.0265194689135,2.83467584754e-05,3.02992259951e-08,3.30976488749e-11,
398.0,0.0265194689135,2.83467612147e-05,3.02992487995e-08,3.35351516589e-11,
399.0,0.0265194689135,2.83467609195e-05,3.02986588803e-08,3.36396938998e-11,
400.0,0.0265194689135,2.83467593613e-05,3.03003136686e-08,3.27486895754e-11,
401.0,0.0265194689134,2.8346759187e-05,3.02999306375e-08,3.05916755858e-11,
402.0,0.0265194689134,2.8346760049e-05,3.02999187839e-08,3.28534859362e-11,
403.0,0.0265194689134,2.83467585301e-05,3.03018213058e-08,3.20487885499e-11,
404.0,0.0265194689135,2.83467603942e-05,3.02998935687e-08,3.19048339569e-11,
405.0,0.0265194689134,2.8346760127e-05,3.02998782661e-08,3.22096328968e-11,
406.0,0.0265194689135,2.83467600655e-05,3.02986474174e-08,3.32176783155e-11,
407.0,0.0265194689134,2.8346758545e-05,3.03010723933e-08,3.2428131239e-11,
408.0,0.0265194689135,2.83467592363e-05,3.0300257209e-08,3.29118210004e-11,
409.0,0.0265194689135,2.83467604351e-05,3.03007840365e-08,3.01696169632e-11,
410.0,0.0265194689135,2.834675832e-05,3.03017440263e-08,3.13852072234e-11,
411.0,0.0265194689134,2.83467603341e-05,3.0300879131e-08,3.13487872078e-11,
412.0,0.0265194689134,2.83467603469e-05,3.03006703141e-08,3.16143096334e-11,
413.0,0.0265194689134,2.83467591992e-05,3.03000357919e-08,3.07395771975e-11,
414.0,0.0265194689135,2.83467598159e-05,3.0300582404e-08,3.08557753974e-11,
415.0,0.0265194689135,2.83467600277e-05,3.02993757849e-08,3.35730945754e-11,
416.0,0.0265194689134,2.83467582406e-05,3.03008672174e-08,3.15919017365e-11,
417.0,0.0265194689134,2.83467587363e-05,3.02996261842e-08,3.41120741636e-11,
418.0,0.0265194689135,2.83467624936e-05,3.02995500312e-08,3.11782883238e-11,
419.0,0.0265194689134,2.8346758829e-05,3.03015434352e-08,3.24155224673e-11,
420.0,0.0265194689134,2.83467581805e-05,3.03008369053e-08,3.23195345331e-11,
421.0,0.0265194689134,2.8346760085e-05,3.03002584959e-08,3.24650228949e-11,
422.0,0.0265194689134,2.83467616783e-05,3.02983312863e-08,3.39316554928e-11,
423.0,0.0265194689135,2.83467598527e-05,3.03011616222e-08,3.0929162691e-11,
424.0,0.0265194689135,2.83467591858e-05,3.03000014572e-08,3.03168737711e-11,
425.0,0.0265194689134,2.8346760356e-05,3.03002591291e-08,3.2010606065e-11,
426.0,0.0265194689134,2.83467596368e-05,3.03020171691e-08,3.14536800406e-11,
427.0,0.0265194689134,2.83467596295e-05,3.02993330243e-08,3.1253735502e-11,
428.0,0.0265194689135,2.83467606776e-05,3.02991453384e-08,3.300780791e-11,
429.0,0.0265194689135,2.8346761894e-05,3.02997310079e-08,3.12657524723e-11,
430.0,0.0265194689135,2.83467592696e-05,3.02994317339e-08,3.07111714633e-11,
431.0,0.0265194689135,2.83467603289e-05,3.03002810906e-08,3.05491377363e-11,
432.0,0.0265194689135,2.83467588713e-05,3.03004082922e-08,3.01375707182e-11,
433.0,0.0265194689134,2.83467614907e-05,3.02995914509e-08,3.27776770131e-11,
434.0,0.0265194689134,2.8346759338e-05,3.03017216416e-08,3.16617046652e-11,
435.0,0.0265194689134,2.83467603031e-05,3.03001772265e-08,3.14988146973e-11,
436.0,0.0265194689135,2.83467594383e-05,3.02997949152e-08,3.17901996023e-11,
437.0,0.0265194689134,2.83467616909e-05,3.0297560956e-08,3.20528283811e-11,
438.0,0.0265194689134,2.83467571033e-05,3.03024536092e-08,3.34772402655e-11,
439.0,0.0265194689134,2.83467612289e-05,3.02991751922e-08,3.09906132743e-11,
440.0,0.0265194689135,2.83467593337e-05,3.0300464027e-08,3.15455568614e-11,
441.0,0.0265194689135,2.83467603122e-05,3.03010499984e-08,3.15092877946e-11,
442.0,0.0265194689135,2.83467604434e-05,3.03008999743e-08,2.92687703432e-11,
443.0,0.0265194689135,2.83467601366e-05,3.03003846369e-08,2.97296572398e-11,
444.0,0.0265194689135,2.83467581399e-05,3.03019628282e-08,3.08768271476e-11,
445.0,0.0265194689135,2.83467589783e-05,3.02977237406e-08,3.3477841927e-11,
446.0,0.0265194689134,2.83467585678e-05,3.03034035783e-08,3.22693341546e-11,
447.0,0.0265194689135,2.8346757494e-05,3.02983224226e-08,3.53400571323e-11,
448.0,0.0265194689134,2.8346759684e-05,3.02990453579e-08,3.16275155671e-11,
449.0,0.0265194689135,2.83467599992e-05,3.02993914478e-08,3.48297542196e-11,
450.0,0.0265194689134,2.83467602101e-05,3.02973999473e-08,3.2502977465e-11,
451.0,0.0265194689134,2.83467592579e-05,3.02999088164e-08,3.41545590039e-11,
452.0,0.0265194689134,2.83467604194e-05,3.02983143917e-08,3.0903241672e-11,
453.0,0.0265194689134,2.83467594628e-05,3.02995421757e-08,3.29124761494e-11,
454.0,0.0265194689134,2.83467567197e-05,3.03009680584e-08,3.08656358112e-11,
455.0,0.0265194689135,2.83467600413e-05,3.0299951809e-08,3.03074240345e-11,
456.0,0.0265194689136,2.83467578645e-05,3.03018353358e-08,3.140900301e-11,
457.0,0.0265194689135,2.83467601704e-05,3.03004408587e-08,3.20746309949e-11,
458.0,0.0265194689135,2.83467601089e-05,3.03010872502e-08,3.05191251589e-11,
459.0,0.0265194689134,2.83467589502e-05,3.02995247246e-08,3.36913482747e-11,
460.0,0.0265194689135,2.83467591948e-05,3.03024603578e-08,3.09217842593e-11,
461.0,0.0265194689135,2.83467588395e-05,3.02992369859e-08,3.09581683488e-11,
462.0,0.0265194689134,2.83467601476e-05,3.03009180147e-08,3.22201833506e-11,
463.0,0.0265194689135,2.83467608196e-05,3.03007511321e-08,3.34484689459e-11,
464.0,0.0265194689134,2.8346762724e-05,3.02969868489e-08,3.23084341472e-11,
465.0,0.0265194689134,2.83467591769e-05,3.02985978329e-08,3.17641257437e-11,
466.0,0.0265194689134,2.83467612082e-05,3.03004692527e-08,3.00793956373e-11,
467.0,0.0265194689135,2.83467609668e-05,3.03011965942e-08,2.79316385204e-11,
468.0,0.0265194689135,2.83467602069e-05,3.03007179401e-08,3.30891109103e-11,
469.0,0.0265194689134,2.83467586536e-05,3.02976702551e-08,3.70779065624e-11,
470.0,0.0265194689134,2.83467584888e-05,3.02998167677e-08,3.52624284525e-11,
471.0,0.0265194689134,2.83467605368e-05,3.03031924029e-08,2.91395038033e-11,
472.0,0.0265194689135,2.83467595098e-05,3.03017893784e-08,3.00575217337e-11,
473.0,0.0265194689135,2.83467630356e-05,3.02973413849e-08,3.132826875e-11,
474.0,0.0265194689134,2.8346758865e-05,3.03007590085e-08,3.22904870564e-11,
475.0,0.0265194689134,2.83467555586e-05,3.03024031006e-08,3.31584612506e-11,
476.0,0.0265194689135,2.83467582926e-05,3.03007816598e-08,3.02128492213e-11,
477.0,0.0265194689134,2.83467576247e-05,3.03019249701e-08,3.46825031766e-11,
478.0,0.0265194689134,2.83467571256e-05,3.03003150114e-08,3.52685780025e-11,
479.0,0.0265194689135,2.83467607918e-05,3.02991999154e-08,3.1427043471e-11,
480.0,0.0265194689135,2.8346758971e-05,3.02997356526e-08,3.53686773618e-11,
481.0,0.0265194689134,2.83467579382e-05,3.03011917017e-08,3.1608227287e-11,
482.0,0.0265194689134,2.83467624429e-05,3.03012868603e-08,3.0517598129e-11,
483.0,0.0265194689135,2.83467605073e-05,3.03021001185e-08,3.19001443135e-11,
484.0,0.0265194689135,2.83467591569e-05,3.0297812092e-08,3.39858405571e-11,
485.0,0.0265194689136,2.83467647754e-05,3.02961620415e-08,3.11669705654e-11,
486.0,0.0265194689135,2.8346758386e-05,3.02975934449e-08,3.5321363567e-11,
487.0,0.0265194689135,2.83467575104e-05,3.03017428983e-08,3.33132001869e-11,
488.0,0.0265194689134,2.83467636429e-05,3.03050422939e-08,3.09525753468e-11,
489.0,0.0265194689135,2.83467608033e-05,3.03012522026e-08,3.14425826609e-11,
490.0,0.0265194689137,2.83467579393e-05,3.0299119075e-08,3.38799255516e-11,
491.0,0.0265194689135,2.83467608412e-05,3.03024110591e-08,3.11089285941e-11,
492.0,0.0265194689135,2.83467633106e-05,3.0296847442e-08,3.66855304003e-11,
493.0,0.0265194689134,2.83467580462e-05,3.02978935892e-08,3.52430352822e-11,
494.0,0.0265194689135,2.83467566665e-05,3.03014220582e-08,3.60883092692e-11,
495.0,0.0265194689134,2.83467547966e-05,3.03012877191e-08,3.42687862656e-11,
496.0,0.0265194689136,2.83467607824e-05,3.02984805718e-08,3.12150692397e-11,
497.0,0.0265194689134,2.83467620947e-05,3.02997771687e-08,3.06201786765e-11,
498.0,0.0265194689134,2.83467588405e-05,3.02977242806e-08,3.10013243129e-11,
499.0,0.0265194689134,2.83467591433e-05,3.03018513726e-08,2.72620022334e-11,
500.0,0.0265194689134,2.83467633886e-05,3.02974524634e-08,3.23732699247e-11,
501.0,0.0265194689134,2.83467609189e-05,3.02992832036e-08,3.19261059518e-11,
502.0,0.0265194689134,2.83467606334e-05,3.0302093194e-08,3.19835327553e-11,
503.0,0.0265194689134,2.83467579155e-05,3.02978355342e-08,3.65117837085e-11,
504.0,0.0265194689136,2.83467627172e-05,3.02987995738e-08,3.10382003825e-11,
505.0,0.0265194689135,2.83467596549e-05,3.03025203429e-08,3.17510193992e-11,
506.0,0.0265194689135,2.83467616394e-05,3.02930361213e-08,3.46536224923e-11,
507.0,0.0265194689134,2.83467604511e-05,3.02959122136e-08,3.44270719982e-11,
508.0,0.0265194689135,2.83467592875e-05,3.03015446317e-08,2.64613065686e-11,
509.0,0.0265194689136,2.83467597207e-05,3.02946020839e-08,3.53093744719e-11,
510.0,0.0265194689134,2.8346765157e-05,3.02946723473e-08,3.17872119007e-11,
511.0,0.0265194689135,2.83467581292e-05,3.03019756252e-08,2.85711144848e-11,
512.0,0.0265194689135,2.83467567626e-05,3.03048895876e-08,2.62725932162e-11,
513.0,0.0265194689134,2.8346758928e-05,3.03010041692e-08,2.46937936978e-11,
514.0,0.0265194689136,2.83467558322e-05,3.0297300789e-08,3.39173141066e-11,
515.0,0.0265194689136,2.83467619391e-05,3.02999975332e-08,3.31416938698e-11,
516.0,0.0265194689136,2.83467480374e-05,3.03055689502e-08,3.40314844016e-11,
517.0,0.0265194689134,2.83467593698e-05,3.03030124001e-08,3.04425249596e-11,
518.0,0.0265194689136,2.83467598003e-05,3.03045425198e-08,2.89186915793e-11,
519.0,0.0265194689135,2.83467590492e-05,3.03064212358e-08,2.87039778651e-11,
520.0,0.0265194689135,2.83467568583e-05,3.03025376195e-08,3.26287705463e-11,
521.0,0.0265194689134,2.83467572061e-05,3.02973294483e-08,2.96046986307e-11,
522.0,0.0265194689135,2.83467597891e-05,3.03060358905e-08,2.72246700367e-11,
523.0,0.0265194689135,2.83467618654e-05,3.03002563121e-08,3.26572024153e-11,
524.0,0.0265194689135,2.83467615971e-05,3.02993588006e-08,3.32829128697e-11,
525.0,0.0265194689136,2.83467576593e-05,3.02929066325e-08,4.32232225753e-11,
526.0,0.0265194689133,2.83467670841e-05,3.02967810244e-08,2.8887614231e-11,
527.0,0.0265194689134,2.8346753803e-05,3.02979048821e-08,3.8266528194e-11,
528.0,0.0265194689134,2.83467579106e-05,3.03018187092e-08,3.13929606559e-11,
529.0,0.0265194689134,2.83467641484e-05,3.02941369042e-08,3.60867156279e-11,
530.0,0.0265194689136,2.83467608307e-05,3.0298070388e-08,3.41076911379e-11,
531.0,0.0265194689133,2.834675661e-05,3.03005111945e-08,2.79175813315e-11,
532.0,0.0265194689135,2.83467624474e-05,3.02929689602e-08,3.1906761042e-11,
533.0,0.0265194689136,2.8346763687e-05,3.02953930649e-08,3.1492390469e-11,
534.0,0.0265194689135,2.8346755768e-05,3.03074636444e-08,2.58244305159e-11,
535.0,0.0265194689135,2.83467575824e-05,3.0305001207e-08,2.45319735696e-11,
536.0,0.0265194689136,2.83467542735e-05,3.03026839736e-08,2.94395114385e-11,
537.0,0.0265194689136,2.834675598e-05,3.03001881921e-08,3.28168312795e-11,
538.0,0.0265194689134,2.83467502519e-05,3.03087316357e-08,2.35461546057e-11,
539.0,0.0265194689136,2.8346765286e-05,3.02999364894e-08,3.33947309096e-11,
540.0,0.0265194689135,2.83467578919e-05,3.03091490537e-08,2.61155505263e-11,
541.0,0.0265194689135,2.8346757743e-05,3.03007969351e-08,2.33658157122e-11,
542.0,0.0265194689136,2.83467650127e-05,3.02967264925e-08,2.99025286412e-11,
543.0,0.0265194689139,2.83467563045e-05,3.029979851e-08,3.13998381411e-11,
544.0,0.0265194689134,2.83467621986e-05,3.03005949553e-08,2.85856734648e-11,
545.0,0.0265194689136,2.83467682413e-05,3.02957976953e-08,2.92711407522e-11,
546.0,0.0265194689136,2.83467608327e-05,3.03073820719e-08,2.95916691476e-11,
547.0,0.0265194689135,2.8346754488e-05,3.03150327593e-08,2.64224446541e-11,
548.0,0.0265194689135,2.8346751001e-05,3.03089683223e-08,3.18485245995e-11,
549.0,0.0265194689136,2.83467580079e-05,3.03039567246e-08,2.5631403573e-11,
550.0,0.0265194689138,2.8346756588e-05,3.03083936193e-08,2.29341760777e-11,
551.0,0.0265194689135,2.83467570116e-05,3.03052166222e-08,3.22548471246e-11,
552.0,0.0265194689134,2.83467556671e-05,3.03058344671e-08,2.65510780269e-11,
553.0,0.0265194689135,2.83467613527e-05,3.02934262006e-08,3.20792708799e-11,
554.0,0.0265194689138,2.83467671906e-05,3.02955831621e-08,3.24851953218e-11,
555.0,0.0265194689135,2.83467630354e-05,3.02996567632e-08,3.41535724366e-11,
556.0,0.0265194689136,2.83467536291e-05,3.03044581879e-08,2.08761193279e-11,
557.0,0.0265194689133,2.83467602631e-05,3.02896216099e-08,4.16387964949e-11,
558.0,0.0265194689133,2.8346759925e-05,3.02947419772e-08,4.17726498573e-11,
559.0,0.0265194689136,2.83467554608e-05,3.02966470562e-08,3.1956820928e-11,
560.0,0.0265194689137,2.83467573835e-05,3.03075158607e-08,3.25619418574e-11,
561.0,0.0265194689134,2.83467587818e-05,3.03035952754e-08,3.35185042305e-11,
562.0,0.0265194689136,2.8346759595e-05,3.02935945988e-08,3.37701041452e-11,
563.0,0.0265194689136,2.83467590745e-05,3.03162643051e-08,1.72290418858e-11,
564.0,0.0265194689135,2.83467691369e-05,3.03002889939e-08,2.99138114543e-11,
565.0,0.0265194689137,2.83467550769e-05,3.03044565533e-08,3.03425189162e-11,
566.0,0.0265194689135,2.83467589031e-05,3.0300591532e-08,3.57972485272e-11,
567.0,0.0265194689134,2.83467572981e-05,3.02944764449e-08,4.35350331248e-11,
568.0,0.0265194689137,2.83467662134e-05,3.02990252892e-08,3.97522488843e-11,
569.0,0.0265194689136,2.83467556208e-05,3.03107620948e-08,2.31949729543e-11,
570.0,0.0265194689135,2.83467610301e-05,3.03016487612e-08,3.95955403746e-11,
571.0,0.0265194689136,2.8346770211e-05,3.02893086037e-08,4.42402879857e-11,
572.0,0.0265194689138,2.83467486442e-05,3.03106242067e-08,2.15373198028e-11,
573.0,0.0265194689137,2.83467541493e-05,3.03022154649e-08,3.80827723049e-11,
574.0,0.0265194689132,2.83467579359e-05,3.03043312332e-08,2.46428453803e-11,
575.0,0.0265194689133,2.83467562827e-05,3.03136743727e-08,1.71536580461e-11,
576.0,0.0265194689133,2.83467610565e-05,3.03003840544e-08,3.60799590755e-11,
577.0,0.0265194689133,2.83467748649e-05,3.03023811361e-08,2.09162696397e-11,
578.0,0.0265194689132,2.83467557413e-05,3.0301923486e-08,3.02766154545e-11,
579.0,0.0265194689132,2.83467639577e-05,3.02928810764e-08,4.12165747605e-11,
580.0,0.0265194689133,2.83467716376e-05,3.02987142369e-08,3.45726340207e-11,
581.0,0.0265194689131,2.83467636133e-05,3.02975814357e-08,3.1802361036e-11,
582.0,0.0265194689134,2.834676316e-05,3.02994335719e-08,3.2693532099e-11,
583.0,0.0265194689136,2.83467642457e-05,3.03028464485e-08,3.97616344976e-11,
584.0,0.0265194689136,2.83467635098e-05,3.02934910521e-08,3.74673092687e-11,
585.0,0.0265194689133,2.83467532265e-05,3.02938307507e-08,4.24142900378e-11,
586.0,0.0265194689134,2.83467678922e-05,3.02913098759e-08,3.16239839114e-11,
587.0,0.0265194689131,2.83467591161e-05,3.03050967841e-08,2.53558694495e-11,
588.0,0.0265194689138,2.83467581284e-05,3.03047730862e-08,3.81962131306e-11,
589.0,0.0265194689135,2.83467541096e-05,3.03104980105e-08,2.26631241283e-11,
590.0,0.026519468913,2.8346744303e-05,3.02986550183e-08,3.99545278114e-11,
591.0,0.0265194689135,2.83467552591e-05,3.02911870995e-08,4.72731326851e-11,
592.0,0.0265194689132,2.8346758924e-05,3.02985874003e-08,3.38111581562e-11,
593.0,0.0265194689133,2.83467554274e-05,3.02907187271e-08,3.82032168896e-11,
594.0,0.0265194689139,2.83467679843e-05,3.02927018614e-08,3.99487884804e-11,
595.0,0.0265194689134,2.83467711348e-05,3.0297627987e-08,3.80176258477e-11,
596.0,0.0265194689135,2.83467637386e-05,3.03058761303e-08,1.80205983641e-11,
597.0,0.0265194689137,2.83467655239e-05,3.02963350618e-08,3.75797746623e-11,
598.0,0.0265194689134,2.83467679472e-05,3.03031151643e-08,3.22393907712e-11,
599.0,0.0265194689133,2.83467594193e-05,3.02958221302e-08,3.29674665577e-11,
600.0,0.0265194689133,2.8346763988e-05,3.02999107891e-08,3.47061102198e-11,
601.0,0.0265194689133,2.83467584963e-05,3.02885200353e-08,3.28301856997e-11,
602.0,0.0265194689135,2.83467586429e-05,3.02862726804e-08,3.87090106341e-11,
603.0,0.0265194689136,2.83467577788e-05,3.03068350128e-08,4.38240627028e-11,
604.0,0.0265194689132,2.83467689685e-05,3.03004118774e-08,2.86004928796e-11,
605.0,0.0265194689137,2.83467792755e-05,3.03105318971e-08,2.58603411677e-11,
606.0,0.0265194689133,2.8346751209e-05,3.02983772311e-08,2.95746974635e-11,
607.0,0.0265194689133,2.83467480946e-05,3.02964206854e-08,4.39400698193e-11,
608.0,0.026519468913,2.83467666471e-05,3.0303096275e-08,3.58384435562e-11,
609.0,0.0265194689138,2.83467772068e-05,3.02852008607e-08,2.5071070644e-11,
610.0,0.0265194689133,2.8346762498e-05,3.03085284133e-08,2.89873786223e-11,
611.0,0.0265194689132,2.83467535553e-05,3.02944386654e-08,4.00469025018e-11,
612.0,0.0265194689133,2.83467554231e-05,3.03096194977e-08,3.21151462539e-11,
613.0,0.0265194689137,2.83467501081e-05,3.02930631399e-08,5.43372610861e-11,
614.0,0.0265194689132,2.83467741594e-05,3.03021710955e-08,2.76674500791e-11,
615.0,0.0265194689132,2.83467612911e-05,3.02995453009e-08,3.32655527032e-11,
616.0,0.0265194689137,2.83467656702e-05,3.02853062646e-08,4.15450346134e-11,
617.0,0.0265194689135,2.83467649961e-05,3.02941845982e-08,3.65319836141e-11,
618.0,0.0265194689135,2.83467696496e-05,3.02943680665e-08,2.69651114824e-11,
619.0,0.0265194689129,2.83467631732e-05,3.0309433152e-08,1.94065150309e-11,
620.0,0.0265194689132,2.83467715459e-05,3.02868660094e-08,4.8488154717e-11,
621.0,0.0265194689137,2.83467592986e-05,3.02938727438e-08,3.2684264436e-11,
622.0,0.0265194689137,2.83467511153e-05,3.03112329648e-08,3.91236098182e-11,
623.0,0.0265194689135,2.83467343423e-05,3.03207031744e-08,2.37820052212e-11,
624.0,0.0265194689132,2.83467703932e-05,3.03000647217e-08,2.202343471e-11,
625.0,0.0265194689134,2.83467621771e-05,3.02983578733e-08,3.80632105891e-11,
626.0,0.0265194689141,2.83467566758e-05,3.03153860902e-08,1.13707950358e-11,
627.0,0.0265194689133,2.83467795285e-05,3.03051704053e-08,3.96035003183e-11,
628.0,0.0265194689137,2.83467529233e-05,3.02952319995e-08,3.7944397371e-11,
629.0,0.0265194689134,2.8346750218e-05,3.03026253422e-08,3.29050595022e-11,
630.0,0.0265194689142,2.83467675533e-05,3.0299290655e-08,2.61133605688e-11,
631.0,0.0265194689135,2.83467668352e-05,3.02862325023e-08,3.51115505862e-11,
632.0,0.0265194689131,2.834677281e-05,3.03028547519e-08,2.34511617423e-11,
633.0,0.0265194689145,2.83467531549e-05,3.03120938833e-08,5.12029715351e-12,
634.0,0.0265194689135,2.83467692549e-05,3.03134331159e-08,3.56363524653e-11,
635.0,0.0265194689136,2.83467518008e-05,3.02933400859e-08,4.20395517452e-11,
636.0,0.0265194689134,2.83467377587e-05,3.03363557991e-08,1.2506350691e-11,
637.0,0.0265194689146,2.83467499013e-05,3.03015181082e-08,4.37757859522e-11,
638.0,0.0265194689133,2.83467662184e-05,3.0320880832e-08,2.07997006503e-11,
639.0,0.0265194689136,2.83467569946e-05,3.02901789361e-08,3.93368617639e-11,
640.0,0.0265194689134,2.83467531359e-05,3.03078483099e-08,4.94653637185e-11,
641.0,0.0265194689136,2.83467627312e-05,3.02951728388e-08,3.21897677101e-11,
642.0,0.026519468913,2.8346755407e-05,3.03015537752e-08,3.92653694977e-11,
643.0,0.0265194689134,2.83467748955e-05,3.02966915745e-08,8.62288705824e-12,
644.0,0.0265194689138,2.83467531979e-05,3.03006194744e-08,2.79879033558e-11,
645.0,0.0265194689141,2.83467611343e-05,3.03094697518e-08,3.53796466098e-11,
646.0,0.0265194689138,2.83467336942e-05,3.03427680899e-08,1.33997584017e-11,
647.0,0.0265194689133,2.83467782383e-05,3.03130873124e-08,3.0904320332e-11,
648.0,0.0265194689139,2.83467290331e-05,3.02812145627e-08,5.67135426256e-11,
649.0,0.0265194689139,2.83467667999e-05,3.02993423807e-08,1.89589508291e-11,
650.0,0.0265194689142,2.83467473738e-05,3.0282628624e-08,4.86825497996e-11,
651.0,0.0265194689135,2.83467814665e-05,3.03000916771e-08,9.50732357493e-12,
652.0,0.0265194689134,2.83467389807e-05,3.03364810823e-08,3.54725553315e-11,
653.0,0.0265194689136,2.83467625495e-05,3.03036197378e-08,6.80668855571e-11,
654.0,0.0265194689126,2.83467365481e-05,3.03317346235e-08,1.03955029278e-11,
655.0,0.0265194689137,2.83467655114e-05,3.03115653436e-08,9.22565830416e-12,
656.0,0.0265194689143,2.83467467441e-05,3.02821073364e-08,8.08758510682e-11,
657.0,0.0265194689141,2.83467857443e-05,3.02908536719e-08,5.84622141833e-11,
658.0,0.026519468915,2.8346726836e-05,3.03015656495e-08,4.50259360753e-11,
659.0,0.0265194689131,2.83467620835e-05,3.03181531665e-08,4.52784329109e-11,
660.0,0.0265194689139,2.83467414646e-05,3.03206702764e-08,2.63283336385e-11,
661.0,0.0265194689145,2.83467570126e-05,3.03216394126e-08,1.82821500573e-11,
662.0,0.0265194689145,2.83467239242e-05,3.03284015732e-08,2.3623531818e-11,
663.0,0.026519468913,2.83467202253e-05,3.03155964935e-08,2.98482798081e-11,
664.0,0.0265194689134,2.83467659702e-05,3.03246281213e-08,2.57496305607e-11,
665.0,0.0265194689135,2.83467720028e-05,3.02712449586e-08,4.40840295882e-11,
666.0,0.026519468914,2.83467142103e-05,3.02688247512e-08,7.70323933117e-11,
667.0,0.0265194689131,2.83467764886e-05,3.02909539356e-08,7.8933580012e-11,
668.0,0.0265194689137,2.83467428241e-05,3.0332240942e-08,8.97797207428e-12,
669.0,0.026519468914,2.83467381008e-05,3.03002335888e-08,3.64749067204e-11,
670.0,0.0265194689129,2.83467701542e-05,3.02909315091e-08,2.7147214992e-11,
671.0,0.026519468914,2.83467777808e-05,3.03132350489e-08,1.48428065695e-11,
672.0,0.0265194689137,2.83467641525e-05,3.03078054662e-08,3.51978185132e-11,
673.0,0.0265194689146,2.83467169608e-05,3.03440781743e-08,4.56632372988e-11,
674.0,0.0265194689132,2.83467674879e-05,3.03294350091e-08,3.15216679686e-11,
675.0,0.0265194689132,2.83467851619e-05,3.02953528504e-08,2.53460869684e-11,
676.0,0.0265194689133,2.8346733932e-05,3.03077848988e-08,2.5913383176e-11,
677.0,0.026519468914,2.8346751606e-05,3.02862928689e-08,5.08349244676e-11,
678.0,0.0265194689134,2.83467451413e-05,3.02876926865e-08,4.07715865221e-11,
679.0,0.0265194689137,2.83467898677e-05,3.02603098909e-08,5.65365487993e-11,
680.0,0.0265194689133,2.8346750253e-05,3.03153884724e-08,8.1611608577e-12,
681.0,0.0265194689138,2.83467752517e-05,3.02709829044e-08,2.13258434731e-11,
682.0,0.0265194689135,2.83467580719e-05,3.03234129315e-08,1.73648377789e-11,
683.0,0.0265194689135,2.83467464891e-05,3.03499334914e-08,2.64963546311e-11,
684.0,0.0265194689128,2.8346738065e-05,3.03162461051e-08,1.76852319793e-11,
685.0,0.0265194689143,2.83467672745e-05,3.02629912852e-08,6.93232972291e-11,
686.0,0.0265194689129,2.83467654634e-05,3.02697261979e-08,3.40318000529e-11,
687.0,0.0265194689137,2.83467645791e-05,3.02963191554e-08,1.68957992265e-11,
688.0,0.0265194689127,2.83467723679e-05,3.02835976145e-08,2.78691441743e-11,
689.0,0.0265194689136,2.83467507441e-05,3.03083617461e-08,3.03881167466e-11,
690.0,0.0265194689144,2.8346736589e-05,3.03022595799e-08,7.28418883199e-11,
691.0,0.0265194689133,2.83467533847e-05,3.02963453351e-08,8.61960734769e-11,
692.0,0.0265194689132,2.83467253803e-05,3.03043417181e-08,2.83975415616e-11,
693.0,0.0265194689136,2.83467736521e-05,3.03531012591e-08,1.3161586475e-11,
694.0,0.026519468914,2.83467924801e-05,3.02655731245e-08,7.61211529662e-11,
695.0,0.026519468914,2.83467578339e-05,3.02992097826e-08,6.92810243795e-11,
696.0,0.0265194689135,2.83467529299e-05,3.02820653225e-08,1.96449459783e-11,
697.0,0.0265194689132,2.83467114681e-05,3.0344429793e-08,9.36856061819e-12,
698.0,0.0265194689126,2.83467500188e-05,3.03247433501e-08,9.14553031345e-12,
699.0,0.026519468913,2.83467454198e-05,3.03085648496e-08,2.94777027275e-11,
700.0,0.0265194689136,2.83467743848e-05,3.03082248119e-08,1.43671598683e-11,
701.0,0.0265194689133,2.83467428868e-05,3.02942872701e-08,3.21939770751e-11,
702.0,0.026519468913,2.83467784268e-05,3.03165665526e-08,3.0754157811e-11,
703.0,0.0265194689125,2.83467804251e-05,3.03023417463e-08,2.16359078688e-11,
704.0,0.026519468912,2.83467437293e-05,3.03149689032e-08,4.85640450224e-11,
705.0,0.0265194689133,2.83467198408e-05,3.03389355398e-08,1.08361605739e-11,
706.0,0.0265194689128,2.83467208058e-05,3.02878047066e-08,1.87569744596e-11,
707.0,0.0265194689133,2.83467673593e-05,3.03215193771e-08,3.14520496318e-11,
708.0,0.0265194689151,2.83467846041e-05,3.03140999356e-08,1.74730633188e-11,
709.0,0.0265194689135,2.83467293764e-05,3.03594905483e-08,5.81495743742e-11,
710.0,0.0265194689127,2.83467366502e-05,3.02889738635e-08,3.2067821851e-11,
711.0,0.0265194689141,2.83467377292e-05,3.0344284546e-08,2.17261159386e-11,
712.0,0.0265194689132,2.83468366223e-05,3.02893322277e-08,1.55507490975e-11,
713.0,0.0265194689139,2.83467242923e-05,3.0319835753e-08,4.23450386553e-11,
714.0,0.026519468913,2.8346782499e-05,3.0272842515e-08,5.40197175026e-11,
715.0,0.0265194689127,2.83467215348e-05,3.03250785723e-08,9.1589649425e-12,
716.0,0.0265194689136,2.83467258877e-05,3.03345920678e-08,2.28497451038e-11,
717.0,0.0265194689142,2.8346712461e-05,3.03109344336e-08,3.8924821537e-11,
718.0,0.0265194689148,2.83467979607e-05,3.02698737444e-08,2.50259303909e-11,
719.0,0.0265194689149,2.83467623471e-05,3.02975216112e-08,7.12326015142e-11,
720.0,0.0265194689137,2.834674814e-05,3.02365924664e-08,1.01160012608e-10,
721.0,0.0265194689143,2.83467737658e-05,3.02781073947e-08,4.36551171297e-11,
722.0,0.0265194689127,2.83467349187e-05,3.0314846098e-08,7.8992125848e-12,
723.0,0.0265194689153,2.83467853653e-05,3.02836916689e-08,2.08843486385e-11,
724.0,0.026519468915,2.83467802e-05,3.03215814468e-08,3.1250275735e-11,
725.0,0.0265194689131,2.83467798769e-05,3.03299487238e-08,1.40902110842e-11,
726.0,0.0265194689132,2.83468069327e-05,3.02777816872e-08,7.82527108574e-12,
727.0,0.0265194689153,2.83467266006e-05,3.03575768157e-08,1.1051674175e-11,
728.0,0.0265194689125,2.83467347249e-05,3.03135654143e-08,6.66903487094e-11,
729.0,0.0265194689136,2.83467458831e-05,3.02012935617e-08,1.06663460694e-10,
730.0,0.0265194689135,2.8346717136e-05,3.03718444216e-08,7.88223106456e-11,
731.0,0.0265194689125,2.83467955421e-05,3.02222463841e-08,5.89108779081e-11,
732.0,0.0265194689118,2.83467308003e-05,3.03195682781e-08,1.92587658513e-11,
733.0,0.0265194689121,2.83467510097e-05,3.03210696938e-08,5.82864333168e-11,
734.0,0.0265194689164,2.83468548784e-05,3.01855470061e-08,2.616038402e-11,
735.0,0.0265194689145,2.8346673809e-05,3.0273406319e-08,7.74937245811e-11,
736.0,0.026519468912,2.83467486725e-05,3.0276664607e-08,1.13141084176e-10,
737.0,0.0265194689143,2.83467801419e-05,3.03020514436e-08,5.69126483853e-11,
738.0,0.0265194689134,2.83467836356e-05,3.03001748179e-08,4.19246595619e-11,
739.0,0.0265194689148,2.83467569108e-05,3.04109926371e-08,1.16157634999e-11,
740.0,0.0265194689144,2.83468040338e-05,3.02494519973e-08,3.21135236629e-11,
741.0,0.0265194689139,2.83468770354e-05,3.02153321574e-08,1.74242541319e-11,
742.0,0.026519468913,2.83467492103e-05,3.03464605865e-08,3.12104849994e-11,
743.0,0.0265194689127,2.83467196221e-05,3.03676883368e-08,5.61530244998e-11,
744.0,0.0265194689148,2.83468093489e-05,3.02988657569e-08,7.28854580766e-11,
745.0,0.0265194689113,2.83466610319e-05,3.03450211912e-08,4.96465628568e-11,
746.0,0.0265194689149,2.8346826925e-05,3.02941641316e-08,4.60727742072e-11,
747.0,0.0265194689148,2.83467754835e-05,3.02339520196e-08,1.30995821787e-10,
748.0,0.0265194689126,2.83467263023e-05,3.03053347558e-08,1.79192615946e-10,
749.0,0.0265194689133,2.83468255603e-05,3.0246705588e-08,7.39041019768e-11,
750.0,0.026519468914,2.83468086703e-05,3.02613514595e-08,5.64935249078e-11,
751.0,0.0265194689121,2.83468213703e-05,3.03496659607e-08,9.7515031242e-11,
752.0,0.0265194689131,2.8346792606e-05,3.0258620921e-08,2.87518702187e-11,
753.0,0.0265194689123,2.83467162105e-05,3.03062309889e-08,6.17860847797e-11,
754.0,0.0265194689124,2.83468269817e-05,3.02345430766e-08,6.16858406509e-11,
755.0,0.0265194689098,2.83467157771e-05,3.03157975928e-08,7.56254403388e-12,
756.0,0.0265194689107,2.83467878013e-05,3.01647948814e-08,1.55904853982e-10,
757.0,0.0265194689116,2.83468527158e-05,3.02113790573e-08,5.33278431273e-11,
758.0,0.0265194689132,2.83468007232e-05,3.0382703983e-08,7.76501940314e-11,
759.0,0.0265194689112,2.83467387198e-05,3.03837175024e-08,2.37405891808e-11,
760.0,0.026519468913,2.83466988918e-05,3.03471343628e-08,1.39345275069e-11,
761.0,0.0265194689129,2.83468420296e-05,3.03296959965e-08,1.05288680633e-10,
762.0,0.026519468914,2.83467754261e-05,3.03288617994e-08,5.66408890595e-11,
763.0,0.0265194689148,2.83466595677e-05,3.04189902998e-08,8.68611186718e-11,
764.0,0.0265194689134,2.83466938379e-05,3.03731046688e-08,3.4350558549e-11,
765.0,0.0265194689116,2.83466939196e-05,3.03204692551e-08,4.6284600713e-11,
766.0,0.0265194689145,2.83467936467e-05,3.03139001213e-08,1.92774934051e-11,
767.0,0.026519468911,2.83469039444e-05,3.01997905289e-08,1.42011118366e-11,
768.0,0.026519468913,2.83469285422e-05,3.01537521249e-08,3.02943199166e-11,
769.0,0.0265194689092,2.83467544338e-05,3.02528466426e-08,1.9082885282e-11,
770.0,0.0265194689125,2.83468302659e-05,3.0289625345e-08,1.46446953376e-11,
771.0,0.0265194689129,2.83467530869e-05,3.03692885503e-08,1.12198719782e-10,
772.0,0.026519468914,2.83467182995e-05,3.02746110373e-08,6.59488982555e-11,
773.0,0.0265194689121,2.8346820462e-05,3.02598482294e-08,2.45309835006e-11,
774.0,0.0265194689122,2.8346799669e-05,3.01882432336e-08,1.69678921465e-10,
775.0,0.026519468913,2.83468681292e-05,3.02590769445e-08,5.75160156388e-11,
776.0,0.0265194689127,2.83467518556e-05,3.03325012182e-08,1.07741349168e-10,
777.0,0.0265194689109,2.83468414205e-05,3.02621778436e-08,4.46919584987e-11,
778.0,0.0265194689114,2.83467164276e-05,3.02283433869e-08,1.15109847033e-10,
779.0,0.0265194689151,2.83467931045e-05,3.01870918541e-08,5.20746441396e-11,
780.0,0.0265194689139,2.83467987577e-05,3.02796625162e-08,7.9293360744e-11,
781.0,0.0265194689119,2.83467644432e-05,3.04394195754e-08,2.60849264696e-11,
782.0,0.0265194689129,2.83467481693e-05,3.0353479497e-08,3.48540211205e-11,
783.0,0.0265194689145,2.83468298096e-05,3.03785568094e-08,2.72857453792e-11,
784.0,0.0265194689133,2.83468435892e-05,3.0261414644e-08,3.29870173747e-11,
785.0,0.0265194689144,2.83467728162e-05,3.01918090612e-08,1.07379072614e-10,
786.0,0.0265194689109,2.83465035156e-05,3.03380690698e-08,1.15857904024e-10,
787.0,0.0265194689162,2.83467363481e-05,3.03600225982e-08,4.18483232896e-11,
788.0,0.0265194689098,2.83469668142e-05,3.02975416847e-08,2.84496003906e-11,
789.0,0.0265194689106,2.83467242915e-05,3.03241836784e-08,5.60060844194e-11,
790.0,0.0265194689098,2.83468970208e-05,3.02084312837e-08,4.45787560508e-11,
791.0,0.0265194689099,2.83466333044e-05,3.03793276393e-08,4.60469074755e-11,
792.0,0.0265194689084,2.83467912833e-05,3.04499586902e-08,3.39440140263e-11,
793.0,0.0265194689108,2.83466238333e-05,3.02544613789e-08,7.08904364109e-11,
794.0,0.0265194689164,2.83466224191e-05,3.0339509362e-08,9.38828989538e-11,
795.0,0.0265194689144,2.834671661e-05,3.01708385216e-08,1.16243058749e-10,
796.0,0.0265194689097,2.83467471495e-05,3.02201702531e-08,2.69263280295e-11,
797.0,0.0265194689098,2.83467854618e-05,3.0283184191e-08,2.63716170222e-10,
798.0,0.0265194689117,2.83468870881e-05,3.04318887246e-08,2.15497099233e-10,
799.0,0.0265194689087,2.83468485806e-05,3.0289585348e-08,4.60232356788e-11,
800.0,0.0265194689119,2.83468509236e-05,3.02220193531e-08,8.56966327395e-11,
801.0,0.0265194689147,2.83467362147e-05,3.02514760705e-08,9.74396242459e-11,
802.0,0.0265194689142,2.83466817604e-05,3.0538397923e-08,1.07467368193e-10,
803.0,0.0265194689121,2.83467091867e-05,3.03420710003e-08,4.26812974959e-11,
804.0,0.0265194689158,2.8346661941e-05,3.04400326901e-08,1.8415009738e-11,
805.0,0.0265194689117,2.83468549484e-05,3.03260394248e-08,4.71991259373e-11,
806.0,0.0265194689158,2.83467632518e-05,3.03426618368e-08,6.32115042659e-11,
807.0,0.0265194689127,2.83468062648e-05,3.0375163694e-08,6.17644160969e-11,
808.0,0.0265194689125,2.83468709378e-05,3.03551101155e-08,1.14539356927e-10,
809.0,0.026519468913,2.83466954336e-05,3.02983106573e-08,3.7883447375e-11,
810.0,0.0265194689129,2.83468071756e-05,3.01666126541e-08,2.05395995032e-10,
811.0,0.0265194689117,2.83467260612e-05,3.02617674976e-08,7.79342680494e-11,
812.0,0.0265194689143,2.83469403787e-05,3.01229267701e-08,1.73986307652e-10,
813.0,0.0265194689184,2.83467201807e-05,3.0097097975e-08,2.68120336646e-10,
814.0,0.0265194689127,2.83468610817e-05,3.02004182187e-08,1.43930787732e-10,
815.0,0.0265194689092,2.83467429298e-05,3.01821910513e-08,1.8942624939e-10,
816.0,0.0265194689143,2.83467235959e-05,3.04244998673e-08,4.06179844163e-11,
817.0,0.0265194689093,2.83468556138e-05,3.00660959321e-08,2.35769908795e-10,
818.0,0.0265194689155,2.83465622667e-05,3.04265208133e-08,1.78565897938e-10,
819.0,0.0265194689136,2.83467563422e-05,3.05368660506e-08,8.31855690873e-11,
820.0,0.0265194689126,2.83466908535e-05,3.0183752376e-08,1.29287771054e-10,
821.0,0.0265194689175,2.83464052675e-05,3.0424817523e-08,1.16673452861e-10,
822.0,0.0265194689133,2.8346920761e-05,3.00268797871e-08,9.40853649898e-11,
823.0,0.0265194689144,2.83469441848e-05,3.01743926033e-08,2.30275144688e-10,
824.0,0.0265194689169,2.83465380498e-05,3.02335427541e-08,6.84381447716e-11,
825.0,0.0265194689094,2.83466658094e-05,3.04910666842e-08,1.20776378808e-10,
826.0,0.0265194689138,2.83465368672e-05,3.04632915249e-08,1.64563096768e-10,
827.0,0.0265194689126,2.83466666275e-05,3.03605213444e-08,6.10874908565e-11,
828.0,0.0265194689127,2.8346475575e-05,3.04623338974e-08,1.32989990726e-10,
829.0,0.0265194689195,2.83466415991e-05,3.05174195098e-08,1.25492475723e-10,
830.0,0.0265194689153,2.83467617441e-05,3.02130734897e-08,1.35211798695e-10,
831.0,0.0265194689135,2.83469109445e-05,3.00859701624e-08,2.73345282507e-10,
832.0,0.0265194689159,2.83467923692e-05,3.03956407796e-08,1.18557802453e-10,
833.0,0.0265194689106,2.83466897063e-05,3.04418622059e-08,1.44246922449e-10,
834.0,0.0265194689103,2.83468986979e-05,3.02604472175e-08,5.63532295186e-11,
835.0,0.0265194689159,2.83468239213e-05,3.02065666307e-08,2.30789179477e-10,
836.0,0.0265194689157,2.83465264883e-05,3.03846737986e-08,5.83853975049e-11,
837.0,0.0265194689104,2.83466029715e-05,3.04835666995e-08,6.24028060512e-11,
838.0,0.0265194689184,2.83465948583e-05,3.08176429689e-08,3.08437609336e-10,
839.0,0.0265194689191,2.83468688328e-05,3.03213936193e-08,9.01888340126e-11,
840.0,0.0265194689098,2.83467500353e-05,2.99959785908e-08,1.4365717573e-10,
841.0,0.026519468921,2.83464662376e-05,3.024202731e-08,2.15914957549e-10,
842.0,0.0265194689113,2.83466722627e-05,3.03318413197e-08,1.81541214096e-10,
843.0,0.0265194689139,2.83464280004e-05,3.06850184074e-08,4.85874420399e-11,
844.0,0.0265194689156,2.83465887939e-05,3.03341167465e-08,1.20685928182e-10,
845.0,0.0265194689118,2.83466754498e-05,3.00966633553e-08,1.21220383466e-10,
846.0,0.026519468917,2.83468389437e-05,3.04265637894e-08,1.45294492812e-10,
847.0,0.0265194689245,2.83466657919e-05,3.01437777594e-08,1.54283363759e-10,
848.0,0.0265194689103,2.83466531641e-05,3.02972634213e-08,1.20234202682e-10,
849.0,0.0265194689135,2.83468129021e-05,3.01969033565e-08,1.61069129103e-10,
850.0,0.026519468904,2.83469645933e-05,3.04485345172e-08,3.95403283518e-11,
851.0,0.0265194689163,2.83468739412e-05,3.01637937264e-08,1.47813525394e-10,
852.0,0.0265194689097,2.8346743374e-05,3.03130245904e-08,1.59398936859e-10,
853.0,0.0265194689176,2.83466509965e-05,3.02498032479e-08,8.27759801431e-11,
854.0,0.0265194689119,2.83468517479e-05,3.00680699652e-08,3.10758758278e-10,
855.0,0.0265194689058,2.83464656466e-05,3.0417009661e-08,2.38888244462e-10,
856.0,0.0265194689152,2.83470484213e-05,3.01427537619e-08,1.91532552258e-10,
857.0,0.026519468909,2.83470728679e-05,3.03103979257e-08,7.83632036844e-11,
858.0,0.026519468915,2.83466436502e-05,3.05600804848e-08,1.88390145511e-10,
859.0,0.0265194689163,2.83463026156e-05,3.0675594595e-08,1.82587309241e-10,
860.0,0.0265194689153,2.83468376506e-05,3.00002729921e-08,5.88520433195e-10,
861.0,0.0265194689149,2.83465033629e-05,3.07191349758e-08,5.16380937805e-11,
862.0,0.0265194689186,2.83467524929e-05,3.01822858766e-08,1.42586168849e-10,
863.0,0.0265194689127,2.83469754776e-05,2.99942487847e-08,1.68062708004e-10,
864.0,0.0265194689135,2.83464452474e-05,3.08411657698e-08,4.01218140037e-10,
865.0,0.0265194689184,2.83471624473e-05,2.96000865389e-08,3.94045407236e-10,
866.0,0.0265194689128,2.83468886324e-05,3.04542833113e-08,3.13867750452e-10,
867.0,0.0265194689034,2.83469614389e-05,3.00503015008e-08,3.81119486042e-10,
868.0,0.0265194689159,2.83467581017e-05,3.05857981352e-08,2.82794202762e-10,
869.0,0.0265194689051,2.83470350636e-05,3.02973984459e-08,2.47279576913e-10,
870.0,0.0265194689214,2.83463439287e-05,3.03585236414e-08,5.39508561137e-10,
871.0,0.0265194689096,2.83466122834e-05,3.02510219021e-08,1.84352801859e-10,
872.0,0.0265194689162,2.83466230867e-05,3.02718527741e-08,7.26034877012e-11,
873.0,0.0265194689167,2.83471577276e-05,3.02716191674e-08,1.25208239148e-10,
874.0,0.0265194689037,2.83469440603e-05,3.04141749549e-08,2.56511683555e-10,
875.0,0.0265194689174,2.83470135826e-05,3.00011336791e-08,2.81957158343e-10,
876.0,0.026519468914,2.83472346274e-05,3.01887442247e-08,5.89006544423e-11,
877.0,0.0265194689161,2.8346380017e-05,3.00340771344e-08,1.57978724677e-10,
878.0,0.0265194689113,2.83464691471e-05,3.03448487926e-08,1.36357924613e-10,
879.0,0.0265194689027,2.83465944102e-05,3.04766030274e-08,7.26805037312e-11,
880.0,0.0265194689134,2.83463447729e-05,3.03507456913e-08,3.02250891552e-10,
881.0,0.0265194689184,2.8346641395e-05,3.07183119986e-08,2.03770668303e-10,
882.0,0.0265194689256,2.83465373081e-05,3.02717106869e-08,7.58950707095e-11,
883.0,0.0265194689005,2.8346894752e-05,2.98661875004e-08,4.02204790232e-10,
884.0,0.0265194689215,2.83469543348e-05,3.02593558324e-08,8.43272183633e-11,
885.0,0.0265194689261,2.83463142119e-05,3.067480016e-08,9.78395833215e-11,
886.0,0.0265194689024,2.83461674543e-05,3.04811569357e-08,2.29477285875e-10,
887.0,0.0265194689151,2.83460398722e-05,3.08300471391e-08,9.16757674828e-11,
888.0,0.0265194689113,2.83465602087e-05,3.06942432998e-08,3.24949205822e-10,
889.0,0.0265194689067,2.83468132955e-05,3.03168162248e-08,1.44938171681e-10,
890.0,0.026519468913,2.83467992005e-05,3.03817023872e-08,1.41985196404e-10,
891.0,0.0265194689105,2.83469530507e-05,3.01390328877e-08,7.0749364102e-11,
892.0,0.0265194689196,2.83475637999e-05,2.97441641288e-08,5.91712686541e-11,
893.0,0.0265194689094,2.83469055322e-05,3.03095215721e-08,1.8076371176e-10,
894.0,0.0265194689042,2.83469686582e-05,3.02605196347e-08,2.01142020816e-10,
895.0,0.0265194689078,2.83465064861e-05,3.00366847074e-08,1.009363755e-10,
896.0,0.0264692056024,2.82927366676e-05,3.05149238314e-08,2.00600663578e-10,
897.0,0.0261549484339,2.79576551443e-05,2.96894510556e-08,1.80585006528e-10,
898.0,0.0258444223032,2.76246935829e-05,2.93614923314e-08,5.59453185033e-10,
899.0,0.0255375829071,2.72973347585e-05,2.86697982739e-08,1.64530684224e-10,
900.0,0.0252343864843,2.69731138526e-05,2.9035145482e-08,9.27747424074e-11,
901.0,0.0249347897823,2.66528925004e-05,2.87640868556e-08,5.65505630706e-10,
902.0,0.0246387500379,2.63359909163e-05,2.83962054094e-08,2.34127250537e-10,
903.0,0.0243462250672,2.60238709236e-05,2.79911388893e-08,7.78337569558e-11,
904.0,0.0240571731039,2.57149095543e-05,2.72855839246e-08,1.86526395601e-10,
905.0,0.0237715529433,2.54096179844e-05,2.70284942914e-08,1.75975061893e-10,
906.0,0.023489323787,2.51079560159e-05,2.65609381378e-08,4.24729021249e-10,
907.0,0.0232104454481,2.48095601692e-05,2.66143240109e-08,9.41466874519e-11,
908.0,0.0229348781,2.45150061707e-05,2.60462395052e-08,6.45899663885e-10,
909.0,0.022662582426,2.42235620289e-05,2.65444079034e-08,9.01844993579e-11,
910.0,0.0223935196139,2.39361448712e-05,2.58237131045e-08,2.43499750341e-10,
911.0,0.0221276512774,2.36522358403e-05,2.58294157128e-08,4.59245022121e-10,
912.0,0.0218649394386,2.33717072042e-05,2.49620130169e-08,1.83537191623e-10,
913.0,0.0216053466923,2.30937838208e-05,2.51539510007e-08,4.52985407718e-10,
914.0,0.0213488359649,2.28204839094e-05,2.45163378524e-08,3.9256485521e-10,
915.0,0.0210953706797,2.25490408477e-05,2.43580239735e-08,4.68036762633e-10,
916.0,0.0208449146728,2.22814846397e-05,2.38893585064e-08,2.94596260638e-10,
917.0,0.0205974322108,2.20165395517e-05,2.37676949917e-08,4.61515613754e-10,
918.0,0.0203528880134,2.17553883205e-05,2.33882603859e-08,5.19886826046e-10,
919.0,0.0201112471816,2.14973830712e-05,2.33207294647e-08,1.06594953286e-10,
920.0,0.0198724752249,2.12413634956e-05,2.24853997849e-08,3.17317795754e-10,
921.0,0.0196365381221,2.09892505313e-05,2.23597381065e-08,3.71909124284e-10,
922.0,0.0194034021927,2.07400098307e-05,2.15402249261e-08,3.59044476639e-10,
923.0,0.0191730341807,2.04940869031e-05,2.16057055023e-08,5.22997192204e-11,
924.0,0.0189454012481,2.02511428471e-05,2.10525017748e-08,7.52737738151e-10,
925.0,0.0187204708701,2.00104509396e-05,2.13291230521e-08,4.32360305537e-11,
926.0,0.0184982110036,1.97727928298e-05,2.09631045668e-08,1.09061854863e-10,
927.0,0.0182785899243,1.9538349331e-05,2.06029105805e-08,6.62234645593e-11,
928.0,0.0180615763239,1.93069018274e-05,1.94775826667e-08,7.32175385973e-10,
929.0,0.0178471391993,1.90771268414e-05,2.02705001297e-08,4.70182906504e-10,
930.0,0.0176352480105,1.88502138954e-05,2.03893103502e-08,3.85752967182e-10,
931.0,0.0174258725325,1.8626687855e-05,1.99581687899e-08,2.29683459837e-10,
932.0,0.0172189828611,1.84055267251e-05,2.00160055223e-08,2.17383309144e-10,
933.0,0.0170145494782,1.81872855587e-05,1.93828433128e-08,1.42330143805e-10,
934.0,0.0168125432375,1.79713106366e-05,1.89756441498e-08,3.11701287791e-10,
935.0,0.0166129353514,1.77575113241e-05,1.88742078123e-08,1.08005192316e-10,
936.0,0.0164156973269,1.75467321307e-05,1.86907714212e-08,2.57745300279e-10,
937.0,0.0162208010032,1.73390861287e-05,1.84409263027e-08,1.45073251648e-10,
938.0,0.0160282186042,1.71324670382e-05,1.80289499344e-08,1.31659022026e-10,
939.0,0.0158379226627,1.69291510247e-05,1.81210498079e-08,3.36182537364e-10,
940.0,0.0156498860115,1.67277148819e-05,1.77730472774e-08,1.78178940494e-10,
941.0,0.0154640818479,1.65295619585e-05,1.76483137755e-08,1.81505988678e-10,
942.0,0.015280483656,1.63331767018e-05,1.79687671653e-08,1.40090416178e-10,
943.0,0.0150990652119,1.61392606087e-05,1.70466514463e-08,9.69993092331e-11,
944.0,0.0149198007194,1.59478300955e-05,1.65952486765e-08,4.57393850081e-10,
945.0,0.0147426645195,1.5758944457e-05,1.64893307859e-08,1.12272100491e-10,
946.0,0.0145676313671,1.5571576013e-05,1.6694020894e-08,2.21714563169e-10,
947.0,0.014394676325,1.53860099168e-05,1.68226991434e-08,4.75322885741e-10,
948.0,0.0142237747327,1.5203725923e-05,1.67139695079e-08,6.40246757946e-10,
949.0,0.0140549021216,1.5023469457e-05,1.58462200568e-08,4.60766679527e-10,
950.0,0.0138880344838,1.48442201479e-05,1.56650799454e-08,2.61425731279e-10,
951.0,0.0137231480046,1.46691825697e-05,1.51261569705e-08,5.0156634901e-11,
952.0,0.0135602191406,1.44945257242e-05,1.56201459232e-08,4.72758141178e-10,
953.0,0.0133992246604,1.43226325332e-05,1.54393627993e-08,2.04967888863e-10,
954.0,0.0132401415858,1.415271376e-05,1.56390464459e-08,6.86429457731e-10,
955.0,0.0130829472346,1.39837593907e-05,1.5263623153e-08,6.95081903721e-11,
956.0,0.0129276191957,1.38182800391e-05,1.44901381534e-08,1.90541534386e-10,
957.0,0.0127741352836,1.36536057245e-05,1.49611282774e-08,1.94640711684e-10,
958.0,0.0126224736436,1.34920385237e-05,1.44947019912e-08,3.64085151569e-10,
959.0,0.0124726126031,1.33318632402e-05,1.46360832055e-08,5.97434333182e-10,
960.0,0.0123245307928,1.3173983077e-05,1.36982488932e-08,1.24317362315e-10,
961.0,0.0121782070945,1.3017403431e-05,1.40570262918e-08,3.81325215767e-10,
962.0,0.0120336206197,1.28627136228e-05,1.33781791486e-08,6.1592375122e-10,
963.0,0.0118907507996,1.27103536136e-05,1.38281723093e-08,1.17413951779e-10,
964.0,0.0117495771385,1.25588916702e-05,1.38627583866e-08,4.92338179171e-10,
965.0,0.0116100796135,1.24100305789e-05,1.34628307214e-08,3.71350097702e-10,
966.0,0.0114722382727,1.22623436929e-05,1.32862921679e-08,3.85139844238e-10,
967.0,0.0113360334612,1.21170207446e-05,1.2761645672e-08,2.79154134444e-10,
968.0,0.0112014457637,1.19731201726e-05,1.28309557796e-08,1.87552461274e-10,
969.0,0.0110684559459,1.18314220958e-05,1.27202847531e-08,6.75858676576e-11,
970.0,0.0109370450548,1.16904753606e-05,1.23832640345e-08,4.44793193797e-10,
971.0,0.0108071943545,1.15518698163e-05,1.27312255687e-08,4.53118518547e-10,
972.0,0.010678885321,1.14144020098e-05,1.17968692356e-08,7.34501001559e-10,
973.0,0.0105520996417,1.12794498959e-05,1.24280675523e-08,2.28819029721e-10,
974.0,0.0104268192331,1.11450597347e-05,1.20616606282e-08,6.59863181638e-11,
975.0,0.0103030262041,1.10129046258e-05,1.19953118615e-08,1.76141048488e-10,
976.0,0.0101807029434,1.08814157537e-05,1.22655702812e-08,2.97456253167e-10,
977.0,0.0100598319506,1.07528453754e-05,1.18256695856e-08,2.24631119699e-10,
978.0,0.00994039602042,1.06254363697e-05,1.16921971311e-08,4.14655487947e-10,
979.0,0.00982237810496,1.04991258669e-05,1.11302864436e-08,5.71992853114e-10,
980.0,0.00970576135972,1.03744904557e-05,1.08858663205e-08,5.02726215075e-10,
981.0,0.00959052914051,1.0251428083e-05,1.10714415923e-08,1.12933729973e-10,
982.0,0.00947666501586,1.01298519934e-05,1.07843289812e-08,3.5148196971e-10,
983.0,0.00936415275436,1.00090692592e-05,1.05769094694e-08,3.27847919681e-10,
984.0,0.00925297631771,9.8910343712e-06,1.0511175015e-08,9.15550992487e-11,
985.0,0.00914311981073,9.77303113542e-06,1.06811004008e-08,1.39825177423e-10,
986.0,0.00903456760727,9.65750580063e-06,1.03211340744e-08,1.20070988236e-10,
987.0,0.00892730416144,9.54259660111e-06,1.01530121e-08,1.9074646553e-10,
988.0,0.00882131424514,9.42923935837e-06,1.00621728267e-08,1.94850225347e-10,
989.0,0.00871658266649,9.31689194779e-06,1.03843695179e-08,2.27491270299e-10,
990.0,0.00861309453782,9.20668324848e-06,9.49685670826e-09,4.11017966698e-10,
991.0,0.00851083507116,9.09755491466e-06,9.0423023959e-09,1.23635788862e-10,
992.0,0.00840978969447,8.98918120997e-06,9.51745277699e-09,2.16531287639e-10,
993.0,0.00830994397886,8.88237584082e-06,9.4251497621e-09,5.18577669517e-10,
994.0,0.00821128369427,8.77758897007e-06,9.59630482668e-09,1.47309247768e-10,
995.0,0.00811379474833,8.67299132796e-06,9.74829642843e-09,1.37988382064e-10,
996.0,0.00801746324122,8.57051330436e-06,8.06216992701e-09,1.40439601776e-10,
997.0,0.00792227546296,8.46816291629e-06,8.91757105432e-09,1.77174718512e-10,
998.0,0.00782821779817,8.36725235836e-06,9.44337065584e-09,6.527358459e-11,
999.0,0.00773527683017,8.26766563914e-06,9.3413067228e-09,5.21528661192e-10,
