Coordinates:
0.0,0.714285714286,1.42857142857,2.14285714286,2.85714285714,3.57142857143,4.28571428571,5.0,5.71428571429,6.42857142857,7.14285714286,7.85714285714,8.57142857143,9.28571428571,10.0,
Volumes:
0.357142857143,0.714285714286,0.714285714286,0.714285714286,0.714285714286,0.714285714286,0.714285714286,0.714285714286,0.714285714286,0.714285714286,0.714285714286,0.714285714286,0.714285714286,0.714285714286,0.357142857143,

 Time(s), Error (-) on vertices
178.833933119,0.0,113307.408869,71527.7928058,45153.4958093,28504.1421078,17993.8712934,11359.0310057,7170.64133807,4526.62748653,2857.53495999,1803.8830971,1138.74181007,718.856467944,453.79441205,286.468018365,180.839453157,114.159029383,72.0654979002,45.4929979005,28.7185007626,18.129215559,11.4444862982,7.2245971633,4.56069480761,2.87904483563,1.81746429528,1.14731689729,0.724270730121,0.457212949084,0.288626466282,0.182202287688,0.115019517665,0.0726088071038,0.045836041643,0.0289350976211,0.0182659743149,0.0115308355038,0.00727911792976,0.00459511914389,0.00290078035034,0.00183118809798,0.00115598211356,0.000729741949605,0.000460667493816,0.000290807655581,0.000183579506388,0.000115889067334,7.31578762707e-05,4.61826924115e-05,2.91539759607e-05,1.84041996604e-05,1.16180982234e-05,7.33420493388e-06,4.62990710436e-06,2.92275516522e-06,1.84507128666e-06,1.16473002928e-06,7.35294839984e-07,
357.667866237,1.0,0.63219219274,0.399667482105,0.252667311251,0.159734917379,0.10098368683,0.0638415087018,0.0403604146626,0.025515768659,0.0161310356497,0.0101980328082,0.00644719962428,0.00407592692344,0.00257680894602,0.00162906573564,0.00102990118532,0.000651108051776,0.00041163389954,0.00026023742915,0.000164523881162,0.000104013256022,6.57580607251e-05,4.15728560764e-05,2.62827791867e-05,1.66162596804e-05,1.05049941499e-05,6.64138900985e-06,4.19877480923e-06,2.65452492179e-06,1.67823043016e-06,1.06100379098e-06,6.70784223646e-07,
536.501799356,1.0,0.631812542707,0.399187366098,0.252211934923,0.159350995862,0.100680237635,0.0636112579697,0.0401905582878,0.0253930224473,0.0160437193792,0.0101366866339,0.0064045303513,0.00404649361134,0.0025566467965,0.0016153361522,0.00102059960612,0.000644834380301,0.000407418999009,0.000257415489062,0.000162640379462,0.000102759595936,6.4925709267e-05,4.10214798597e-05,2.59182843824e-05,1.63757607402e-05,1.03465848775e-05,6.53721656042e-06,4.13037065869e-06,2.60966937546e-06,1.64885421621e-06,1.04178796352e-06,6.58228559232e-07,
715.335732475,1.0,0.564495869015,0.31870012176,0.179955547867,0.101627364183,0.0574009871368,0.0324259126934,0.0183201945216,0.010352228622,0.0058506539595,0.0033070642903,0.0018696030893,0.00105712327983,0.000597822401999,0.000338134862161,0.000191284516047,0.000108228757305,6.124623533e-05,3.46649738917e-05,1.96235684551e-05,1.11107043776e-05,6.2919109575e-06,3.56370520374e-06,2.01883142719e-06,1.1438742189e-06,6.48242119943e-07,
894.169665593,1.0,0.495901876872,0.246060624769,0.122165047845,0.0606901637333,0.0301692353809,0.0150069779922,0.00746987861856,0.00372077755868,0.00185465150123,0.000925141166477,0.000461827134142,0.000230720030806,0.000115354412526,5.77211212433e-05,2.89064946677e-05,1.44885387968e-05,7.2682595882e-06,3.649395665e-06,1.83401935698e-06,9.22543371147e-07,
1073.00359871,1.0,0.426784730067,0.182425226146,0.078102207243,0.0334950494003,0.0143904531949,0.00619417449484,0.00267144863246,0.00115452788429,0.000500030122889,0.000217051001393,9.44366251916e-05,4.11879618961e-05,1.80089336316e-05,7.89456637875e-06,3.46995210228e-06,1.52933651667e-06,6.75916713653e-07,
1251.83753183,1.0,0.35743787163,0.128218357339,0.0461713684866,0.0166954472176,0.00606402133261,0.00221308540433,0.000811798682704,0.00029939654269,0.000111051238875,4.14380171886e-05,1.55589907915e-05,5.87980005847e-06,2.23673738331e-06,8.56623462157e-07,
1430.67146495,1.0,0.288025505768,0.0836328694641,0.0245041107989,0.00725163435761,0.00216965939496,0.000656925386729,0.000201457864581,6.26199885115e-05,1.97396982234e-05,6.31264160897e-06,2.04818128539e-06,6.74151396843e-07,
1609.50539807,1.0,0.218703965892,0.0487726178009,0.0111236029783,0.00260205278044,0.000625848331494,0.000155051899886,3.96007398054e-05,1.0424945817e-05,2.825726396e-06,7.87293859123e-07,
1788.33933119,1.0,0.149772742971,0.0237068479934,0.00400048584827,0.00072323174479,0.000140048797548,2.89151835855e-05,6.32115074284e-06,1.45234959106e-06,3.48341884065e-07,
1967.17326431,1.0,0.0823974134521,0.0084636406961,0.00105992891483,0.000155032610402,2.55100367115e-05,4.59771505396e-06,8.91037497919e-07,
2146.00719742,1.0,0.0303407016759,0.00216867685193,0.000225686975268,2.86309993492e-05,4.1633397734e-06,6.7050168009e-07,
2324.84113054,1.0,0.0695340546247,0.00576198937622,0.000512777469401,4.80999933366e-05,4.68008119221e-06,4.67490271797e-07,
2503.67506366,1.0,0.136153518998,0.0201605888819,0.00311516082763,0.000496081302848,8.09201365621e-05,1.34527821205e-05,2.26874428928e-06,3.86560244974e-07,
2682.50899678,1.0,0.105421130491,0.0122853737097,0.00150389271223,0.000190815040271,2.48835669284e-05,3.30910811727e-06,4.45818182096e-07,
2861.3429299,1.0,0.0743846406179,0.00632381881343,0.000573137307595,5.43819570519e-05,5.31303564238e-06,5.27824074723e-07,
3040.17686302,1.0,0.0440295298486,0.0023918149056,0.000145092808106,9.37315344236e-06,6.55152945277e-07,
3219.01079614,1.0,0.0211479760238,0.00091449941301,6.29356958923e-05,6.00344425334e-06,6.64743116262e-07,
3397.84472925,1.0,0.0309344607128,0.00127901092786,6.28417578952e-05,3.77519066638e-06,3.12423584043e-07,
3576.67866237,1.0,0.0464701965365,0.00258577621835,0.000157750752773,1.00175778231e-05,6.49371197347e-07,
3755.51259549,1.0,0.0393384070575,0.00190860108453,0.000102316733065,5.70305301581e-06,3.30819717526e-07,
3934.34652861,1.0,0.0323302518889,0.00134919105546,6.24649856059e-05,3.11535466261e-06,1.83351437314e-07,
4113.18046173,1.0,0.0256700583944,0.000917723592064,3.6919126914e-05,1.93176623779e-06,1.49501543972e-07,
4292.01439485,1.0,0.0198481518552,0.000633911578825,2.59990731741e-05,1.74022629256e-06,1.59713767612e-07,
4470.84832797,1.0,0.0229771976871,0.000756305736773,2.75806125276e-05,1.39384739613e-06,1.10486301288e-07,
4649.68226108,1.0,0.0267699835783,0.000956529357906,3.62572859547e-05,1.52389773783e-06,8.69577037234e-08,
4828.5161942,1.0,0.0309674673083,0.00121785126187,5.06551790108e-05,2.16623230019e-06,1.00055987024e-07,
5007.35012732,1.0,0.0294877661373,0.00111074708076,4.38308595436e-05,1.78023067242e-06,7.99710599001e-08,
5186.18406044,1.0,0.0279945728936,0.00100666376364,3.75682187557e-05,1.44696203022e-06,6.37098306966e-08,
5365.01799356,1.0,0.0264914872493,0.000905888225862,3.18803829245e-05,1.16399975898e-06,5.08165593341e-08,
5543.85192668,1.0,0.0249823457674,0.000808728057739,2.67784050698e-05,9.2896296529e-07,
5722.6858598,1.0,0.0262950510059,0.000876134513891,2.97930965016e-05,1.03544242935e-06,4.07736229873e-08,
5901.51979292,1.0,0.027640146154,0.000948615970405,3.32179708588e-05,1.17546154417e-06,4.40738012193e-08,
6080.35372603,1.0,0.0275166537376,0.000931880270853,3.21059205199e-05,1.11506479841e-06,4.05655050958e-08,
6259.18765915,1.0,0.0273775244489,0.000914322146196,3.09853139911e-05,1.05662134529e-06,3.73957015791e-08,
6438.02159227,1.0,0.0272221718405,0.00089598847093,2.9858395056e-05,9.99927370871e-07,
6616.85552539,1.0,0.0278044693156,0.000922911097409,3.09957328855e-05,1.0442058368e-06,3.57875576785e-08,
6795.68945851,1.0,0.0283807437034,0.000950093699696,3.21639201951e-05,1.09107337106e-06,3.73758456605e-08,
6974.52339163,1.0,0.0285647544518,0.0009532142551,3.21316297554e-05,1.08475065345e-06,3.68627608455e-08,
7153.35732475,1.0,0.028735117144,0.000955749994511,3.20795512338e-05,1.07797623456e-06,3.63848139338e-08,
7332.19125786,1.0,0.0288916659563,0.000957705073666,3.20078206679e-05,1.07069506452e-06,3.59237110784e-08,
7511.02519098,1.0,0.029034352933,0.000959087837914,3.19168021827e-05,1.06288335876e-06,3.54680392456e-08,
7689.8591241,1.0,0.0291632327644,0.000959910101839,3.1807025672e-05,1.05453777049e-06,3.50112456008e-08,
7868.69305722,1.0,0.0292784488653,0.000960186535793,3.16791447914e-05,1.04566774734e-06,3.45489521328e-08,
8047.52699034,1.0,0.0293802206152,0.000959934127645,3.15339064364e-05,1.03629336686e-06,3.40784463509e-08,
8226.36092346,1.0,0.0294688316601,0.000959171713011,3.13721213965e-05,1.0264394995e-06,3.35994244351e-08,
8405.19485658,1.0,0.0295446192049,0.000957919559193,3.11946486601e-05,1.01613573692e-06,3.31112312884e-08,
8584.0287897,1.0,0.0296079642355,0.000956198992947,3.10023744947e-05,1.00541351294e-06,3.26139480396e-08,
8762.86272281,1.0,0.0296592826479,0.000954032077429,3.07962013952e-05,9.94305814977e-07,
8941.69665593,1.0,0.0299015908426,0.000964142275047,3.11905105431e-05,1.00920997943e-06,3.26587177321e-08,
9120.53058905,1.0,0.0301342379706,0.000973970886202,3.15773338107e-05,1.02393853536e-06,3.3205400214e-08,
9299.36452217,1.0,0.0302555067445,0.000977064544034,3.16427645218e-05,1.02491236994e-06,3.31991416732e-08,
9478.19845529,1.0,0.0303671615936,0.000979821659589,3.16971406888e-05,1.02552797526e-06,3.31812236275e-08,
9657.03238841,1.0,0.0304696385639,0.00098225825612,3.17410017673e-05,1.02580317739e-06,3.31531618162e-08,
9835.86632153,1.0,0.0305633752633,0.000984390349318,3.17748881626e-05,1.02575540471e-06,3.31144331788e-08,
10014.7002546,1.0,0.0306488071451,0.000986233812977,3.17993364054e-05,1.02540361344e-06,3.30659989934e-08,
10193.5341878,1.0,0.030726364369,0.000987804267699,3.18148732704e-05,1.02476463462e-06,3.30080290798e-08,
10372.3681209,1.0,0.0307964691771,0.000989116994834,3.18220150974e-05,1.0238563212e-06,3.29425509607e-08,
10551.202054,1.0,0.0308595337358,0.000990186858905,3.18212626186e-05,1.0226938991e-06,3.28683426167e-08,
10730.0359871,1.0,0.0309159583949,0.000991028250864,3.18131012156e-05,1.02129532248e-06,3.27871364289e-08,
10908.8699202,1.0,0.030966130325,0.00099165504736,3.1797998069e-05,1.01967513888e-06,3.2698564795e-08,
11087.7038534,1.0,0.0310104224778,0.000992080574722,3.17764007786e-05,1.01784778561e-06,3.26030388716e-08,
11266.5377865,1.0,0.0310491928387,0.000992317588282,3.17487388083e-05,1.01582930615e-06,3.25019822904e-08,
11445.3717196,1.0,0.0310827839317,0.000992378261095,3.1715420241e-05,1.01363262095e-06,3.23959839951e-08,
11624.2056527,1.0,0.031111522536,0.000992274174098,3.1676832701e-05,1.01126958146e-06,3.22844313373e-08,
11803.0395858,1.0,0.0311357195935,0.000992016321142,3.16333438655e-05,1.00875364271e-06,3.21684558114e-08,
11981.8735189,1.0,0.0311556702633,0.000991615113206,3.15853032684e-05,1.00609543431e-06,3.20473030791e-08,
12160.7074521,1.0,0.0311716541132,0.000991080385555,3.15330366322e-05,1.0033068298e-06,3.19226484099e-08,
12339.5413852,1.0,0.0311839354127,0.000990421417749,3.14768558246e-05,1.00039835819e-06,3.17948105251e-08,
12518.3753183,1.0,0.0311927635141,0.000989646944716,3.14170501136e-05,9.97378196438e-07,
12697.2092514,1.0,0.0312511937943,0.000992100597132,3.15126489918e-05,1.00097365728e-06,3.17950046144e-08,
12876.0431845,1.0,0.031306716093,0.0009944610776,3.1605373277e-05,1.00448146799e-06,3.19243328446e-08,
13054.8771177,1.0,0.0313330740391,0.000995060410095,3.16156018616e-05,1.00452500689e-06,3.19173492182e-08,
13233.7110508,1.0,0.0313568690494,0.000995574783484,3.16231180272e-05,1.00448196068e-06,3.19063824882e-08,
13412.5449839,1.0,0.0313782797487,0.00099601016516,3.16281147324e-05,1.00435898332e-06,3.18935288587e-08,
13591.378917,1.0,0.0313974734108,0.000996372138515,3.1630770155e-05,1.0041619315e-06,3.1878537857e-08,
13770.2128501,1.0,0.0314146065163,0.000996665925056,3.1631252789e-05,1.00389554046e-06,3.18611167742e-08,
13949.0467833,1.0,0.0314298253146,0.000996896404543,3.16297195268e-05,1.00356483347e-06,3.1842207851e-08,
14127.8807164,1.0,0.0314432663742,0.000997068127033,3.16263166157e-05,1.00317543137e-06,3.18205540765e-08,
14306.7146495,1.0,0.0314550571186,0.000997185338465,3.1621178594e-05,1.00273032166e-06,3.17975656176e-08,
14485.5485826,1.0,0.0314653163555,0.000997251996557,3.16144362731e-05,1.00223580874e-06,3.17724203986e-08,
14664.3825157,1.0,0.0314741547813,0.000997271785024,3.16062044656e-05,1.00169321077e-06,3.1746847399e-08,
14843.2164488,1.0,0.0314816754722,0.000997248131754,3.15965929957e-05,1.00110647405e-06,3.17187509816e-08,
15022.050382,1.0,0.0314879743541,0.000997184229742,3.15857071168e-05,1.00048054044e-06,3.16900444805e-08,
15200.8843151,1.0,0.0314931406469,0.000997083043209,3.15736403018e-05,9.99817275059e-07,
15379.7182482,1.0,0.0315105669959,0.000997788867543,3.16004470847e-05,1.00080688762e-06,3.16965675361e-08,
15558.5521813,1.0,0.0315270279728,0.000998463262607,3.16262643051e-05,1.00176468102e-06,3.17313413424e-08,
15737.3861144,1.0,0.0315359360409,0.00099868728143,3.16311506223e-05,1.00185016049e-06,3.17320234539e-08,
15916.2200476,1.0,0.031547342127,0.000999094669655,3.16451772002e-05,1.00232878416e-06,3.17472842214e-08,
16095.0539807,1.0,0.0315563137947,0.000999371526158,3.16534007052e-05,1.00257209504e-06,3.17551603297e-08,
16273.8879138,1.0,0.0315654053473,0.000999677721414,3.16633866032e-05,1.00289618187e-06,3.17651539452e-08,
16452.7218469,1.0,0.0315734205594,0.000999935955486,3.16714363802e-05,1.00314750501e-06,3.17728301452e-08,
16631.55578,1.0,0.0315810329817,0.00100018735496,3.16794778708e-05,1.00340466305e-06,3.17816945933e-08,
16810.3897132,1.0,0.0315879756284,0.00100041364161,3.16866184765e-05,1.00362960326e-06,3.17887913201e-08,
16989.2236463,1.0,0.0315944467718,0.00100062607463,3.16933715824e-05,1.00384505593e-06,3.17959954028e-08,
17168.0575794,1.0,0.0316004072844,0.0010008209912,3.16995422628e-05,1.00403866187e-06,3.18015767599e-08,
17346.8915125,1.0,0.0316059323604,0.00100100204628,3.17052889203e-05,1.00422122742e-06,3.18071704139e-08,
17525.7254456,1.0,0.0316110359372,0.00100116909858,3.17105832383e-05,1.00438941115e-06,3.18128332914e-08,
17704.5593787,1.0,0.0316157587892,0.00100132378304,3.17154895687e-05,1.00454470616e-06,3.18168181512e-08,
17883.3933119,1.0,0.0316201247485,0.00100146673021,3.17200214255e-05,1.00468849234e-06,3.18220328006e-08,
18062.227245,1.0,0.0316241628495,0.00100159896663,3.172421508e-05,1.00482084161e-06,3.18261303975e-08,
18241.0611781,1.0,0.0316278964941,0.00100172121968,3.17280906481e-05,1.00494281652e-06,3.18297591779e-08,
18419.8951112,1.0,0.0316313490868,0.00100183427709,3.17316766497e-05,1.00505727846e-06,3.18336986798e-08,
18598.7290443,1.0,0.0316345414228,0.00100193880696,3.17349898556e-05,1.00516124214e-06,3.18371699596e-08,
18777.5629775,1.0,0.031637493184,0.00100203546062,3.1738054909e-05,1.00525895583e-06,3.18403457945e-08,
18956.3969106,1.0,0.0316402223698,0.00100212482763,3.1740889292e-05,1.00534940552e-06,3.18431166997e-08,
19135.2308437,1.0,0.031642745741,0.00100220745275,3.17435089336e-05,1.00543291105e-06,3.18461124542e-08,
19314.0647768,1.0,0.0316450787588,0.00100228384618,3.17459306818e-05,1.00550766469e-06,3.18476617661e-08,
19492.8987099,1.0,0.0316472357492,0.00100235447475,3.17481709442e-05,1.00558041043e-06,3.18508404288e-08,
19671.7326431,1.0,0.0316492299583,0.00100241977384,3.17502414354e-05,1.00564486608e-06,3.18522911078e-08,
19850.5665762,1.0,0.0316510736411,0.00100248014256,3.17521558261e-05,1.0057055272e-06,3.18540929413e-08,
20029.4005093,1.0,0.0316527781384,0.00100253595525,3.17539249227e-05,1.00576172406e-06,3.18560997009e-08,
20208.2344424,1.0,0.0316543539339,0.00100258755308,3.17555611973e-05,1.00581348428e-06,3.18572294828e-08,
20387.0683755,1.0,0.0316558107283,0.00100263525461,3.1757073955e-05,1.00586179024e-06,3.18599148103e-08,
20565.9023086,1.0,0.0316571574923,0.00100267935165,3.1758471566e-05,1.00590512552e-06,3.18602148915e-08,
20744.7362418,1.0,0.031658402525,0.00100272011947,3.17597652566e-05,1.00594702542e-06,3.18623869862e-08,
20923.5701749,1.0,0.0316595534972,0.00100275780572,3.17609596179e-05,1.00598447799e-06,3.18630213976e-08,
21102.404108,1.0,0.0316606175087,0.00100279264596,3.17620642874e-05,1.00602028967e-06,3.1864668907e-08,
21281.2380411,1.0,0.0316616011192,0.00100282485233,3.17630856631e-05,1.00605218101e-06,3.18660798296e-08,
21460.0719742,1.0,0.0316625103983,0.00100285462581,3.17640299022e-05,1.00608255146e-06,3.18667412273e-08,
21638.9059074,1.0,0.0316633509564,0.00100288214845,3.1764902696e-05,1.00610965802e-06,3.18672463072e-08,
21817.7398405,1.0,0.0316641279833,0.00100290759206,3.17657094864e-05,1.00613537549e-06,3.18672705177e-08,
21996.5737736,1.0,0.0316648462751,0.0010029311114,3.17664549682e-05,1.00615845677e-06,3.18686213279e-08,
22175.4077067,1.0,0.0316655102686,0.0010029528519,3.17671434975e-05,1.0061803379e-06,3.18695544422e-08,
22354.2416398,1.0,0.0316661240658,0.00100297295033,3.17677823513e-05,1.00620152263e-06,3.1869315996e-08,
22533.0755729,1.0,0.0316666914571,0.00100299152935,3.17683716904e-05,1.00622058063e-06,3.18709017217e-08,
22711.9095061,1.0,0.0316672159491,0.00100300870167,3.17689155678e-05,1.00623709771e-06,3.18700262318e-08,
22890.7434392,1.0,0.031667700785,0.00100302457786,3.17694194618e-05,1.00625264994e-06,3.18705574051e-08,
23069.5773723,1.0,0.0316681489606,0.00100303925204,3.17698832828e-05,1.00626718275e-06,3.1871264479e-08,
23248.4113054,1.0,0.0316685632464,0.00100305281724,3.17703140165e-05,1.00628118941e-06,3.18724325992e-08,
23427.2452385,1.0,0.031668946202,0.00100306535665,3.17707115127e-05,1.00629336002e-06,3.18734612935e-08,
23606.0791717,1.0,0.0316693001984,0.00100307694775,3.17710783812e-05,1.00630455504e-06,3.18737394867e-08,
23784.9131048,1.0,0.031669627423,0.00100308766249,3.17714200979e-05,1.00631700489e-06,3.18736323043e-08,
23963.7470379,1.0,0.0316699299001,0.00100309756606,3.17717323201e-05,1.00632470843e-06,3.18733525017e-08,
24142.580971,1.0,0.0316702095008,0.0010031067218,3.17720244396e-05,1.0063360432e-06,3.18751447689e-08,
24321.4149041,1.0,0.0316704679554,0.00100311518415,3.17722915877e-05,1.00634339074e-06,3.18744436855e-08,
24500.2488373,1.0,0.0316707068618,0.00100312300625,3.17725381431e-05,1.00635006012e-06,3.1874352548e-08,
24679.0827704,1.0,0.031670927697,0.001003130237,3.17727690945e-05,1.0063591782e-06,3.18748462672e-08,
24857.9167035,1.0,0.0316711318307,0.00100313692093,3.17729809688e-05,1.00636592943e-06,3.18758571419e-08,
25036.7506366,1.0,0.0316713205225,0.00100314310095,3.17731772294e-05,1.00637249098e-06,3.18763390047e-08,
25215.5845697,1.0,0.0316714949419,0.00100314881098,3.1773357184e-05,1.00637777142e-06,3.18751559371e-08,
25394.4185028,1.0,0.0316716561674,0.00100315409005,3.17735245475e-05,1.00638177533e-06,3.18757577898e-08,
25573.252436,1.0,0.0316718051975,0.00100315896987,3.17736793759e-05,1.00638753367e-06,3.18750688134e-08,
25752.0863691,1.0,0.0316719429543,0.0010031634812,3.17738235704e-05,1.0063917572e-06,3.18757525798e-08,
25930.9203022,1.0,0.0316720702906,0.00100316764935,3.17739543117e-05,1.00639552841e-06,3.18760731309e-08,
26109.7542353,1.0,0.0316721879948,0.00100317150398,3.17740776926e-05,1.0063997824e-06,3.18763930371e-08,
26288.5881684,1.0,0.0316722967946,0.00100317506662,3.17741918284e-05,1.00640469213e-06,3.18753130457e-08,
26467.4221016,1.0,0.031672397365,0.00100317835979,3.17742948848e-05,1.0064069862e-06,3.18759794478e-08,
26646.2560347,1.0,0.0316724903257,0.00100318140195,3.17743911062e-05,1.00641006765e-06,3.18762850648e-08,
26825.0899678,1.0,0.0316725762551,0.00100318421681,3.17744798764e-05,1.00641210495e-06,3.1877108358e-08,
27003.9239009,1.0,0.0316726556838,0.00100318681794,3.17745634356e-05,1.00641655334e-06,3.18777965742e-08,
27182.757834,1.0,0.0316727291038,0.00100318922115,3.17746386097e-05,1.00641769732e-06,3.18771828137e-08,
27361.5917672,1.0,0.0316727969679,0.0010031914427,3.17747101039e-05,1.00641960502e-06,3.18747812763e-08,
27540.4257003,1.0,0.031672859701,0.00100319349808,3.17747751103e-05,1.0064221078e-06,3.1876197754e-08,
27719.2596334,1.0,0.0316729176857,0.00100319539574,3.17748351243e-05,1.00642430722e-06,3.18773814926e-08,
27898.0935665,1.0,0.031672971286,0.00100319715191,3.17748919294e-05,1.00642743204e-06,3.18782780084e-08,
28076.9274996,1.0,0.0316730208291,0.00100319877401,3.17749420775e-05,1.00642675249e-06,3.18769635698e-08,
28255.7614327,1.0,0.0316730666254,0.00100320027241,3.17749901157e-05,1.0064296336e-06,3.18772561162e-08,
28434.5953659,1.0,0.0316731089586,0.00100320166008,3.17750345648e-05,1.00643166011e-06,3.18778173504e-08,
28613.429299,1.0,0.0316731480861,0.0010032029403,3.17750734077e-05,1.00643036718e-06,3.1877096446e-08,
28792.2632321,1.0,0.0316731842557,0.00100320412571,3.1775112039e-05,1.0064320008e-06,3.18773777432e-08,
28971.0971652,1.0,0.0316732176869,0.001003205219,3.17751472384e-05,1.00643509741e-06,3.18778144738e-08,
29149.9310983,1.0,0.0316732485914,0.00100320623179,3.17751774755e-05,1.00643454222e-06,3.18786802312e-08,
29328.7650315,1.0,0.031673277155,0.00100320716708,3.17752085731e-05,1.00643445873e-06,3.18777378804e-08,
29507.5989646,1.0,0.0316733035598,0.00100320803124,3.17752373589e-05,1.00643831652e-06,3.18773254484e-08,
29686.4328977,1.0,0.0316733279661,0.00100320882983,3.17752602696e-05,1.00643724564e-06,3.18780284043e-08,
29865.2668308,1.0,0.031673350527,0.00100320956906,3.17752834232e-05,1.00643796199e-06,3.18777983247e-08,
30044.1007639,1.0,0.0316733713787,0.00100321025263,3.17753064391e-05,1.00643935143e-06,3.1879217391e-08,
30222.9346971,1.0,0.0316733906541,0.00100321088201,3.17753262461e-05,1.00643984816e-06,3.18760246848e-08,
30401.7686302,1.0,0.0316734084698,0.00100321146496,3.17753447494e-05,1.00644030449e-06,3.18772984071e-08,
30580.6025633,1.0,0.0316734249404,0.00100321200446,3.17753617753e-05,1.00644144226e-06,3.18785468003e-08,
30759.4364964,1.0,0.0316734401641,0.00100321250439,3.17753790838e-05,1.00644209066e-06,3.1878019248e-08,
30938.2704295,1.0,0.0316734542372,0.00100321296596,3.1775393262e-05,1.006442058e-06,3.18765626624e-08,
31117.1043626,1.0,0.0316734672435,0.00100321339095,3.17754050429e-05,1.00644124997e-06,3.18776731342e-08,
31295.9382958,1.0,0.0316734792647,0.00100321378362,3.17754182803e-05,1.0064426883e-06,3.18774634579e-08,
31474.7722289,1.0,0.031673490379,0.00100321414794,3.17754285486e-05,1.00644185904e-06,3.18776476636e-08,
31653.606162,1.0,0.0316735006509,0.00100321448469,3.1775440709e-05,1.00644328104e-06,3.18783049637e-08,
31832.4400951,1.0,0.0316735101458,0.00100321479512,3.17754493236e-05,1.00644271607e-06,3.18771421269e-08,
32011.2740282,1.0,0.0316735189234,0.00100321508303,3.17754594622e-05,1.00644406339e-06,3.18790227289e-08,
32190.1079614,1.0,0.0316735270347,0.00100321534932,3.17754686358e-05,1.00644393487e-06,3.18777858628e-08,
32368.9418945,1.0,0.0316735345348,0.00100321559285,3.17754746175e-05,1.00644321817e-06,3.18765404861e-08,
32547.7758276,1.0,0.0316735414664,0.00100321581962,3.1775482157e-05,1.00644534494e-06,3.18770498207e-08,
32726.6097607,1.0,0.0316735478743,0.00100321603046,3.17754895892e-05,1.00644496333e-06,3.1877070924e-08,
32905.4436938,1.0,0.0316735537961,0.00100321622375,3.17754960077e-05,1.00644595659e-06,3.18776488335e-08,
33084.2776269,1.0,0.0316735592709,0.00100321640355,3.17755013561e-05,1.00644509257e-06,3.1876858932e-08,
33263.1115601,1.0,0.0316735643311,0.00100321656812,3.17755067919e-05,1.00644652486e-06,3.18791416519e-08,
33441.9454932,1.0,0.0316735690089,0.00100321672228,3.17755102405e-05,1.00644484738e-06,3.18770408159e-08,
33620.7794263,1.0,0.0316735733325,0.00100321686498,3.17755162324e-05,1.00644647373e-06,3.18792096906e-08,
33799.6133594,1.0,0.0316735773278,0.00100321699427,3.17755198635e-05,1.00644702524e-06,3.18783272146e-08,
33978.4472925,1.0,0.031673581023,0.00100321711665,3.17755242337e-05,1.00644591468e-06,3.18775578466e-08,
34157.2812257,1.0,0.0316735844383,0.00100321722788,3.17755272418e-05,1.00644626066e-06,3.18785594979e-08,
34336.1151588,1.0,0.0316735875935,0.0010032173304,3.17755293608e-05,1.00644564595e-06,3.18782034038e-08,
34514.9490919,1.0,0.0316735905119,0.00100321742706,3.1775535323e-05,1.00644575072e-06,3.18760072527e-08,
34693.783025,1.0,0.0316735932073,0.00100321751469,3.17755359544e-05,1.00644607153e-06,3.18790088387e-08,
34872.6169581,1.0,0.031673595702,0.00100321759782,3.17755392423e-05,1.00644641143e-06,3.18789675122e-08,
35051.4508913,1.0,0.0316735980058,0.00100321767094,3.17755403216e-05,1.0064472593e-06,3.18776209347e-08,
35230.2848244,1.0,0.0316736001358,0.00100321774355,3.17755452591e-05,1.00644522448e-06,3.18765612661e-08,
35409.1187575,1.0,0.0316736021036,0.00100321780577,3.17755448463e-05,1.00644668069e-06,3.18785044102e-08,
35587.9526906,1.0,0.0316736039229,0.00100321786409,3.17755479037e-05,1.00644847368e-06,3.18770849263e-08,
35766.7866237,1.0,0.0316736056061,0.00100321792272,3.17755515235e-05,1.00644911606e-06,3.1878408302e-08,
35945.6205568,1.0,0.0316736071626,0.00100321797262,3.17755511263e-05,1.00644617856e-06,3.18768983098e-08,
36124.45449,1.0,0.0316736085972,0.00100321801953,3.17755525654e-05,1.00644678743e-06,3.18775029219e-08,
36303.2884231,1.0,0.0316736099243,0.00100321805906,3.17755526706e-05,1.0064475715e-06,3.18780351967e-08,
36482.1223562,1.0,0.0316736111531,0.00100321810221,3.17755554079e-05,1.0064468777e-06,3.18765657851e-08,
36660.9562893,1.0,0.0316736122886,0.00100321814016,3.17755561678e-05,1.00644679433e-06,3.18772873519e-08,
36839.7902224,1.0,0.0316736133401,0.00100321817549,3.17755570799e-05,1.00644655797e-06,3.18785314375e-08,
37018.6241556,1.0,0.0316736143068,0.00100321820707,3.17755595192e-05,1.00644793747e-06,3.1878275218e-08,
37197.4580887,1.0,0.0316736152041,0.00100321823523,3.17755607314e-05,1.00644971336e-06,3.1878334849e-08,
37376.2920218,1.0,0.0316736160329,0.00100321826191,3.17755593451e-05,1.00644708902e-06,3.187775389e-08,
37555.1259549,1.0,0.0316736167987,0.00100321828641,3.17755598201e-05,1.00644802373e-06,3.18789409384e-08,
37733.959888,1.0,0.0316736175075,0.00100321831176,3.17755618584e-05,1.00644653079e-06,3.18776279744e-08,
37912.7938212,1.0,0.0316736181589,0.00100321833085,3.17755628273e-05,1.00644674957e-06,3.18781750501e-08,
38091.6277543,1.0,0.0316736187654,0.00100321835222,3.17755625164e-05,1.00644598031e-06,3.18752626678e-08,
38270.4616874,1.0,0.0316736193235,0.00100321836858,3.17755635624e-05,1.0064480314e-06,3.18787573372e-08,
38449.2956205,1.0,0.0316736198412,0.00100321838913,3.17755653924e-05,1.00644759115e-06,3.18783000917e-08,
38628.1295536,1.0,0.0316736203193,0.00100321840331,3.17755654287e-05,1.00644697386e-06,3.18768243489e-08,
38806.9634867,1.0,0.03167362076,0.00100321841654,3.17755641953e-05,1.00644667142e-06,3.18755577094e-08,
38985.7974199,1.0,0.0316736211702,0.00100321843175,3.17755664588e-05,1.00644918301e-06,3.18801006871e-08,
39164.631353,1.0,0.0316736215477,0.00100321844413,3.17755662587e-05,1.00644874184e-06,3.188117658e-08,
39343.4652861,1.0,0.0316736218949,0.00100321845412,3.17755686526e-05,1.00644983194e-06,3.18778503788e-08,
39522.2992192,1.0,0.0316736222195,0.00100321846488,3.17755659794e-05,1.00644717612e-06,3.18769618813e-08,
39701.1331523,1.0,0.0316736225161,0.0010032184744,3.17755668575e-05,1.00644766918e-06,3.18774067578e-08,
39879.9670855,1.0,0.0316736227914,0.00100321848307,3.17755653317e-05,1.00644512545e-06,3.18776411398e-08,
40058.8010186,1.0,0.0316736230447,0.00100321849141,3.17755692343e-05,1.0064489269e-06,3.187787736e-08,
40237.6349517,1.0,0.0316736232824,0.00100321850011,3.17755684384e-05,1.00644948811e-06,3.187981529e-08,
40416.4688848,1.0,0.0316736234983,0.00100321850545,3.17755672583e-05,1.00644799933e-06,3.18790393516e-08,
40595.3028179,1.0,0.0316736237014,0.00100321851429,3.17755681043e-05,1.00644722701e-06,3.18778231827e-08,
40774.1367511,1.0,0.0316736238836,0.00100321851862,3.17755683896e-05,1.00644717011e-06,3.18787175228e-08,
40952.9706842,1.0,0.0316736240562,0.00100321852356,3.1775567714e-05,1.0064483521e-06,3.18767474402e-08,
41131.8046173,1.0,0.031673624216,0.00100321852894,3.17755674844e-05,1.00644603364e-06,3.18770942903e-08,
41310.6385504,1.0,0.0316736243628,0.00100321853598,3.17755698303e-05,1.00644735672e-06,3.18773795496e-08,
41489.4724835,1.0,0.0316736244973,0.00100321853847,3.17755692887e-05,1.00644787122e-06,3.1877853219e-08,
41668.3064166,1.0,0.0316736246245,0.00100321854335,3.17755680988e-05,1.00644760432e-06,3.18778378129e-08,
41847.1403498,1.0,0.0316736247387,0.00100321854747,3.17755686496e-05,1.00644804377e-06,3.18793307582e-08,
42025.9742829,1.0,0.0316736248473,0.00100321855178,3.1775569185e-05,1.00644798493e-06,3.18786570322e-08,
42204.808216,1.0,0.0316736249486,0.00100321855458,3.17755679252e-05,1.0064477233e-06,3.18776011393e-08,
42383.6421491,1.0,0.0316736250337,0.00100321855389,3.17755692247e-05,1.00644793236e-06,3.18778634628e-08,
42562.4760822,1.0,0.0316736251232,0.0010032185604,3.1775568952e-05,1.00644933306e-06,3.18793665148e-08,
42741.3100154,1.0,0.031673625202,0.00100321856359,3.17755698914e-05,1.00645010035e-06,3.18805235843e-08,
42920.1439485,1.0,0.0316736252724,0.0010032185648,3.17755690383e-05,1.00644595249e-06,3.18781368543e-08,
43098.9778816,1.0,0.0316736253397,0.00100321857012,3.17755725218e-05,1.00644712742e-06,3.18743953139e-08,
43277.8118147,1.0,0.0316736254004,0.0010032185669,3.17755679501e-05,1.00644711276e-06,3.1877480176e-08,
43456.6457478,1.0,0.0316736254563,0.00100321856756,3.17755700188e-05,1.00644767789e-06,3.18776222103e-08,
43635.4796809,1.0,0.0316736255111,0.00100321857247,3.17755715926e-05,1.00644979189e-06,3.18777248563e-08,
43814.3136141,1.0,0.0316736255587,0.0010032185755,3.17755701241e-05,1.00644765257e-06,3.18793855301e-08,
43993.1475472,1.0,0.0316736256032,0.00100321857491,3.17755698086e-05,1.00644564471e-06,3.18771362639e-08,
44171.9814803,1.0,0.0316736256456,0.0010032185753,3.17755679088e-05,1.00644608371e-06,3.18750546861e-08,
44350.8154134,1.0,0.0316736256872,0.00100321858133,3.17755708056e-05,1.00644667685e-06,3.18746598311e-08,
44529.6493465,1.0,0.0316736257205,0.00100321857951,3.17755690392e-05,1.00644451671e-06,3.1874761634e-08,
44708.4832797,1.0,0.0316736257554,0.00100321858295,3.1775572053e-05,1.00644859624e-06,3.18767770037e-08,
44887.3172128,1.0,0.0316736257836,0.00100321858199,3.17755690112e-05,1.0064474124e-06,3.18765220362e-08,
45066.1511459,1.0,0.0316736258147,0.00100321858647,3.17755727123e-05,1.00644884057e-06,3.18817203757e-08,
45244.985079,1.0,0.0316736258373,0.00100321858322,3.17755698915e-05,1.00644388141e-06,3.1876497183e-08,
45423.8190121,1.0,0.0316736258609,0.00100321858173,3.17755692031e-05,1.00644853475e-06,3.18788618112e-08,
45602.6529453,1.0,0.0316736258865,0.00100321858457,3.17755669291e-05,1.00644607639e-06,3.18802840817e-08,
45781.4868784,1.0,0.0316736259081,0.00100321858892,3.17755717318e-05,1.0064469624e-06,3.18748656662e-08,
45960.3208115,1.0,0.0316736259241,0.00100321858481,3.17755685764e-05,1.00644670402e-06,3.1876387543e-08,
46139.1547446,1.0,0.031673625943,0.00100321858916,3.1775570879e-05,1.00644966847e-06,3.18813338473e-08,
46317.9886777,1.0,0.0316736259563,0.00100321858734,3.17755694598e-05,1.0064464765e-06,3.18777967759e-08,
46496.8226108,1.0,0.0316736259737,0.00100321859027,3.17755713715e-05,1.00644635045e-06,3.18756721796e-08,
46675.656544,1.0,0.0316736259873,0.00100321858942,3.1775571536e-05,1.00644631872e-06,3.18754524592e-08,
46854.4904771,1.0,0.0316736259994,0.00100321859117,3.17755731912e-05,1.0064447881e-06,3.1873246454e-08,
47033.3244102,1.0,0.0316736260151,0.0010032185885,3.17755686787e-05,1.00644619043e-06,3.1876156361e-08,
47212.1583433,1.0,0.0316736260242,0.00100321858889,3.17755700421e-05,1.0064459701e-06,3.18753121213e-08,
47390.9922764,1.0,0.0316736260309,0.00100321858928,3.17755707317e-05,1.00644973535e-06,3.1880032615e-08,
47569.8262096,1.0,0.0316736260414,0.00100321859078,3.17755697231e-05,1.00645028968e-06,3.18814664774e-08,
47748.6601427,1.0,0.031673626053,0.0010032185942,3.1775571683e-05,1.0064429882e-06,3.18743253275e-08,
47927.4940758,1.0,0.0316736260591,0.00100321859296,3.17755709768e-05,1.00644452519e-06,3.18771822231e-08,
48106.3280089,1.0,0.0316736260648,0.00100321859299,3.17755742377e-05,1.00645067865e-06,3.18790733603e-08,
48285.161942,1.0,0.031673626072,0.00100321858968,3.1775568073e-05,1.0064468331e-06,3.18762172344e-08,
48463.9958752,1.0,0.0316736260787,0.00100321859028,3.17755723415e-05,1.0064492259e-06,3.18793527918e-08,
48642.8298083,1.0,0.0316736260879,0.00100321859473,3.17755736567e-05,1.00644856833e-06,3.1876549814e-08,
48821.6637414,1.0,0.0316736260902,0.00100321859065,3.17755683147e-05,1.00644616466e-06,3.18752024489e-08,
49000.4976745,1.0,0.0316736260968,0.00100321859161,3.17755714067e-05,1.00644562986e-06,3.18760848116e-08,
49179.3316076,1.0,0.0316736260964,0.00100321858958,3.17755709792e-05,1.00644453407e-06,3.18744736555e-08,
49358.1655407,1.0,0.0316736261049,0.00100321859279,3.17755714434e-05,1.00644708691e-06,3.18770471611e-08,
49536.9994739,1.0,0.0316736261095,0.0010032185943,3.17755721832e-05,1.00644640703e-06,3.18784833559e-08,
49715.833407,1.0,0.031673626109,0.0010032185937,3.17755719736e-05,1.00644955275e-06,3.18787221203e-08,
49894.6673401,1.0,0.0316736261107,0.00100321859407,3.17755710833e-05,1.00644613267e-06,3.18792380668e-08,
50073.5012732,1.0,0.0316736261167,0.00100321858633,3.17755675611e-05,1.00644763495e-06,3.18765242503e-08,
50252.3352063,1.0,0.031673626122,0.00100321859301,3.17755694708e-05,1.00644491891e-06,3.18749826105e-08,
50431.1691395,1.0,0.0316736261254,0.00100321859443,3.17755732168e-05,1.00645044029e-06,3.18813206753e-08,
50610.0030726,1.0,0.0316736261266,0.00100321859438,3.17755709073e-05,1.0064452946e-06,3.18778182136e-08,
50788.8370057,1.0,0.031673626129,0.00100321859547,3.17755702758e-05,1.0064474567e-06,3.18814748451e-08,
50967.6709388,1.0,0.0316736261315,0.00100321859402,3.17755704114e-05,1.00644614516e-06,3.18769020061e-08,
51146.5048719,1.0,0.0316736261327,0.00100321859313,3.17755728276e-05,1.0064506244e-06,3.18782052055e-08,
51325.3388051,1.0,0.031673626133,0.00100321859447,3.17755724927e-05,1.00644795782e-06,3.18803189776e-08,
51504.1727382,1.0,0.031673626132,0.00100321858996,3.17755701573e-05,1.00644762552e-06,3.18764479197e-08,
51683.0066713,1.0,0.031673626137,0.00100321859544,3.1775574055e-05,1.0064469715e-06,3.18759531829e-08,
51861.8406044,1.0,0.0316736261347,0.00100321858896,3.17755692831e-05,1.00644929739e-06,3.18804923492e-08,
52040.6745375,1.0,0.031673626138,0.00100321859219,3.17755740669e-05,1.00645061338e-06,3.18808573665e-08,
52219.5084706,1.0,0.0316736261403,0.00100321859048,3.17755723262e-05,1.00645027899e-06,3.18771656041e-08,
52398.3424038,1.0,0.031673626143,0.00100321859266,3.17755685276e-05,1.00644743212e-06,3.18804166574e-08,
52577.1763369,1.0,0.0316736261446,0.00100321859556,3.177557154e-05,1.00644706189e-06,3.18790602813e-08,
52756.01027,1.0,0.0316736261469,0.00100321859376,3.17755725395e-05,1.00645181205e-06,3.18792736713e-08,
52934.8442031,1.0,0.0316736261458,0.00100321859385,3.17755713502e-05,1.00645108073e-06,3.18783934397e-08,
53113.6781362,1.0,0.0316736261454,0.0010032185921,3.17755687124e-05,1.00644725791e-06,3.18766495329e-08,
53292.5120694,1.0,0.0316736261466,0.00100321859275,3.17755700013e-05,1.00644836056e-06,3.18782312708e-08,
53471.3460025,1.0,0.0316736261505,0.00100321859818,3.1775573256e-05,1.00644572159e-06,3.18749802315e-08,
53650.1799356,1.0,0.0316736261498,0.0010032185945,3.17755681951e-05,1.00644945989e-06,3.18807858653e-08,
53829.0138687,1.0,0.0316736261504,0.00100321859204,3.17755713425e-05,1.00644782722e-06,3.18765284673e-08,
54007.8478018,1.0,0.0316736261492,0.00100321859264,3.17755709038e-05,1.00645050344e-06,3.18786253384e-08,
54186.6817349,1.0,0.0316736261521,0.00100321859469,3.17755697989e-05,1.00644744778e-06,3.18757914321e-08,
54365.5156681,1.0,0.0316736261493,0.00100321859307,3.17755692672e-05,1.00644665329e-06,3.18752161153e-08,
54544.3496012,1.0,0.0316736261472,0.0010032185929,3.17755704064e-05,1.00644517508e-06,3.18765540741e-08,
54723.1835343,1.0,0.031673626154,0.00100321859719,3.17755721373e-05,1.006447401e-06,3.18808256694e-08,
54902.0174674,1.0,0.0316736261533,0.00100321859521,3.17755735454e-05,1.00644589317e-06,3.18747815231e-08,
55080.8514005,1.0,0.0316736261518,0.00100321859499,3.17755715285e-05,1.00644956099e-06,3.18791648868e-08,
55259.6853337,1.0,0.03167362615,0.00100321859864,3.17755748315e-05,1.00644927973e-06,3.18779580085e-08,
55438.5192668,1.0,0.0316736261564,0.00100321859651,3.17755736375e-05,1.00645106841e-06,3.18815800338e-08,
55617.3531999,1.0,0.0316736261511,0.00100321859299,3.17755698765e-05,1.00644645601e-06,3.18756566404e-08,
55796.187133,1.0,0.0316736261539,0.0010032185967,3.17755728722e-05,1.00644756547e-06,3.18801565872e-08,
55975.0210661,1.0,0.0316736261556,0.00100321859554,3.17755718909e-05,1.00644629133e-06,3.18748835447e-08,
56153.8549993,1.0,0.0316736261549,0.00100321859509,3.17755696347e-05,1.00644524051e-06,3.18748185913e-08,
56332.6889324,1.0,0.0316736261547,0.00100321859592,3.17755730463e-05,1.00644654566e-06,3.18765174165e-08,
56511.5228655,1.0,0.0316736261509,0.00100321858636,3.17755689979e-05,1.00644614582e-06,3.18749408039e-08,
56690.3567986,1.0,0.0316736261558,0.0010032185938,3.17755693722e-05,1.00644602576e-06,3.18779259117e-08,
56869.1907317,1.0,0.0316736261588,0.00100321859475,3.17755690881e-05,1.00644884796e-06,3.18793301051e-08,
57048.0246648,1.0,0.0316736261565,0.00100321859782,3.17755721236e-05,1.0064475846e-06,3.18772426152e-08,
57226.858598,1.0,0.0316736261542,0.00100321859381,3.1775568092e-05,1.00644813265e-06,3.18778950298e-08,
57405.6925311,1.0,0.0316736261467,0.00100321858868,3.17755679686e-05,1.00644467023e-06,3.18766108847e-08,
57584.5264642,1.0,0.031673626156,0.00100321859427,3.17755706062e-05,1.00644736852e-06,3.1873152257e-08,
57763.3603973,1.0,0.0316736261552,0.00100321859331,3.17755698875e-05,1.00644579853e-06,3.18769933593e-08,
57942.1943304,1.0,0.0316736261579,0.00100321859198,3.17755676447e-05,1.0064464105e-06,3.18778514393e-08,
58121.0282636,1.0,0.0316736261507,0.00100321859218,3.17755719286e-05,1.00644500194e-06,3.18751718224e-08,
58299.8621967,1.0,0.0316736261568,0.00100321859124,3.17755689644e-05,1.00644709747e-06,3.1877700511e-08,
58478.6961298,1.0,0.031673626155,0.00100321859219,3.17755697511e-05,1.0064512808e-06,3.18803773614e-08,
58657.5300629,1.0,0.0316736261551,0.00100321859604,3.17755718788e-05,1.00644608155e-06,3.18787380351e-08,
58836.363996,1.0,0.0316736261547,0.00100321859525,3.17755667177e-05,1.00644016781e-06,3.18752947576e-08,
59015.1979292,1.0,0.0316736261566,0.00100321859347,3.17755699062e-05,1.00645162763e-06,3.18774676158e-08,
59194.0318623,1.0,0.031673626157,0.00100321859306,3.17755754157e-05,1.00645192562e-06,3.18764903759e-08,
59372.8657954,1.0,0.0316736261569,0.00100321859303,3.17755692765e-05,1.0064478028e-06,3.1877229579e-08,
59551.6997285,1.0,0.0316736261508,0.00100321859165,3.17755674063e-05,1.00644441146e-06,3.18796447961e-08,
59730.5336616,1.0,0.0316736261545,0.00100321859057,3.17755707695e-05,1.00644950251e-06,3.18744584963e-08,
59909.3675947,1.0,0.0316736261576,0.00100321860064,3.17755708885e-05,1.00644570046e-06,3.18783133891e-08,
60088.2015279,1.0,0.0316736261564,0.00100321859312,3.17755693656e-05,1.00644632495e-06,3.1876972491e-08,
60267.035461,1.0,0.0316736261554,0.00100321859654,3.17755748385e-05,1.00645169772e-06,3.18749002538e-08,
60445.8693941,1.0,0.0316736261535,0.00100321859442,3.17755718563e-05,1.00644580831e-06,3.18785925281e-08,
60624.7033272,1.0,0.0316736261569,0.00100321859463,3.17755701744e-05,1.00644706662e-06,3.18779345061e-08,
60803.5372603,1.0,0.0316736261555,0.00100321859228,3.17755719933e-05,1.00644509349e-06,3.18720722032e-08,
60982.3711935,1.0,0.0316736261608,0.00100321859693,3.17755733747e-05,1.00644870583e-06,3.1873528236e-08,
61161.2051266,1.0,0.031673626154,0.00100321859326,3.17755708471e-05,1.00644547455e-06,3.18754275919e-08,
61340.0390597,1.0,0.0316736261579,0.0010032185947,3.17755737377e-05,1.00644821876e-06,3.18801074986e-08,
61518.8729928,1.0,0.0316736261577,0.00100321859527,3.17755676312e-05,1.00644281425e-06,3.18723947757e-08,
61697.7069259,1.0,0.0316736261612,0.00100321859791,3.17755691216e-05,1.00644077582e-06,3.18761995403e-08,
61876.5408591,1.0,0.0316736261618,0.0010032185993,3.17755701419e-05,1.00644500495e-06,3.18802378919e-08,
62055.3747922,1.0,0.0316736261583,0.00100321859463,3.17755676786e-05,1.00644288758e-06,3.18743721258e-08,
62234.2087253,1.0,0.0316736261552,0.00100321859951,3.17755765002e-05,1.00644885366e-06,3.18787374536e-08,
62413.0426584,1.0,0.0316736261554,0.00100321859345,3.17755674414e-05,1.00644231901e-06,3.18786088635e-08,
62591.8765915,1.0,0.0316736261524,0.00100321858931,3.1775570571e-05,1.00644773756e-06,3.18764187515e-08,
62770.7105246,1.0,0.0316736261508,0.00100321858969,3.17755741782e-05,1.00644923252e-06,3.18748343754e-08,
62949.5444578,1.0,0.0316736261546,0.00100321859306,3.177557455e-05,1.00644857734e-06,3.18762459898e-08,
63128.3783909,1.0,0.0316736261541,0.0010032185948,3.17755720382e-05,1.00644475741e-06,3.18755187532e-08,
63307.212324,1.0,0.0316736261518,0.00100321859291,3.17755693369e-05,1.0064443739e-06,3.18798322661e-08,
63486.0462571,1.0,0.0316736261528,0.00100321858922,3.17755667061e-05,1.00644935879e-06,3.18787252238e-08,
63664.8801902,1.0,0.0316736261523,0.00100321859223,3.17755732916e-05,1.0064492321e-06,3.18791110122e-08,
63843.7141234,1.0,0.0316736261515,0.00100321859177,3.17755713047e-05,1.00644699402e-06,3.18759918259e-08,
64022.5480565,1.0,0.031673626153,0.00100321859835,3.17755758391e-05,1.00645027032e-06,3.18798549355e-08,
64201.3819896,1.0,0.0316736261559,0.00100321859619,3.17755736035e-05,1.00644751452e-06,3.18763160648e-08,
64380.2159227,1.0,0.0316736261597,0.00100321859605,3.17755678832e-05,1.00644599781e-06,3.18747816249e-08,
64559.0498558,1.0,0.0316736261511,0.00100321859081,3.17755677772e-05,1.0064454348e-06,3.18765713647e-08,
64737.8837889,1.0,0.0316736261603,0.00100321859479,3.17755723048e-05,1.00645177713e-06,3.18761593292e-08,
64916.7177221,1.0,0.0316736261569,0.00100321859957,3.17755770366e-05,1.00645190765e-06,3.18807743393e-08,
65095.5516552,1.0,0.0316736261531,0.00100321859512,3.17755723697e-05,1.00645243344e-06,3.18813932519e-08,
65274.3855883,1.0,0.0316736261555,0.00100321859371,3.17755699193e-05,1.00644523209e-06,3.18740042828e-08,
65453.2195214,1.0,0.031673626157,0.00100321859438,3.17755733637e-05,1.00644659619e-06,3.18762391687e-08,
65632.0534545,1.0,0.0316736261572,0.0010032185957,3.17755696356e-05,1.00645066748e-06,3.18815237786e-08,
65810.8873877,1.0,0.0316736261572,0.00100321859611,3.17755726593e-05,1.00644413447e-06,3.1872290625e-08,
65989.7213208,1.0,0.0316736261542,0.00100321859338,3.17755736397e-05,1.00644880884e-06,3.18753530023e-08,
66168.5552539,1.0,0.0316736261594,0.00100321859247,3.17755709289e-05,1.0064544791e-06,3.18856663138e-08,
66347.389187,1.0,0.0316736261592,0.00100321859244,3.17755674524e-05,1.00644704985e-06,3.18823345401e-08,
66526.2231201,1.0,0.0316736261507,0.00100321858953,3.17755716748e-05,1.0064511676e-06,3.18817116609e-08,
66705.0570533,1.0,0.0316736261549,0.00100321859178,3.17755682004e-05,1.0064423035e-06,3.18700397516e-08,
66883.8909864,1.0,0.0316736261592,0.00100321859155,3.17755715349e-05,1.00644867699e-06,3.18762028195e-08,
67062.7249195,1.0,0.031673626153,0.00100321859353,3.17755740032e-05,1.00645279685e-06,3.18827034479e-08,
67241.5588526,1.0,0.0316736261539,0.00100321859362,3.17755697996e-05,1.00644741617e-06,3.18792066928e-08,
67420.3927857,1.0,0.0316736261656,0.00100321859632,3.17755702329e-05,1.00645228967e-06,3.18816104788e-08,
67599.2267188,1.0,0.0316736261623,0.00100321859431,3.1775569857e-05,1.00645004199e-06,3.18851486732e-08,
67778.060652,1.0,0.0316736261604,0.0010032185941,3.1775564488e-05,1.00644222487e-06,3.1877552202e-08,
67956.8945851,1.0,0.0316736261568,0.0010032185974,3.1775574742e-05,1.00644634257e-06,3.186889495e-08,
68135.7285182,1.0,0.0316736261569,0.00100321859963,3.17755750921e-05,1.0064407759e-06,3.18696245388e-08,
68314.5624513,1.0,0.0316736261537,0.00100321858559,3.17755688101e-05,1.00644543371e-06,3.18727112451e-08,
68493.3963844,1.0,0.0316736261535,0.00100321859447,3.17755717072e-05,1.00644883031e-06,3.18808162494e-08,
68672.2303176,1.0,0.0316736261584,0.00100321859345,3.177556502e-05,1.00644376843e-06,3.18764509189e-08,
68851.0642507,1.0,0.0316736261554,0.00100321859368,3.17755706614e-05,1.00644774719e-06,3.18767390502e-08,
69029.8981838,1.0,0.0316736261561,0.00100321859046,3.17755615022e-05,1.00644380274e-06,3.18817535371e-08,
69208.7321169,1.0,0.0316736261534,0.00100321858748,3.17755689724e-05,1.00645174163e-06,3.18818555997e-08,
69387.56605,1.0,0.0316736261646,0.00100321860302,3.17755705381e-05,1.00644731234e-06,3.18826367701e-08,
69566.3999832,1.0,0.0316736261489,0.00100321858988,3.17755713721e-05,1.00645367514e-06,3.18839293806e-08,
69745.2339163,1.0,0.0316736261595,0.00100321859028,3.17755730455e-05,1.00645297773e-06,3.1882474488e-08,
69924.0678494,1.0,0.0316736261584,0.00100321858902,3.17755670691e-05,1.00644817789e-06,3.18737534896e-08,
70102.9017825,1.0,0.0316736261532,0.0010032185933,3.17755739755e-05,1.00644824947e-06,3.18792501625e-08,
70281.7357156,1.0,0.0316736261518,0.00100321858632,3.17755730346e-05,1.00645333057e-06,3.18795977826e-08,
70460.5696487,1.0,0.0316736261527,0.00100321859744,3.17755732116e-05,1.00644586582e-06,3.18770357833e-08,
70639.4035819,1.0,0.0316736261582,0.00100321859785,3.17755701047e-05,1.0064464023e-06,3.18762439878e-08,
70818.237515,1.0,0.0316736261577,0.00100321859281,3.17755677411e-05,1.00645183605e-06,3.18861179369e-08,
70997.0714481,1.0,0.0316736261509,0.00100321858717,3.17755721185e-05,1.00644949517e-06,3.18779922615e-08,
71175.9053812,1.0,0.0316736261531,0.00100321859211,3.17755711208e-05,1.0064448066e-06,3.18700806551e-08,
71354.7393143,1.0,0.0316736261563,0.00100321859189,3.17755734643e-05,1.00644429267e-06,3.1875019067e-08,
71533.5732475,1.0,0.0316736261505,0.00100321859029,3.17755719644e-05,1.00644581305e-06,3.18794170353e-08,
71712.4071806,1.0,0.0316736261528,0.00100321859124,3.17755756005e-05,1.00644778067e-06,3.18796612e-08,
71891.2411137,1.0,0.031673626149,0.00100321858896,3.17755628293e-05,1.0064420056e-06,3.18802920879e-08,
72070.0750468,1.0,0.0316736261573,0.00100321859555,3.17755752114e-05,1.00645115656e-06,3.18754496273e-08,
72248.9089799,1.0,0.0316736261521,0.0010032185896,3.17755639225e-05,1.00643840935e-06,3.18751819412e-08,
72427.7429131,1.0,0.031673626151,0.00100321859593,3.17755699665e-05,1.00644252256e-06,3.18779650909e-08,
72606.5768462,1.0,0.0316736261495,0.00100321858925,3.1775570399e-05,1.00644327294e-06,3.18734256295e-08,
72785.4107793,1.0,0.0316736261549,0.00100321858772,3.17755648172e-05,1.00644491276e-06,3.18805003104e-08,
72964.2447124,1.0,0.0316736261633,0.00100321859617,3.17755718363e-05,1.00644780307e-06,3.18797056046e-08,
73143.0786455,1.0,0.0316736261489,0.00100321859271,3.17755664113e-05,1.00644022899e-06,3.18748396433e-08,
73321.9125786,1.0,0.0316736261514,0.00100321859276,3.17755706083e-05,1.00645103517e-06,3.18809591533e-08,
73500.7465118,1.0,0.0316736261568,0.00100321859517,3.1775570824e-05,1.00644002049e-06,3.18758192709e-08,
73679.5804449,1.0,0.031673626158,0.00100321859245,3.177556761e-05,1.00644478713e-06,3.18755966006e-08,
73858.414378,1.0,0.0316736261571,0.00100321859221,3.17755676598e-05,1.00644732483e-06,3.18801510896e-08,
74037.2483111,1.0,0.0316736261534,0.00100321859585,3.17755673062e-05,1.00643979077e-06,3.18747396059e-08,
74216.0822442,1.0,0.0316736261495,0.00100321859548,3.17755687922e-05,1.00645075556e-06,3.18853176709e-08,
74394.9161774,1.0,0.0316736261513,0.00100321858917,3.1775566994e-05,1.00645014942e-06,3.18848434531e-08,
74573.7501105,1.0,0.0316736261627,0.00100321860343,3.17755766949e-05,1.00645224187e-06,3.18807330609e-08,
74752.5840436,1.0,0.0316736261635,0.00100321859433,3.17755636008e-05,1.00644275062e-06,3.18738856123e-08,
74931.4179767,1.0,0.031673626156,0.0010032185946,3.17755702689e-05,1.00645029145e-06,3.18760353554e-08,
75110.2519098,1.0,0.0316736261555,0.00100321859555,3.1775567261e-05,1.00644591197e-06,3.18815948735e-08,
75289.0858429,1.0,0.0316736261521,0.00100321859241,3.17755663535e-05,1.00644506587e-06,3.18733177088e-08,
75467.9197761,1.0,0.0316736261493,0.00100321859322,3.17755737698e-05,1.00644690825e-06,3.18745232787e-08,
75646.7537092,1.0,0.0316736261551,0.00100321859409,3.17755680072e-05,1.00644847217e-06,3.18746995768e-08,
75825.5876423,1.0,0.0316736261548,0.00100321859216,3.17755741118e-05,1.00645030899e-06,3.18765304049e-08,
76004.4215754,1.0,0.0316736261611,0.00100321859567,3.17755768021e-05,1.0064481986e-06,3.18704340715e-08,
76183.2555085,1.0,0.0316736261628,0.00100321859409,3.17755611929e-05,1.00643766292e-06,3.18744018451e-08,
76362.0894417,1.0,0.0316736261514,0.00100321858674,3.17755681084e-05,1.0064471721e-06,3.18788570895e-08,
76540.9233748,1.0,0.0316736261639,0.00100321860419,3.1775568687e-05,1.00643822016e-06,3.18722574169e-08,
76719.7573079,1.0,0.0316736261555,0.00100321859425,3.17755735819e-05,1.00645581567e-06,3.18834956564e-08,
76898.591241,1.0,0.03167362615,0.00100321857946,3.17755741369e-05,1.00646049575e-06,3.18790651672e-08,
77077.4251741,1.0,0.0316736261464,0.00100321859317,3.17755751001e-05,1.00645153979e-06,3.18754121005e-08,
77256.2591073,1.0,0.0316736261543,0.0010032185997,3.17755726977e-05,1.00644710328e-06,3.18803365459e-08,
77435.0930404,1.0,0.0316736261571,0.00100321858771,3.17755625458e-05,1.00644668357e-06,3.18800820879e-08,
77613.9269735,1.0,0.0316736261521,0.00100321859707,3.17755690356e-05,1.00644961931e-06,3.1883999489e-08,
77792.7609066,1.0,0.0316736261542,0.00100321859597,3.17755734163e-05,1.00644737612e-06,3.1873974477e-08,
77971.5948397,1.0,0.0316736261454,0.0010032185875,3.17755632961e-05,1.00644374142e-06,3.18828408211e-08,
78150.4287728,1.0,0.0316736261635,0.00100321859451,3.17755702149e-05,1.00645333239e-06,3.18926228222e-08,
78329.262706,1.0,0.0316736261582,0.00100321859371,3.17755660041e-05,1.00645134535e-06,3.18879830405e-08,
78508.0966391,1.0,0.0316736261534,0.00100321859451,3.17755651277e-05,1.00644100939e-06,3.18763550016e-08,
78686.9305722,1.0,0.0316736261623,0.00100321860134,3.17755693063e-05,1.00644734953e-06,3.18876460295e-08,
78865.7645053,1.0,0.0316736261468,0.00100321857915,3.17755699414e-05,1.00644764996e-06,3.18740100343e-08,
79044.5984384,1.0,0.0316736261565,0.00100321859006,3.17755707042e-05,1.00645413325e-06,3.18834726517e-08,
79223.4323716,1.0,0.0316736261506,0.00100321859961,3.17755731716e-05,1.0064484667e-06,3.18806999945e-08,
79402.2663047,1.0,0.0316736261666,0.0010032185995,3.17755756199e-05,1.00644799013e-06,3.18772524862e-08,
79581.1002378,1.0,0.0316736261608,0.00100321858831,3.17755630103e-05,1.00644455149e-06,3.18843396651e-08,
79759.9341709,1.0,0.0316736261515,0.0010032185867,3.17755642454e-05,1.00644333713e-06,3.1876933631e-08,
79938.768104,1.0,0.0316736261569,0.00100321858535,3.1775563245e-05,1.00644580432e-06,3.18756077306e-08,
80117.6020372,1.0,0.0316736261557,0.00100321859762,3.17755713394e-05,1.00644633721e-06,3.1877715352e-08,
80296.4359703,1.0,0.0316736261588,0.00100321859593,3.17755663189e-05,1.00643917057e-06,3.18770971365e-08,
80475.2699034,1.0,0.0316736261559,0.00100321858764,3.1775566299e-05,1.00644872311e-06,3.18806187673e-08,
80654.1038365,1.0,0.0316736261589,0.00100321859555,3.17755651453e-05,1.00644417849e-06,3.18760075012e-08,
80832.9377696,1.0,0.0316736261638,0.00100321859204,3.17755763659e-05,1.00644457621e-06,3.18629136704e-08,
81011.7717027,1.0,0.0316736261574,0.00100321859262,3.1775572e-05,1.0064469773e-06,3.18765406557e-08,
81190.6056359,1.0,0.0316736261525,0.00100321858917,3.17755635265e-05,1.00643844425e-06,3.18683797418e-08,
81369.439569,1.0,0.0316736261555,0.00100321858397,3.17755642209e-05,1.00645140544e-06,3.18755954137e-08,
81548.2735021,1.0,0.0316736261497,0.00100321859985,3.17755826078e-05,1.00644374417e-06,3.18662802224e-08,
81727.1074352,1.0,0.0316736261469,0.00100321858867,3.17755675837e-05,1.00644878912e-06,3.18773952033e-08,
81905.9413683,1.0,0.031673626157,0.00100321859936,3.17755785627e-05,1.0064574422e-06,3.18757076267e-08,
82084.7753015,1.0,0.0316736261539,0.00100321859258,3.17755737228e-05,1.00645082313e-06,3.18834037088e-08,
82263.6092346,1.0,0.031673626165,0.00100321859055,3.17755674061e-05,1.00645005553e-06,3.18742687002e-08,
82442.4431677,1.0,0.0316736261415,0.00100321858091,3.17755728718e-05,1.00644845098e-06,3.18801103843e-08,
82621.2771008,1.0,0.0316736261478,0.00100321857987,3.17755635876e-05,1.00644257919e-06,3.18683026022e-08,
82800.1110339,1.0,0.0316736261659,0.00100321860361,3.17755681452e-05,1.00644217226e-06,3.1870977142e-08,
82978.9449671,1.0,0.0316736261605,0.00100321859785,3.17755695359e-05,1.00643439198e-06,3.18690547847e-08,
83157.7789002,1.0,0.03167362615,0.00100321859035,3.17755668287e-05,1.00644583111e-06,3.18781415478e-08,
83336.6128333,1.0,0.0316736261588,0.00100321859901,3.17755773285e-05,1.00644834593e-06,3.18845581022e-08,
83515.4467664,1.0,0.0316736261596,0.0010032185959,3.17755707035e-05,1.0064459819e-06,3.18711223646e-08,
83694.2806995,1.0,0.0316736261488,0.00100321858812,3.17755652055e-05,1.0064363054e-06,3.18741329262e-08,
83873.1146326,1.0,0.0316736261549,0.0010032185963,3.17755760893e-05,1.00644604261e-06,3.18700761969e-08,
84051.9485658,1.0,0.031673626158,0.00100321860499,3.17755835922e-05,1.00644077859e-06,3.18695535138e-08,
84230.7824989,1.0,0.0316736261418,0.00100321858828,3.1775571785e-05,1.00644885352e-06,3.18744015583e-08,
84409.616432,1.0,0.0316736261542,0.00100321859083,3.17755643726e-05,1.00644288475e-06,3.18798479227e-08,
84588.4503651,1.0,0.0316736261537,0.00100321859024,3.17755649874e-05,1.00644731033e-06,3.18759883728e-08,
84767.2842982,1.0,0.0316736261471,0.00100321858156,3.17755639138e-05,1.00644774842e-06,3.18791817096e-08,
84946.1182314,1.0,0.0316736261541,0.00100321859846,3.17755702282e-05,1.00643552466e-06,3.1870396471e-08,
85124.9521645,1.0,0.0316736261603,0.00100321860575,3.17755742473e-05,1.00644429054e-06,3.18725280736e-08,
85303.7860976,1.0,0.0316736261577,0.00100321859526,3.17755712426e-05,1.00644037759e-06,3.18689195622e-08,
85482.6200307,1.0,0.0316736261567,0.00100321860177,3.17755787363e-05,1.00644552552e-06,3.18717149472e-08,
85661.4539638,1.0,0.0316736261605,0.00100321859142,3.17755645051e-05,1.00644737104e-06,3.18785027343e-08,
85840.2878969,1.0,0.0316736261527,0.00100321859978,3.17755707794e-05,1.00643757154e-06,3.18708099269e-08,
86019.1218301,1.0,0.0316736261471,0.00100321859066,3.1775568857e-05,1.00643808138e-06,3.18735096739e-08,
86197.9557632,1.0,0.0316736261625,0.00100321859895,3.17755655141e-05,1.00643771147e-06,3.18721565896e-08,
86376.7896963,1.0,0.0316736261499,0.00100321859759,3.17755806925e-05,1.00644410465e-06,3.18771743839e-08,
86555.6236294,1.0,0.0316736261499,0.00100321859944,3.17755677595e-05,1.00645380203e-06,3.18817900575e-08,
86734.4575625,1.0,0.0316736261605,0.00100321859137,3.17755702462e-05,1.00644816746e-06,3.18838417686e-08,
86913.2914957,1.0,0.0316736261477,0.00100321858438,3.17755734895e-05,1.00646134981e-06,3.1883972694e-08,
87092.1254288,1.0,0.0316736261671,0.00100321860441,3.17755800382e-05,1.00645202338e-06,3.1873684284e-08,
87270.9593619,1.0,0.0316736261483,0.00100321859528,3.17755739649e-05,1.00644919762e-06,3.187549019e-08,
87449.793295,1.0,0.0316736261366,0.00100321858956,3.1775582446e-05,1.00645453757e-06,3.18769057983e-08,
87628.6272281,1.0,0.0316736261717,0.0010032185943,3.17755641091e-05,1.00644573304e-06,3.18836456642e-08,
87807.4611613,1.0,0.0316736261505,0.00100321858971,3.1775567455e-05,1.00644083441e-06,3.18698092334e-08,
87986.2950944,1.0,0.0316736261581,0.00100321859985,3.17755788197e-05,1.00645409349e-06,3.18794268748e-08,
88165.1290275,1.0,0.0316736261579,0.0010032185958,3.17755688442e-05,1.00644936613e-06,3.18878516765e-08,
88343.9629606,1.0,0.0316736261631,0.00100321859672,3.1775575266e-05,1.00645597922e-06,3.18741487305e-08,
88522.7968937,1.0,0.0316736261668,0.00100321859698,3.17755673921e-05,1.00644027588e-06,3.18653886868e-08,
88701.6308268,1.0,0.0316736261456,0.00100321859369,3.17755830983e-05,1.00645684129e-06,3.18814596116e-08,
88880.46476,1.0,0.0316736261588,0.00100321859141,3.17755586869e-05,1.00643691799e-06,3.18789988213e-08,
89059.2986931,1.0,0.0316736261539,0.00100321859411,3.17755821001e-05,1.00645689573e-06,3.18805907506e-08,
89238.1326262,1.0,0.0316736261672,0.00100321859467,3.17755741326e-05,1.00645363999e-06,3.18794469026e-08,
89416.9665593,1.0,0.0316736261509,0.00100321858749,3.17755633414e-05,1.00644957734e-06,3.18835953584e-08,
