Coordinates:
0.0,0.714285714286,1.42857142857,2.14285714286,2.85714285714,3.57142857143,4.28571428571,5.0,5.71428571429,6.42857142857,7.14285714286,7.85714285714,8.57142857143,9.28571428571,10.0,
Volumes:
0.357142857143,0.714285714286,0.714285714286,0.714285714286,0.714285714286,0.714285714286,0.714285714286,0.714285714286,0.714285714286,0.714285714286,0.714285714286,0.714285714286,0.714285714286,0.714285714286,0.357142857143,

 Time(s), delta (-) on vertices
0.410726587386,1.0,
0.821453174772,1.0,
1.23217976216,1.0,
1.64290634954,1.0,
2.05363293693,1.0,
2.46435952432,0.9,
2.8750861117,0.95,
3.28581269909,1.0,
3.69653928647,1.05,
4.10726587386,1.1,
4.51799246124,1.15,
4.92871904863,1.2,
5.33944563602,1.25,
5.7501722234,1.3,
6.16089881079,1.35,
6.57162539817,1.4,
6.98235198556,1.45,
7.39307857295,1.5,
7.80380516033,1.55,
8.21453174772,1.6,
8.6252583351,1.65,
9.03598492249,1.7,
9.44671150988,1.75,
9.85743809726,1.8,
10.2681646846,1.85,
10.678891272,1.9,
11.0896178594,1.95,
11.5003444468,2.0,
11.9110710342,2.05,
12.3217976216,2.1,
12.732524209,2.075,
13.1432507963,2.05,
13.5539773837,2.025,
13.9647039711,2.0375,
14.3754305585,2.05,
14.7861571459,2.0625,
15.1968837333,2.05625,
15.6076103207,2.05,
16.018336908,2.04375,
16.4290634954,2.0375,
16.8397900828,2.03125,
17.2505166702,2.025,
17.6612432576,2.028125,
18.071969845,2.03125,
18.4826964324,2.034375,
18.8934230198,2.0375,
19.3041496071,2.0359375,
19.7148761945,2.034375,
20.1256027819,2.0328125,
20.5363293693,2.03125,
20.9470559567,2.0296875,
21.3577825441,2.028125,
21.7685091315,2.0265625,
22.1792357188,2.025,
22.5899623062,2.0234375,
23.0006888936,2.021875,
23.411415481,2.0203125,
23.8221420684,2.01875,
24.2328686558,2.01953125,
24.6435952432,2.0203125,
25.0543218305,2.02109375,
25.4650484179,2.021875,
25.8757750053,2.02265625,
26.2865015927,2.0234375,
26.6972281801,2.02421875,
27.1079547675,2.025,
27.5186813549,2.02578125,
27.9294079422,2.025390625,
28.3401345296,2.025,
28.750861117,2.024609375,
29.1615877044,2.02421875,
29.5723142918,2.023828125,
29.9830408792,2.0234375,
30.3937674666,2.023046875,
30.8044940539,2.02265625,
31.2152206413,2.022265625,
31.6259472287,2.021875,
32.0366738161,2.021484375,
32.4474004035,2.02109375,
32.8581269909,2.020703125,
33.2688535783,2.0203125,
33.6795801656,2.019921875,
34.090306753,2.01953125,
34.5010333404,2.019140625,
34.9117599278,2.01875,
35.3224865152,2.018359375,
35.7332131026,2.01796875,
36.14393969,2.017578125,
36.5546662773,2.0171875,
36.9653928647,2.016796875,
37.3761194521,2.01640625,
37.7868460395,2.016015625,
38.1975726269,2.015625,
38.6082992143,2.015234375,
39.0190258017,2.01484375,
39.429752389,2.014453125,
39.8404789764,2.0140625,
40.2512055638,2.013671875,
40.6619321512,2.01328125,
41.0726587386,2.012890625,
41.483385326,2.0125,
41.8941119134,2.012109375,
42.3048385007,2.01171875,
42.7155650881,2.011328125,
43.1262916755,2.0109375,
43.5370182629,2.010546875,
43.9477448503,2.01015625,
44.3584714377,2.009765625,
44.7691980251,2.009375,
45.1799246124,2.008984375,
45.5906511998,2.00859375,
46.0013777872,2.008203125,
46.4121043746,2.0078125,
46.822830962,2.007421875,
47.2335575494,2.00703125,
47.6442841368,2.006640625,
48.0550107241,2.00625,
48.4657373115,2.005859375,
48.8764638989,2.00546875,
49.2871904863,2.005078125,
49.6979170737,2.0046875,
50.1086436611,2.004296875,
50.5193702485,2.00390625,
50.9300968358,2.003515625,
51.3408234232,2.003125,
51.7515500106,2.002734375,
52.162276598,2.00234375,
52.5730031854,2.001953125,
52.9837297728,2.0015625,
53.3944563602,2.001171875,
53.8051829475,2.00078125,
54.2159095349,2.000390625,
54.6266361223,2.0,
55.0373627097,1.999609375,
55.4480892971,1.99921875,
55.8588158845,1.998828125,
56.2695424719,1.9984375,
56.6802690593,1.998046875,
57.0909956466,1.99765625,
57.501722234,1.997265625,
57.9124488214,1.996875,
58.3231754088,1.996484375,
58.7339019962,1.99609375,
59.1446285836,1.995703125,
59.555355171,1.9958984375,
59.9660817583,1.99609375,
60.3768083457,1.9962890625,
60.7875349331,1.996484375,
61.1982615205,1.9966796875,
61.6089881079,1.996875,
62.0197146953,1.9970703125,
62.4304412827,1.997265625,
62.84116787,1.9974609375,
63.2518944574,1.99765625,
63.6626210448,1.9978515625,
64.0733476322,1.998046875,
64.4840742196,1.9982421875,
64.894800807,1.9984375,
65.3055273944,1.9986328125,
65.7162539817,1.998828125,
66.1269805691,1.9990234375,
66.5377071565,1.99921875,
66.9484337439,1.9994140625,
67.3591603313,1.999609375,
67.7698869187,1.9998046875,
68.1806135061,2.0,
68.5913400934,2.0001953125,
69.0020666808,2.00009765625,
69.4127932682,2.00014648437,
69.8235198556,2.0001953125,
70.234246443,2.00024414062,
70.6449730304,2.00029296875,
71.0556996178,2.00034179687,
71.4664262051,2.000390625,
71.8771527925,2.00043945312,
72.2878793799,2.00048828125,
72.6986059673,2.00053710937,
73.1093325547,2.0005859375,
73.5200591421,2.00063476562,
73.9307857295,2.00068359375,
74.3415123168,2.00073242187,
74.7522389042,2.00078125,
75.1629654916,2.00083007812,
75.573692079,2.00087890625,
75.9844186664,2.00092773437,
76.3951452538,2.0009765625,
76.8058718412,2.00102539063,
77.2165984285,2.00107421875,
77.6273250159,2.00112304688,
78.0380516033,2.001171875,
78.4487781907,2.00122070313,
78.8595047781,2.00126953125,
79.2702313655,2.00131835938,
79.6809579529,2.0013671875,
80.0916845402,2.00141601563,
80.5024111276,2.00146484375,
80.913137715,2.00151367188,
81.3238643024,2.0015625,
81.7345908898,2.00161132813,
82.1453174772,2.00166015625,
82.5560440646,2.00170898438,
82.9667706519,2.0017578125,
83.3774972393,2.00180664063,
83.7882238267,2.00185546875,
84.1989504141,2.00190429688,
84.6096770015,2.001953125,
85.0204035889,2.00200195313,
85.4311301763,2.00205078125,
85.8418567636,2.00209960938,
86.252583351,2.0021484375,
86.6633099384,2.00219726563,
87.0740365258,2.00224609375,
87.4847631132,2.00229492188,
87.8954897006,2.00234375,
88.306216288,2.00239257813,
88.7169428753,2.00244140625,
89.1276694627,2.00249023438,
89.5383960501,2.0025390625,
89.9491226375,2.00258789063,
90.3598492249,2.00263671875,
90.7705758123,2.00268554688,
91.1813023997,2.002734375,
91.5920289871,2.00278320313,
92.0027555744,2.00283203125,
92.4134821618,2.00288085938,
92.8242087492,2.0029296875,
93.2349353366,2.00297851563,
93.645661924,2.00302734375,
94.0563885114,2.00307617188,
94.4671150988,2.003125,
94.8778416861,2.00317382813,
95.2885682735,2.00322265625,
95.6992948609,2.00327148438,
96.1100214483,2.0033203125,
96.5207480357,2.00336914063,
96.9314746231,2.00341796875,
97.3422012105,2.00346679688,
97.7529277978,2.003515625,
98.1636543852,2.00356445313,
98.5743809726,2.00361328125,
98.98510756,2.00366210938,
99.3958341474,2.0037109375,
99.8065607348,2.00375976563,
100.217287322,2.00380859375,
100.62801391,2.00385742188,
101.038740497,2.00390625,
101.449467084,2.00395507813,
101.860193672,2.00400390625,
102.270920259,2.00405273438,
102.681646846,2.0041015625,
103.092373434,2.00415039063,
103.503100021,2.00419921875,
103.913826609,2.00424804688,
104.324553196,2.004296875,
104.735279783,2.00434570313,
105.146006371,2.00439453125,
105.556732958,2.00444335938,
105.967459546,2.0044921875,
106.378186133,2.00454101563,
106.78891272,2.00458984375,
107.199639308,2.00463867188,
107.610365895,2.0046875,
108.021092482,2.00473632813,
108.43181907,2.00478515625,
108.842545657,2.00483398438,
109.253272245,2.0048828125,
109.663998832,2.00493164063,
110.074725419,2.00498046875,
110.485452007,2.00502929688,
110.896178594,2.005078125,
111.306905182,2.00512695313,
111.717631769,2.00517578125,
112.128358356,2.00522460938,
112.539084944,2.0052734375,
112.949811531,2.00532226563,
113.360538119,2.00537109375,
113.771264706,2.00541992188,
114.181991293,2.00546875,
114.592717881,2.00551757813,
115.003444468,2.00556640625,
115.414171055,2.00561523438,
115.824897643,2.0056640625,
116.23562423,2.00571289063,
116.646350818,2.00576171875,
117.057077405,2.00581054688,
117.467803992,2.005859375,
117.87853058,2.00590820313,
118.289257167,2.00588378906,
118.699983755,2.005859375,
119.110710342,2.00583496094,
119.521436929,2.00581054688,
119.932163517,2.00578613281,
120.342890104,2.00576171875,
120.753616691,2.00573730469,
121.164343279,2.00571289063,
121.575069866,2.00568847656,
121.985796454,2.0056640625,
122.396523041,2.00563964844,
122.807249628,2.00561523438,
123.217976216,2.00559082031,
123.628702803,2.00556640625,
124.039429391,2.00554199219,
124.450155978,2.00555419922,
124.860882565,2.00556640625,
125.271609153,2.00557861328,
125.68233574,2.00559082031,
126.093062327,2.00560302734,
126.503788915,2.00561523438,
126.914515502,2.00562744141,
127.32524209,2.00563964844,
127.735968677,2.00565185547,
128.146695264,2.0056640625,
128.557421852,2.00567626953,
128.968148439,2.00568847656,
129.378875027,2.00570068359,
129.789601614,2.00571289063,
130.200328201,2.00572509766,
130.611054789,2.00573730469,
131.021781376,2.00574951172,
131.432507963,2.00576171875,
131.843234551,2.00577392578,
132.253961138,2.00578613281,
132.664687726,2.00579833984,
133.075414313,2.00581054688,
133.4861409,2.00580444336,
133.896867488,2.00579833984,
134.307594075,2.00579223633,
134.718320663,2.00578613281,
135.12904725,2.0057800293,
135.539773837,2.00577392578,
135.950500425,2.00576782227,
136.361227012,2.00576171875,
136.771953599,2.00575561523,
137.182680187,2.00574951172,
137.593406774,2.0057434082,
138.004133362,2.00573730469,
138.414859949,2.00573120117,
138.825586536,2.00572509766,
139.236313124,2.00571899414,
139.647039711,2.00571289063,
140.057766299,2.00570678711,
140.468492886,2.00570068359,
140.879219473,2.00570373535,
141.289946061,2.00570678711,
141.700672648,2.00570983887,
142.111399236,2.00571289063,
142.522125823,2.00571594238,
142.93285241,2.00571899414,
143.343578998,2.0057220459,
143.754305585,2.00572509766,
144.165032172,2.00572814941,
144.57575876,2.00573120117,
144.986485347,2.00573425293,
145.397211935,2.00573730469,
145.807938522,2.00574035645,
146.218665109,2.0057434082,
146.629391697,2.00574645996,
147.040118284,2.00574951172,
147.450844872,2.00575256348,
147.861571459,2.00575561523,
148.272298046,2.00575866699,
148.683024634,2.00575714111,
149.093751221,2.00575561523,
149.504477808,2.00575408936,
149.915204396,2.00575256348,
150.325930983,2.0057510376,
150.736657571,2.00574951172,
151.147384158,2.00574798584,
151.558110745,2.00574645996,
151.968837333,2.00574493408,
152.37956392,2.0057434082,
152.790290508,2.00574188232,
153.201017095,2.00574035645,
153.611743682,2.00573883057,
154.02247027,2.00573730469,
154.433196857,2.00573577881,
154.843923444,2.00573425293,
155.254650032,2.00573272705,
155.665376619,2.00573120117,
156.076103207,2.00572967529,
156.486829794,2.00572814941,
156.897556381,2.00572662354,
157.308282969,2.00572509766,
157.719009556,2.00572357178,
158.129736144,2.0057220459,
158.540462731,2.00572052002,
158.951189318,2.00571899414,
159.361915906,2.00571746826,
159.772642493,2.0057182312,
160.18336908,2.00571899414,
160.594095668,2.00571975708,
161.004822255,2.00572052002,
161.415548843,2.00572128296,
161.82627543,2.00572090149,
162.237002017,2.00572052002,
162.647728605,2.00572013855,
163.058455192,2.00571975708,
163.46918178,2.00571994781,
163.879908367,2.00571985245,
164.290634954,2.00571975708,
164.701361542,2.00571966171,
165.112088129,2.00571956635,
165.522814717,2.00571961403,
165.933541304,2.00571966171,
166.344267891,2.0057197094,
166.754994479,2.00571968555,
167.165721066,2.00571969748,
167.576447653,2.00571969151,
167.987174241,2.00571968555,
168.397900828,2.00571968853,
168.808627416,2.00571969151,
169.219354003,2.0057196945,
169.63008059,2.00571969748,
170.040807178,2.00571969599,
170.451533765,2.00571969673,
170.862260353,2.00571969748,
171.27298694,2.00571969822,
171.683713527,2.00571969785,
172.094440115,2.00571969803,
172.505166702,2.00571969822,
172.915893289,2.00571969813,
173.326619877,2.00571969803,
173.737346464,2.00571969794,
174.148073052,2.00571969799,
174.558799639,1.90571969799,
174.969526226,1.95571969799,
175.380252814,2.00571969799,
175.790979401,2.05571969799,
176.201705989,2.03071969799,
176.612432576,2.00571969799,
177.023159163,1.98071969799,
177.433885751,1.99321969799,
177.844612338,2.00571969799,
178.255338925,2.01821969799,
178.666065513,2.01196969799,
179.0767921,2.00571969799,
179.487518688,1.99946969799,
179.898245275,2.00259469799,
180.308971862,2.00103219799,
180.71969845,2.00181344799,
181.130425037,2.00259469799,
181.541151625,2.00337594799,
181.951878212,2.00415719799,
182.362604799,2.00493844799,
182.773331387,2.00571969799,
183.184057974,2.00650094799,
183.594784561,2.00611032299,
184.005511149,2.00571969799,
184.416237736,2.00532907299,
184.826964324,2.00552438549,
185.237690911,2.00571969799,
185.648417498,2.00591501049,
186.059144086,2.00581735424,
186.469870673,2.00571969799,
186.880597261,2.00562204174,
187.291323848,2.00567086986,
187.702050435,2.00571969799,
188.112777023,2.00569528393,
188.52350361,2.00570749096,
188.934230198,2.00571969799,
189.344956785,2.00571359447,
189.755683372,2.00570749096,
190.16640996,2.00570138744,
190.577136547,2.00569528393,
190.987863134,2.00569833568,
191.398589722,2.0056968098,
191.809316309,2.00569528393,
192.220042897,2.00569375805,
192.630769484,2.00569452099,
193.041496071,2.00569528393,
193.452222659,2.00569490246,
193.862949246,2.00569452099,
194.273675834,2.00569471172,
194.684402421,2.00569490246,
195.095129008,2.00569509319,
195.505855596,2.00569499782,
195.916582183,2.00569490246,
196.32730877,2.00569480709,
196.738035358,2.00569471172,
197.148761945,2.0056947594,
197.559488533,2.00569480709,
197.97021512,2.00569485477,
198.380941707,2.00569483093,
198.791668295,2.00569480709,
199.202394882,2.00569481901,
199.61312147,2.00569483093,
200.023848057,2.00569482497,
200.434574644,2.00569481901,
200.845301232,2.00569481305,
201.256027819,2.00569481603,
201.666754406,2.00569481901,
202.077480994,2.00569482199,
202.488207581,2.0056948205,
202.898934169,2.00569481901,
203.309660756,2.00569481975,
203.720387343,2.0056948205,
204.131113931,2.00569482124,
204.541840518,2.00569482087,
204.952567106,2.0056948205,
