Coordinates:
0.0,0.714285714286,1.42857142857,2.14285714286,2.85714285714,3.57142857143,4.28571428571,5.0,5.71428571429,6.42857142857,7.14285714286,7.85714285714,8.57142857143,9.28571428571,10.0,
Volumes:
0.357142857143,0.714285714286,0.714285714286,0.714285714286,0.714285714286,0.714285714286,0.714285714286,0.714285714286,0.714285714286,0.714285714286,0.714285714286,0.714285714286,0.714285714286,0.714285714286,0.357142857143,

 Time(s), delta (-) on vertices
7.66096613244,1.0,
15.3219322649,1.0,
22.9828983973,1.2,
30.6438645298,1.4,
38.3048306622,1.3,
45.9657967946,1.2,
53.6267629271,1.1,
61.2877290595,1.0,
68.948695192,1.05,
76.6096613244,1.1,
84.2706274568,1.15,
91.9315935893,1.125,
99.5925597217,1.1,
107.253525854,1.075,
114.914491987,1.0875,
122.575458119,1.1,
130.236424251,1.09375,
137.897390384,1.0875,
145.558356516,1.08125,
153.219322649,1.075,
160.880288781,1.06875,
168.541254914,1.0625,
176.202221046,1.05625,
183.863187179,1.05,
191.524153311,1.053125,
199.185119443,1.05625,
206.846085576,1.059375,
214.507051708,1.0625,
222.168017841,1.065625,
229.828983973,1.0640625,
237.489950106,1.0625,
245.150916238,1.0609375,
252.811882371,1.059375,
260.472848503,1.0578125,
268.133814635,1.05625,
275.794780768,1.0546875,
283.4557469,1.053125,
291.116713033,1.0515625,
298.777679165,1.05,
306.438645298,1.0484375,
314.09961143,1.046875,
321.760577563,1.0453125,
329.421543695,1.04375,
337.082509827,1.0421875,
344.74347596,1.040625,
352.404442092,1.0390625,
360.065408225,1.0375,
367.726374357,1.0359375,
375.38734049,1.034375,
383.048306622,1.0328125,
390.709272754,1.03125,
398.370238887,1.03203125,
406.031205019,1.0328125,
413.692171152,1.03359375,
421.353137284,1.034375,
429.014103417,1.03515625,
436.675069549,1.0359375,
444.336035682,1.03671875,
451.997001814,1.0375,
459.657967946,1.03828125,
467.318934079,1.0390625,
474.979900211,1.03984375,
482.640866344,1.040625,
490.301832476,1.04140625,
497.962798609,1.0421875,
505.623764741,1.04296875,
513.284730874,1.042578125,
520.945697006,1.0421875,
528.606663138,1.041796875,
536.267629271,1.04140625,
543.928595403,1.041015625,
551.589561536,1.040625,
559.250527668,1.040234375,
566.911493801,1.0404296875,
574.572459933,1.04033203125,
582.233426065,1.040234375,
589.894392198,1.04013671875,
597.55535833,1.0400390625,
605.216324463,1.03994140625,
612.877290595,1.03984375,
620.538256728,1.03974609375,
628.19922286,1.0396484375,
635.860188993,1.03955078125,
643.521155125,1.039453125,
651.182121257,1.03935546875,
658.84308739,1.0392578125,
666.504053522,1.03916015625,
674.165019655,1.0390625,
681.825985787,1.03896484375,
689.48695192,1.0388671875,
697.147918052,1.03876953125,
704.808884185,1.038671875,
712.469850317,1.03857421875,
720.130816449,1.0384765625,
727.791782582,1.03837890625,
735.452748714,1.03828125,
743.113714847,1.03818359375,
750.774680979,1.0380859375,
758.435647112,1.03798828125,
766.096613244,1.037890625,
773.757579377,1.03779296875,
781.418545509,1.0376953125,
789.079511641,1.03759765625,
796.740477774,1.0375,
804.401443906,1.03740234375,
812.062410039,1.0373046875,
819.723376171,1.03720703125,
827.384342304,1.037109375,
835.045308436,1.03701171875,
842.706274568,1.0369140625,
850.367240701,1.03681640625,
858.028206833,1.03671875,
865.689172966,1.03662109375,
873.350139098,1.0365234375,
881.011105231,1.03642578125,
888.672071363,1.036328125,
896.333037496,1.03623046875,
903.994003628,1.0361328125,
911.65496976,1.03603515625,
919.315935893,1.0359375,
926.976902025,1.03583984375,
934.637868158,1.0357421875,
942.29883429,1.03564453125,
949.959800423,1.035546875,
957.620766555,1.03544921875,
965.281732688,1.0353515625,
972.94269882,1.03525390625,
980.603664952,1.03515625,
988.264631085,1.03505859375,
995.925597217,1.0349609375,
1003.58656335,1.03486328125,
1011.24752948,1.034765625,
1018.90849561,1.03466796875,
1026.56946175,1.0345703125,
1034.23042788,1.03447265625,
1041.89139401,1.034375,
1049.55236014,1.03427734375,
1057.21332628,1.0341796875,
1064.87429241,1.03408203125,
1072.53525854,1.033984375,
1080.19622467,1.03388671875,
1087.85719081,1.0337890625,
1095.51815694,1.03369140625,
1103.17912307,1.03359375,
1110.8400892,1.03349609375,
1118.50105534,1.0333984375,
1126.16202147,1.03330078125,
1133.8229876,1.033203125,
1141.48395373,1.03310546875,
1149.14491987,1.0330078125,
1156.805886,1.03291015625,
1164.46685213,1.0328125,
1172.12781826,1.03271484375,
1179.7887844,1.0326171875,
1187.44975053,1.03251953125,
1195.11071666,1.032421875,
1202.77168279,1.03232421875,
1210.43264893,1.0322265625,
1218.09361506,1.03212890625,
1225.75458119,1.03203125,
1233.41554732,1.03193359375,
1241.07651346,1.0318359375,
1248.73747959,1.03173828125,
1256.39844572,1.031640625,
1264.05941185,1.03154296875,
1271.72037799,1.0314453125,
1279.38134412,1.03134765625,
1287.04231025,1.03125,
1294.70327638,1.03115234375,
1302.36424251,1.0310546875,
1310.02520865,1.03095703125,
1317.68617478,1.030859375,
1325.34714091,1.03076171875,
1333.00810704,1.0306640625,
1340.66907318,1.03056640625,
1348.33003931,1.03046875,
1355.99100544,1.03037109375,
1363.65197157,1.0302734375,
1371.31293771,1.03017578125,
1378.97390384,1.030078125,
1386.63486997,1.02998046875,
1394.2958361,1.0298828125,
1401.95680224,1.02978515625,
1409.61776837,1.0296875,
1417.2787345,1.02958984375,
1424.93970063,1.0294921875,
1432.60066677,1.02939453125,
1440.2616329,1.029296875,
1447.92259903,1.02919921875,
1455.58356516,1.0291015625,
1463.2445313,1.02900390625,
1470.90549743,1.02890625,
1478.56646356,1.02880859375,
1486.22742969,1.0287109375,
1493.88839583,1.02861328125,
1501.54936196,1.028515625,
1509.21032809,1.02841796875,
1516.87129422,1.0283203125,
1524.53226036,1.02822265625,
1532.19322649,1.028125,
1539.85419262,1.02802734375,
1547.51515875,1.0279296875,
1555.17612489,1.02797851563,
1562.83709102,1.02802734375,
1570.49805715,1.02807617188,
1578.15902328,1.028125,
1585.81998942,1.02817382813,
1593.48095555,1.02822265625,
1601.14192168,1.02827148438,
1608.80288781,1.0283203125,
1616.46385394,1.02836914063,
1624.12482008,1.02841796875,
1631.78578621,1.02846679688,
1639.44675234,1.028515625,
1647.10771847,1.02856445313,
1654.76868461,1.02861328125,
1662.42965074,1.02866210938,
1670.09061687,1.0287109375,
1677.751583,1.02875976563,
1685.41254914,1.02880859375,
1693.07351527,1.02885742188,
1700.7344814,1.02890625,
1708.39544753,1.02895507813,
1716.05641367,1.02900390625,
1723.7173798,1.02905273438,
1731.37834593,1.02902832031,
1739.03931206,1.02904052734,
1746.7002782,1.02905273438,
1754.36124433,1.02906494141,
1762.02221046,1.02907714844,
1769.68317659,1.02908935547,
1777.34414273,1.0291015625,
1785.00510886,1.02911376953,
1792.66607499,1.02912597656,
1800.32704112,1.02913818359,
1807.98800726,1.02915039063,
1815.64897339,1.02916259766,
1823.30993952,1.02917480469,
1830.97090565,1.02918701172,
1838.63187179,1.02919921875,
1846.29283792,1.02921142578,
1853.95380405,1.02922363281,
1861.61477018,1.02923583984,
1869.27573632,1.02924804688,
1876.93670245,1.02926025391,
1884.59766858,1.02927246094,
1892.25863471,1.02928466797,
1899.91960085,1.029296875,
1907.58056698,1.02930908203,
1915.24153311,1.02932128906,
1922.90249924,1.02933349609,
1930.56346538,1.02934570313,
1938.22443151,1.02935791016,
1945.88539764,1.02937011719,
1953.54636377,1.02938232422,
1961.2073299,1.02939453125,
1968.86829604,1.02940673828,
1976.52926217,1.02941894531,
1984.1902283,1.02943115234,
1991.85119443,1.02944335938,
1999.51216057,1.02945556641,
2007.1731267,1.02946777344,
2014.83409283,1.02947998047,
2022.49505896,1.0294921875,
2030.1560251,1.02950439453,
2037.81699123,1.02951660156,
2045.47795736,1.02952880859,
2053.13892349,1.02954101563,
2060.79988963,1.02955322266,
2068.46085576,1.02956542969,
2076.12182189,1.02957763672,
2083.78278802,1.02958984375,
2091.44375416,1.02960205078,
2099.10472029,1.02961425781,
2106.76568642,1.02962646484,
2114.42665255,1.02963867188,
2122.08761869,1.02965087891,
2129.74858482,1.02966308594,
2137.40955095,1.02967529297,
2145.07051708,1.0296875,
2152.73148322,1.02969970703,
2160.39244935,1.02971191406,
2168.05341548,1.02972412109,
2175.71438161,1.02973632813,
2183.37534775,1.02974853516,
2191.03631388,1.02976074219,
2198.69728001,1.02977294922,
2206.35824614,1.02978515625,
2214.01921228,1.02979736328,
2221.68017841,1.02980957031,
2229.34114454,1.02982177734,
2237.00211067,1.02983398438,
2244.66307681,1.02984619141,
2252.32404294,1.02985839844,
2259.98500907,1.02987060547,
2267.6459752,1.0298828125,
2275.30694133,1.02989501953,
2282.96790747,1.02990722656,
2290.6288736,1.02991943359,
2298.28983973,1.02993164063,
2305.95080586,1.02994384766,
2313.611772,1.02995605469,
2321.27273813,1.02996826172,
2328.93370426,1.02998046875,
2336.59467039,1.02999267578,
2344.25563653,1.03000488281,
2351.91660266,1.03001708984,
2359.57756879,1.03002929688,
2367.23853492,1.03004150391,
2374.89950106,1.03005371094,
2382.56046719,1.03006591797,
2390.22143332,1.030078125,
2397.88239945,1.03009033203,
2405.54336559,1.03010253906,
2413.20433172,1.03011474609,
2420.86529785,1.03012695313,
2428.52626398,1.03013916016,
2436.18723012,1.03013305664,
2443.84819625,1.03012695313,
2451.50916238,1.03012084961,
2459.17012851,1.03011474609,
2466.83109465,1.03010864258,
2474.49206078,1.03010253906,
2482.15302691,1.03009643555,
2489.81399304,1.03009033203,
2497.47495918,1.03008422852,
2505.13592531,1.030078125,
2512.79689144,1.03007202148,
2520.45785757,1.03006591797,
2528.11882371,1.03005981445,
2535.77978984,1.03005371094,
2543.44075597,1.03004760742,
2551.1017221,1.03004150391,
2558.76268824,1.03004455566,
2566.42365437,1.03004760742,
2574.0846205,1.03005065918,
2581.74558663,1.03005371094,
2589.40655276,1.0300567627,
2597.0675189,1.03005981445,
2604.72848503,1.03006286621,
2612.38945116,1.03006591797,
2620.05041729,1.03006896973,
2627.71138343,1.03007202148,
2635.37234956,1.03007507324,
2643.03331569,1.030078125,
2650.69428182,1.03008117676,
2658.35524796,1.03008422852,
2666.01621409,1.03008728027,
2673.67718022,1.03009033203,
2681.33814635,1.03009338379,
2688.99911249,1.03009643555,
2696.66007862,1.0300994873,
2704.32104475,1.03010253906,
2711.98201088,1.03010559082,
2719.64297702,1.03010864258,
2727.30394315,1.03011169434,
2734.96490928,1.03011016846,
2742.62587541,1.03010864258,
2750.28684155,1.0301071167,
2757.94780768,1.03010559082,
2765.60877381,1.03010406494,
2773.26973994,1.03010253906,
2780.93070608,1.03010101318,
2788.59167221,1.0300994873,
2796.25263834,1.03009796143,
2803.91360447,1.03009643555,
2811.57457061,1.03009490967,
2819.23553674,1.03009338379,
2826.89650287,1.03009185791,
2834.557469,1.03009033203,
2842.21843514,1.03008880615,
2849.87940127,1.03008728027,
2857.5403674,1.03008575439,
2865.20133353,1.03008422852,
2872.86229967,1.03008270264,
2880.5232658,1.03008117676,
2888.18423193,1.03007965088,
2895.84519806,1.030078125,
2903.5061642,1.03007659912,
2911.16713033,1.03007507324,
2918.82809646,1.03007354736,
2926.48906259,1.03007202148,
2934.15002872,1.03007049561,
2941.81099486,1.03006896973,
2949.47196099,1.03006744385,
2957.13292712,1.03006820679,
2964.79389325,1.03006896973,
2972.45485939,1.03006973267,
2980.11582552,1.03007049561,
2987.77679165,1.03007125854,
2995.43775778,1.03007202148,
3003.09872392,1.03007278442,
3010.75969005,1.03007354736,
3018.42065618,1.0300743103,
3026.08162231,1.03007507324,
3033.74258845,1.03007583618,
3041.40355458,1.03007659912,
3049.06452071,1.03007736206,
3056.72548684,1.030078125,
3064.38645298,1.03007888794,
3072.04741911,1.03007965088,
3079.70838524,1.03008041382,
3087.36935137,1.03008117676,
3095.03031751,1.0300819397,
3102.69128364,1.03008270264,
3110.35224977,1.03008346558,
3118.0132159,1.03008422852,
3125.67418204,1.03008499146,
3133.33514817,1.03008575439,
3140.9961143,1.03008651733,
3148.65708043,1.03008728027,
3156.31804657,1.03008804321,
3163.9790127,1.03008880615,
3171.63997883,1.03008956909,
3179.30094496,1.03009033203,
3186.9619111,1.03009109497,
3194.62287723,1.03009185791,
3202.28384336,1.03009262085,
3209.94480949,1.03009338379,
3217.60577563,1.03009300232,
3225.26674176,1.03009262085,
3232.92770789,1.03009223938,
3240.58867402,1.03009185791,
3248.24964015,1.03009147644,
3255.91060629,1.03009109497,
3263.57157242,1.0300907135,
3271.23253855,1.03009090424,
3278.89350468,1.03009109497,
3286.55447082,1.03009128571,
3294.21543695,1.03009147644,
3301.87640308,1.03009138107,
3309.53736921,1.03009128571,
3317.19833535,1.03009133339,
3324.85930148,1.03009130955,
3332.52026761,1.03009128571,
3340.18123374,1.03009126186,
3347.84219988,1.03009123802,
3355.50316601,1.03009121418,
3363.16413214,1.0300912261,
3370.82509827,1.03009123802,
3378.48606441,1.03009123206,
3386.14703054,1.0300912261,
3393.80799667,1.03009122014,
3401.4689628,1.03009122312,
3409.12992894,1.03009122163,
3416.79089507,1.03009122014,
3424.4518612,1.03009122089,
3432.11282733,1.03009122163,
3439.77379347,1.03009122126,
3447.4347596,1.03009122089,
3455.09572573,1.03009122107,
3462.75669186,1.03009122126,
3470.417658,1.03009122144,
3478.07862413,1.03009122163,
3485.73959026,1.03009122182,
3493.40055639,1.03009122172,
3501.06152253,1.03009122177,
3508.72248866,1.03009122182,
3516.38345479,1.03009122186,
3524.04442092,1.03009122184,
3531.70538706,1.03009122182,
3539.36635319,1.03009122179,
3547.02731932,0.930091221794,
3554.68828545,0.980091221794,
3562.34925158,1.03009122179,
3570.01021772,1.08009122179,
3577.67118385,1.05509122179,
3585.33214998,1.03009122179,
3592.99311611,1.00509122179,
3600.65408225,1.01759122179,
3608.31504838,1.03009122179,
3615.97601451,1.04259122179,
3623.63698064,1.03634122179,
3631.29794678,1.03009122179,
3638.95891291,1.02384122179,
3646.61987904,1.02696622179,
3654.28084517,1.03009122179,
3661.94181131,1.03321622179,
3669.60277744,1.03165372179,
3677.26374357,1.03009122179,
3684.9247097,1.02852872179,
3692.58567584,1.02930997179,
3700.24664197,1.02891934679,
3707.9076081,1.02852872179,
3715.56857423,1.02872403429,
3723.22954037,1.02891934679,
3730.8905065,1.02911465929,
3738.55147263,1.02901700304,
3746.21243876,1.02906583117,
3753.8734049,1.02911465929,
3761.53437103,1.02916348742,
3769.19533716,1.02921231554,
3776.85630329,1.02926114367,
3784.51726943,1.02930997179,
3792.17823556,1.02935879992,
3799.83920169,1.02940762804,
3807.50016782,1.02945645617,
3815.16113396,1.02950528429,
3822.82210009,1.02955411242,
3830.48306622,1.02960294054,
