Coordinates:
0.0,0.714285714286,1.42857142857,2.14285714286,2.85714285714,3.57142857143,4.28571428571,5.0,5.71428571429,6.42857142857,7.14285714286,7.85714285714,8.57142857143,9.28571428571,10.0,
Volumes:
0.357142857143,0.714285714286,0.714285714286,0.714285714286,0.714285714286,0.714285714286,0.714285714286,0.714285714286,0.714285714286,0.714285714286,0.714285714286,0.714285714286,0.714285714286,0.714285714286,0.357142857143,

 Time(s), Error (-) on vertices
7.66096613244,0.0,286195.784989,12097.637805,1738.68109171,444.812236713,130.771339928,41.0571382414,13.4096406724,4.49679955504,1.53665826588,0.532583167124,0.186622603305,0.0659702878864,0.0234877967287,0.0084124623277,0.00302823222698,0.00109477561688,0.000397263834483,0.000144626052577,5.28031139494e-05,1.93276091666e-05,7.09062159287e-06,2.6066310737e-06,9.60012141961e-07,
15.3219322649,1.0,0.222210259036,0.0616621656107,0.0188082193236,0.00603965582503,0.00200313815587,0.000679275562113,0.000234102646324,8.16798222747e-05,2.87759880641e-05,1.0217418998e-05,3.65132112827e-06,1.31190962743e-06,4.73534494799e-07,
22.9828983973,1.0,0.161955592257,0.0353191725867,0.00891822461908,0.00245272223903,0.000713542404247,0.000216033609615,6.73896797863e-05,2.1515427837e-05,6.99806085718e-06,2.31107585531e-06,7.72970222898e-07,
30.6438645298,1.0,0.0883332468475,0.0115770991496,0.00185599507866,0.000351902623094,7.61351754082e-05,1.80129863014e-05,4.51389557315e-06,1.17603058382e-06,3.15290591919e-07,
38.3048306622,1.0,0.216884681943,0.0575134322352,0.0164060110938,0.0048743051392,0.00148724275422,0.000462676196359,0.000146176537042,4.6787586226e-05,1.51446802387e-05,4.94978232031e-06,1.6310426621e-06,5.41115300895e-07,
45.9657967946,1.0,0.160320274499,0.0313914452494,0.00660124032343,0.00144456509515,0.000324640239679,7.44533709236e-05,1.73649445565e-05,4.10826279139e-06,9.83607856752e-07,
53.6267629271,1.0,0.0971490132653,0.0119580771433,0.0015937819404,0.000222261812918,3.20933218509e-05,4.78274930845e-06,7.35790225629e-07,
61.2877290595,1.0,0.0435445469411,0.00341152462942,0.000406206834295,6.1686628973e-05,1.06934699021e-05,2.025853916e-06,4.10297124295e-07,
68.948695192,1.0,0.0759026495021,0.00805664593434,0.00108155762617,0.000170241249474,3.00256835884e-05,5.77037648246e-06,1.18625621992e-06,2.57536162336e-07,
76.6096613244,1.0,0.0395552375584,0.00343620736881,0.000403405929714,5.66683498798e-05,9.024462566e-06,1.57792923775e-06,2.96780982919e-07,
84.2706274568,1.0,0.0404156097923,0.00231206521569,0.00017633037475,1.87844262251e-05,2.57140613384e-06,4.05627386815e-07,
91.9315935893,1.0,0.0767718824437,0.00698256482873,0.000678587881145,6.91148450066e-05,7.29236222342e-06,7.8888736248e-07,
99.5925597217,1.0,0.0592717434751,0.00426697823739,0.000332787005844,2.76106855742e-05,2.40351046547e-06,2.2169248189e-07,
107.253525854,1.0,0.0421093557182,0.00226713206332,0.000140308444902,1.00583401599e-05,9.14910242726e-07,
114.914491987,1.0,0.0274483228454,0.00119656514394,8.13106468383e-05,7.79973555485e-06,9.28919565081e-07,
122.575458119,1.0,0.0348396754571,0.00159129753157,8.7482432632e-05,5.84770871877e-06,5.36607895667e-07,
130.236424251,1.0,0.0446619605567,0.00243746950906,0.00014748370339,9.46068165538e-06,6.43528402453e-07,
137.897390384,1.0,0.0406515798373,0.00204246961358,0.000114762104862,6.83723660729e-06,4.40802623304e-07,
145.558356516,1.0,0.0365748039041,0.00168232279561,8.72857202582e-05,4.84276364195e-06,3.04039548833e-07,
153.219322649,1.0,0.0324782201629,0.00136094917907,6.48390377066e-05,3.40992763502e-06,2.20961185371e-07,
160.880288781,1.0,0.028423005289,0.00108216810928,4.72578034035e-05,2.4729320357e-06,1.78086264783e-07,
168.541254914,1.0,0.0244986713279,0.000850242429503,3.45436178257e-05,1.95108351678e-06,1.60021048746e-07,
176.202221046,1.0,0.0208484620327,0.000670567325981,2.68822491626e-05,1.72901798067e-06,1.53903578309e-07,
183.863187179,1.0,0.01771264172,0.000549696864471,2.4112202587e-05,1.68509619399e-06,1.52936905283e-07,
191.524153311,1.0,0.0154765649866,0.000492272253385,2.49348654196e-05,1.74605405163e-06,1.5514913023e-07,
199.185119443,1.0,0.0163203519263,0.000471307882118,2.01158759582e-05,1.30307492102e-06,1.12316309281e-07,
206.846085576,1.0,0.0178604826117,0.000498516474021,1.76186274974e-05,9.86686096658e-07,
214.507051708,1.0,0.019916996745,0.000569577428183,1.80006768604e-05,8.02017432003e-07,
222.168017841,1.0,0.0223333911507,0.00067613052326,2.13164265815e-05,7.83066330904e-07,
229.828983973,1.0,0.0249946019764,0.000811138198211,2.70774246632e-05,9.47636675746e-07,
237.489950106,1.0,0.0241560893904,0.000755902873512,2.42046367129e-05,8.13509853021e-07,
245.150916238,1.0,0.0233040720686,0.000701137382898,2.15140733224e-05,6.95483168228e-07,
252.811882371,1.0,0.0224390027698,0.000647033405861,1.9011254312e-05,5.92935211861e-07,
260.472848503,1.0,0.0215614317426,0.00059379501753,1.6700908445e-05,5.05239735557e-07,
268.133814635,1.0,0.0206720787909,0.000541638847555,1.45868306548e-05,4.31733565835e-07,
275.794780768,1.0,0.0197719091469,0.000490795587214,1.26717670134e-05,3.7165468287e-07,
283.4557469,1.0,0.0188622166244,0.00044151344972,1.09573000031e-05,3.24052922784e-07,
291.116713033,1.0,0.017944719199,0.000394064591813,9.4436912873e-06,2.87685411587e-07,
298.777679165,1.0,0.0170216742481,0.000348756122067,8.12962443206e-06,2.60960113632e-07,
306.438645298,1.0,0.0160960233215,0.000305948230954,7.01178038239e-06,2.41996151618e-07,
314.09961143,1.0,0.0151715796892,0.000266083048608,6.08420518665e-06,2.28817521424e-07,
321.760577563,1.0,0.014253275956,0.000229728190486,5.33756307916e-06,2.1959976459e-07,
329.421543695,1.0,0.0133474931535,0.000197634754077,4.75862356912e-06,2.12857805222e-07,
337.082509827,1.0,0.0124624948998,0.000170789444474,4.33060566142e-06,2.07518493213e-07,
344.74347596,1.0,0.0116089851368,0.000150383553786,4.0349156875e-06,2.02900198563e-07,
352.404442092,1.0,0.0108007835505,0.000137539058486,3.85408664063e-06,1.98647904627e-07,
360.065408225,1.0,0.0100555454224,0.000132710083865,3.77473758993e-06,1.94665163593e-07,
367.726374357,1.0,0.00939530635804,0.000135156598672,3.78906656379e-06,1.91060542087e-07,
375.38734049,1.0,0.00884638175842,0.000143144189707,3.89414653132e-06,1.88114879622e-07,
383.048306622,1.0,0.00843787038559,0.000154719325157,4.08953543488e-06,1.86261609409e-07,
390.709272754,1.0,0.00819803379199,0.00016830695534,4.37454302471e-06,1.86067805776e-07,
398.370238887,1.0,0.00814871433403,0.000182871540064,4.74642627685e-06,1.88200577652e-07,
406.031205019,1.0,0.00775642263529,0.000165649793531,4.15629976569e-06,1.61449009135e-07,
413.692171152,1.0,0.00746761331012,0.000149797757124,3.63055610909e-06,1.38300879473e-07,
421.353137284,1.0,0.00729065200747,0.000135328230337,3.16306788144e-06,1.18301692366e-07,
429.014103417,1.0,0.00722996826599,0.00012231964681,2.74843724568e-06,1.01050699818e-07,
436.675069549,1.0,0.0072848987551,0.000110938650229,2.38213287888e-06,8.61957377627e-08,
444.336035682,1.0,0.00744958222018,0.00010146083667,2.06079422413e-06,7.34281721613e-08,
451.997001814,1.0,0.00771398109027,9.4273952111e-05,1.78279464149e-06,6.24794457655e-08,
459.657967946,1.0,0.00806558421708,8.98353131143e-05,1.54915422402e-06,5.31212332918e-08,
467.318934079,1.0,0.00849114874406,8.85601788286e-05,1.36473750319e-06,4.51682523911e-08,
474.979900211,1.0,0.00897802362084,9.06701404657e-05,1.23903779269e-06,3.84902585144e-08,
482.640866344,1.0,0.00951491681874,9.61011104386e-05,1.18460543656e-06,3.30321929787e-08,
490.301832476,1.0,0.0100921938437,0.000104546950908,1.21135954878e-06,2.88475894707e-08,
497.962798609,1.0,0.0107018720103,0.00011559316372,1.32026687573e-06,2.6124702434e-08,
505.623764741,1.0,0.0113374575118,0.000128837890721,1.50364184059e-06,2.51560575113e-08,
513.284730874,1.0,0.0119937244385,0.000143951733965,1.75120423484e-06,2.6190663164e-08,
520.945697006,1.0,0.011660508205,0.000136075624162,1.60933805185e-06,2.35932212364e-08,
528.606663138,1.0,0.0113245699261,0.000128442937497,1.47744808936e-06,2.12590235743e-08,
536.267629271,1.0,0.0109861592787,0.000121060923229,1.35552566927e-06,1.91798176907e-08,
543.928595403,1.0,0.0106455114975,0.000113936720496,1.24357469218e-06,1.7347881925e-08,
551.589561536,1.0,0.0103028485232,0.000107077438952,1.14161515265e-06,1.5756198887e-08,
559.250527668,1.0,0.00995838022831,0.000100490214751,1.04966875821e-06,1.43990132657e-08,
566.911493801,1.0,0.00961230573104,9.41822863129e-05,9.67751717219e-07,
574.572459933,1.0,0.00976957169699,9.68236996324e-05,9.93557429939e-07,
582.233426065,1.0,0.00967497341132,9.50098277939e-05,9.66616014959e-07,
589.894392198,1.0,0.00958028828606,9.32095795327e-05,9.40340357932e-07,
597.55535833,1.0,0.00948554382021,9.14234457803e-05,9.14685389121e-07,
605.216324463,1.0,0.00939076434912,8.96518844958e-05,8.89615542102e-07,
612.877290595,1.0,0.0092959713116,8.78953243909e-05,8.6510147664e-07,
620.538256728,1.0,0.00920118350108,8.61541549854e-05,8.41116955621e-07,
628.19922286,1.0,0.00910641730397,8.44287389901e-05,8.17642322327e-07,
635.860188993,1.0,0.00901168692034,8.27194038772e-05,7.94662645415e-07,
643.521155125,1.0,0.00891700456736,8.10264444983e-05,7.7216276435e-07,
651.182121257,1.0,0.00882238067788,7.9350129457e-05,7.50130325759e-07,
658.84308739,1.0,0.00872782407094,7.76906965038e-05,7.28555621078e-07,
666.504053522,1.0,0.00863334211755,7.60483607256e-05,7.07430965866e-07,
674.165019655,1.0,0.00853894088996,7.44233091344e-05,6.86748948187e-07,
681.825985787,1.0,0.00844462530273,7.28157069698e-05,6.66501324301e-07,
689.48695192,1.0,0.00835039923405,7.12257002015e-05,6.46684444957e-07,
697.147918052,1.0,0.00825626564677,6.9653414557e-05,6.27291755494e-07,
704.808884185,1.0,0.00816222668641,6.80989555783e-05,6.08318235272e-07,
712.469850317,1.0,0.00806828378378,6.65624166975e-05,5.8975994357e-07,
720.130816449,1.0,0.0079744377384,6.504387518e-05,5.7161240026e-07,
727.791782582,1.0,0.00788068879748,6.35433931397e-05,5.53870134471e-07,
735.452748714,1.0,0.00778703672532,6.20610229658e-05,5.36530595864e-07,
743.113714847,1.0,0.0076934808725,6.05968040437e-05,5.19588485295e-07,
750.774680979,1.0,0.00760002022917,5.91507693948e-05,5.03040470177e-07,
758.435647112,1.0,0.00750665347684,5.77229394605e-05,4.86882922651e-07,
766.096613244,1.0,0.00741337904026,5.63133300581e-05,4.71109847325e-07,
773.757579377,1.0,0.0073201951237,5.49219477824e-05,4.55719608802e-07,
781.418545509,1.0,0.00722709974884,5.35487942553e-05,4.4070643634e-07,
789.079511641,1.0,0.00713409079434,5.21938669507e-05,4.26067484552e-07,
796.740477774,1.0,0.00704116601283,5.08571547395e-05,4.11797593677e-07,
804.401443906,1.0,0.00694832307287,4.95386475656e-05,3.97893318614e-07,
812.062410039,1.0,0.00685555956825,4.82383281086e-05,3.84349981794e-07,
819.723376171,1.0,0.00676287304979,4.69561776154e-05,3.71163882796e-07,
827.384342304,1.0,0.00667026103098,4.56921737464e-05,3.58330995434e-07,
835.045308436,1.0,0.0065777210159,4.44462913143e-05,3.45845793845e-07,
842.706274568,1.0,0.00648525050803,4.32185081493e-05,3.33705479806e-07,
850.367240701,1.0,0.00639284701569,4.20087921879e-05,3.21903854176e-07,
858.028206833,1.0,0.00630050807549,4.08171212408e-05,3.10438564245e-07,
865.689172966,1.0,0.00620823125053,3.96434615808e-05,2.99303762943e-07,
873.350139098,1.0,0.00611601413816,3.84877826914e-05,2.88494952249e-07,
881.011105231,1.0,0.00602385438713,3.7350059287e-05,2.7800822674e-07,
888.672071363,1.0,0.0059317496885,3.62302572537e-05,2.67839177778e-07,
896.333037496,1.0,0.00583969778875,3.51283467263e-05,2.57982707656e-07,
903.994003628,1.0,0.00574769649155,3.40442985498e-05,2.48434920965e-07,
911.65496976,1.0,0.00565574365915,3.29780813109e-05,2.39189125645e-07,
919.315935893,1.0,0.00556383721669,3.19296685433e-05,2.30243043677e-07,
926.976902025,1.0,0.00547197515001,3.08990285533e-05,2.21590122382e-07,
934.637868158,1.0,0.00538015551352,2.98861363891e-05,2.13227906438e-07,
942.29883429,1.0,0.00528837642111,2.88909592833e-05,2.05148092747e-07,
949.959800423,1.0,0.00519663605639,2.79134758732e-05,1.97348171423e-07,
957.620766555,1.0,0.00510493266813,2.69536603431e-05,1.89823178473e-07,
965.281732688,1.0,0.0050132645627,2.60114869781e-05,1.82567480658e-07,
972.94269882,1.0,0.00492163012068,2.50869321514e-05,1.75575883518e-07,
980.603664952,1.0,0.00483002777932,2.4179976984e-05,1.68843726166e-07,
988.264631085,1.0,0.00473845604037,2.32905973141e-05,1.62364646817e-07,
995.925597217,1.0,0.00464691346554,2.24187770073e-05,1.56134294349e-07,
1003.58656335,1.0,0.00455539867858,2.15644972693e-05,1.50146811893e-07,
1011.24752948,1.0,0.00446391036119,2.07277433836e-05,1.44397105183e-07,
1018.90849561,1.0,0.00437244724963,1.99084998687e-05,1.38879576972e-07,
1026.56946175,1.0,0.00428100814272,1.91067548291e-05,1.33587213953e-07,
1034.23042788,1.0,0.00418959188434,1.83224979391e-05,1.28516530528e-07,
1041.89139401,1.0,0.00409819738155,1.75557211884e-05,1.23660045429e-07,
1049.55236014,1.0,0.00400682358496,1.68064197627e-05,1.19012426578e-07,
1057.21332628,1.0,0.00391546949921,1.60745896311e-05,1.14566885616e-07,
1064.87429241,1.0,0.00382413417676,1.53602280692e-05,1.10318122612e-07,
1072.53525854,1.0,0.00373281671887,1.46633403761e-05,1.06258603502e-07,
1080.19622467,1.0,0.00364151627007,1.39839253095e-05,1.02381843129e-07,
1087.85719081,1.0,0.00355023202179,1.33219979613e-05,9.86829546578e-08,
1095.51815694,1.0,0.00345896321154,1.26775689344e-05,9.51545496895e-08,
1103.17912307,1.0,0.00336770911129,1.20506506593e-05,9.17896363419e-08,
1110.8400892,1.0,0.00327646904776,1.14412678847e-05,8.85815694217e-08,
1118.50105534,1.0,0.00318524237562,1.08494412832e-05,8.55238734196e-08,
1126.16202147,1.0,0.00309402850154,1.02752050388e-05,8.26096685995e-08,
1133.8229876,1.0,0.00300282686499,9.718593797e-06,7.98322005744e-08,
1141.48395373,1.0,0.0029116369477,9.17965282081e-06,7.71850263472e-08,
1149.14491987,1.0,0.00282045827564,8.65843019315e-06,7.46608449679e-08,
1156.805886,1.0,0.00272929040855,8.15498390964e-06,7.22534805512e-08,
1164.46685213,1.0,0.00263813295385,7.66938592538e-06,6.99566584466e-08,
1172.12781826,1.0,0.00254698556063,7.20170756671e-06,6.77634904084e-08,
1179.7887844,1.0,0.00245584792489,6.75204288687e-06,6.566786467e-08,
1187.44975053,1.0,0.00236471978974,6.32048955392e-06,6.36648554423e-08,
1195.11071666,1.0,0.00227360094806,5.90716050134e-06,6.1747383837e-08,
1202.77168279,1.0,0.00218249125739,5.5121848623e-06,5.99102116274e-08,
1210.43264893,1.0,0.00209139063299,5.13569836431e-06,5.81486223425e-08,
1218.09361506,1.0,0.00200029907266,4.77786097975e-06,5.64572044983e-08,
1225.75458119,1.0,0.00190921665064,4.43883447026e-06,5.48307433113e-08,
1233.41554732,1.0,0.00181814355108,4.11879576125e-06,5.32658483077e-08,
1241.07651346,1.0,0.00172708007473,3.81792521803e-06,5.17574991247e-08,
1248.73747959,1.0,0.00163602668178,3.53639746828e-06,5.03015352811e-08,
1256.39844572,1.0,0.00154498402246,3.27437068177e-06,4.8895987501e-08,
1264.05941185,1.0,0.00145395299346,3.03196617591e-06,4.7536100722e-08,
1271.72037799,1.0,0.00136293481617,2.80924259606e-06,4.62200110651e-08,
1279.38134412,1.0,0.00127193114319,2.60616565547e-06,4.49437176447e-08,
1287.04231025,1.0,0.00118094422658,2.42255612078e-06,4.37055655661e-08,
1294.70327638,1.0,0.00108997715397,2.25805356131e-06,4.25041576153e-08,
1302.36424251,1.0,0.000999034232066,2.1120599041e-06,4.13367304209e-08,
1310.02520865,1.0,0.000908121571843,1.98370024027e-06,4.02014638536e-08,
1317.68617478,1.0,0.000817248110091,1.87179831527e-06,3.90970973651e-08,
1325.34714091,1.0,0.000726427340443,1.77487309491e-06,3.8023343077e-08,
1333.00810704,1.0,0.000635680572454,1.69118374683e-06,3.69774018678e-08,
1340.66907318,1.0,0.000545043399897,1.61879363013e-06,3.59593579051e-08,
1348.33003931,1.0,0.000454579872097,1.5556686321e-06,3.49680475436e-08,
1355.99100544,1.0,0.000364417605303,1.49979667753e-06,3.40027539043e-08,
1363.65197157,1.0,0.000274851135721,1.44930084066e-06,3.30629013456e-08,
1371.31293771,1.0,0.000186736917109,1.40255541681e-06,3.21473383456e-08,
1378.97390384,1.0,0.000103835544328,1.35828680356e-06,3.12561822304e-08,
1386.63486997,1.0,5.72338020807e-05,1.31566392138e-06,3.03891116581e-08,
1394.2958361,1.0,0.000111137530966,1.27439755508e-06,2.9544296944e-08,
1401.95680224,1.0,0.000194958036586,1.23482709144e-06,2.8721140379e-08,
1409.61776837,1.0,0.00028327781935,1.19803084359e-06,2.79203750419e-08,
1417.2787345,1.0,0.000372912911696,1.16592261904e-06,2.71410430947e-08,
1424.93970063,1.0,0.000463099638266,1.14131915047e-06,2.63822232623e-08,
1432.60066677,1.0,0.000553568040012,1.12790324318e-06,2.56438087726e-08,
1440.2616329,1.0,0.000644199149104,1.12999693812e-06,2.49254716024e-08,
1447.92259903,1.0,0.000734932541196,1.15208904547e-06,2.42280852597e-08,
1455.58356516,1.0,0.000825734316543,1.19816393441e-06,2.35500397683e-08,
1463.2445313,1.0,0.000916584015394,1.27106331109e-06,2.28933918639e-08,
1470.90549743,1.0,0.00100746856947,1.37216108277e-06,2.2259691795e-08,
1478.56646356,1.0,0.00109837924609,1.50148300262e-06,2.16488082697e-08,
1486.22742969,1.0,0.00118931000198,1.65810016852e-06,2.10647542865e-08,
1493.88839583,1.0,0.00128025651649,1.84061459777e-06,2.05110429546e-08,
1501.54936196,1.0,0.00137121563039,2.04751349568e-06,1.99919057067e-08,
1509.21032809,1.0,0.00146218498004,2.2773721824e-06,1.95144168365e-08,
1516.87129422,1.0,0.00155316276162,2.52896994487e-06,1.90873593653e-08,
1524.53226036,1.0,0.00164414758077,2.80129572051e-06,1.87187484542e-08,
1532.19322649,1.0,0.00173513834359,3.09352272433e-06,1.84220817943e-08,
1539.85419262,1.0,0.00182613417649,3.40500195117e-06,1.82105742423e-08,
1547.51515875,1.0,0.00191713437899,3.73521297813e-06,1.80994519648e-08,
1555.17612489,1.0,0.00200813838627,4.08374432172e-06,1.8107338201e-08,
1562.83709102,1.0,0.00196261628187,3.90102750888e-06,1.72365158191e-08,
1570.49805715,1.0,0.00191709497104,3.72258156995e-06,1.64079255176e-08,
1578.15902328,1.0,0.00187157441788,3.54840026155e-06,1.56159098143e-08,
1585.81998942,1.0,0.00182605457591,3.37848071385e-06,1.48613700335e-08,
1593.48095555,1.0,0.0017805354141,3.21281739589e-06,1.41421002209e-08,
1601.14192168,1.0,0.00173501690436,3.05139624627e-06,1.34583408119e-08,
1608.80288781,1.0,0.00168949900974,2.89422618257e-06,1.28049769338e-08,
1616.46385394,1.0,0.001643981707,2.74129413928e-06,1.21849024251e-08,
1624.12482008,1.0,0.00159846496292,2.59259910271e-06,1.15968218201e-08,
1631.78578621,1.0,0.00155294875876,2.44814072038e-06,1.10362227795e-08,
1639.44675234,1.0,0.00150743307477,2.30791156048e-06,1.05017434938e-08,
1647.10771847,1.0,0.00146191788024,2.17191455373e-06,9.99650073378e-09,
1654.76868461,1.0,0.0014164031642,2.04014332241e-06,9.51619657042e-09,
1662.42965074,1.0,0.00137088890664,1.91259871936e-06,9.06022147528e-09,
1670.09061687,1.0,0.00132537508685,1.78928531438e-06,8.62777078775e-09,
1677.751583,1.0,0.00127986169674,1.67019800796e-06,8.21737082011e-09,
1685.41254914,1.0,0.00123434872057,1.55533841695e-06,7.82856054882e-09,
1693.07351527,1.0,0.00118883614379,1.44470880797e-06,7.4597039753e-09,
1700.7344814,1.0,0.00114332395463,1.33831858643e-06,7.10915404085e-09,
1708.39544753,1.0,0.00109781214615,1.23616554853e-06,6.77775210873e-09,
1716.05641367,1.0,0.00105230070891,1.13825393457e-06,6.46373671097e-09,
1723.7173798,1.0,0.00100678963823,1.04459793146e-06,6.16513046597e-09,
1731.37834593,1.0,0.000961278926507,9.55201724106e-07,
1739.03931206,1.0,0.000984028245152,9.9594833779e-07,
1746.7002782,1.0,0.000972647913691,9.72160399247e-07,
1754.36124433,1.0,0.000961267804832,9.48721526461e-07,
1762.02221046,1.0,0.000949887905669,9.25626761699e-07,
1769.68317659,1.0,0.000938508198679,9.02869031025e-07,
1777.34414273,1.0,0.00092712867112,8.80451011871e-07,
1785.00510886,1.0,0.000915749317142,8.58357875595e-07,
1792.66607499,1.0,0.000904370122816,8.36588002575e-07,
1800.32704112,1.0,0.000892991075264,8.15142104091e-07,
1807.98800726,1.0,0.000881612169853,7.94008066476e-07,
1815.64897339,1.0,0.000870233394852,7.73194465494e-07,
1823.30993952,1.0,0.000858854742898,7.52688389373e-07,
1830.97090565,1.0,0.000847476201991,7.32493381713e-07,
1838.63187179,1.0,0.000836097770703,7.12599175148e-07,
1846.29283792,1.0,0.000824719444766,6.93005000351e-07,
1853.95380405,1.0,0.000813341211029,6.73714545048e-07,
1861.61477018,1.0,0.000801963069846,6.54714439589e-07,
1869.27573632,1.0,0.000790585008471,6.3601632237e-07,
1876.93670245,1.0,0.00077920702966,6.17606382327e-07,
1884.59766858,1.0,0.000767829125659,5.99492530137e-07,
1892.25863471,1.0,0.00075645129296,5.81657016443e-07,
1899.91960085,1.0,0.000745073525522,5.64113947127e-07,
1907.58056698,1.0,0.000733695821169,5.46854986845e-07,
1915.24153311,1.0,0.00072231817656,5.2988163665e-07,
1922.90249924,1.0,0.000710940586494,5.13188531102e-07,
1930.56346538,1.0,0.000699563048052,4.96781550036e-07,
1938.22443151,1.0,0.000688185562973,4.80650934683e-07,
1945.88539764,1.0,0.000676808121438,4.64794038465e-07,
1953.54636377,1.0,0.000665430729298,4.49218237952e-07,
1961.2073299,1.0,0.00065405337796,4.33919498305e-07,
1968.86829604,1.0,0.000642676069805,4.18897463019e-07,
1976.52926217,1.0,0.00063129879627,4.0414663697e-07,
1984.1902283,1.0,0.000619921564209,3.89668889598e-07,
1991.85119443,1.0,0.000608544362118,3.75465253839e-07,
1999.51216057,1.0,0.000597167197243,3.61533040831e-07,
2007.1731267,1.0,0.000585790063855,3.47871105546e-07,
2014.83409283,1.0,0.000574412960874,3.3448079329e-07,
2022.49505896,1.0,0.000563035885005,3.21366665246e-07,
2030.1560251,1.0,0.000551658841133,3.08511674824e-07,
2037.81699123,1.0,0.000540281822124,2.9592959289e-07,
2045.47795736,1.0,0.000528904831086,2.83617798319e-07,
2053.13892349,1.0,0.000517527860259,2.71572485607e-07,
2060.79988963,1.0,0.000506150914909,2.59794623561e-07,
2068.46085576,1.0,0.000494773998289,2.48280868564e-07,
2076.12182189,1.0,0.000483397098361,2.37037169044e-07,
2083.78278802,1.0,0.000472020223115,2.26057564839e-07,
2091.44375416,1.0,0.000460643367194,2.15346477293e-07,
2099.10472029,1.0,0.000449266534958,2.048976153e-07,
2106.76568642,1.0,0.000437889720276,1.94718678091e-07,
2114.42665255,1.0,0.000426512923071,1.84798312235e-07,
2122.08761869,1.0,0.00041513614338,1.75150489679e-07,
2129.74858482,1.0,0.000403759384521,1.65765844946e-07,
2137.40955095,1.0,0.00039238264552,1.56641741734e-07,
2145.07051708,1.0,0.000381005918615,1.47788888714e-07,
2152.73148322,1.0,0.00036962920822,1.39196171657e-07,
2160.39244935,1.0,0.000358252522675,1.30866962923e-07,
2168.05341548,1.0,0.000346875843706,1.22810342179e-07,
2175.71438161,1.0,0.000335499188702,1.15008884034e-07,
2183.37534775,1.0,0.000324122546274,1.07472283136e-07,
2191.03631388,1.0,0.000312745918019,1.00207227738e-07,
2198.69728001,1.0,0.000301369306434,9.32028333468e-08,
2206.35824614,1.0,0.000289992707926,8.64649028549e-08,
2214.01921228,1.0,0.000278616123302,7.99936626624e-08,
2221.68017841,1.0,0.000267239559602,7.37844528698e-08,
2229.34114454,1.0,0.000255863006392,6.78471781413e-08,
2237.00211067,1.0,0.000244486469424,6.21744869166e-08,
2244.66307681,1.0,0.000233109944379,5.6774968405e-08,
2252.32404294,1.0,0.000221733434372,5.16342256451e-08,
2259.98500907,1.0,0.000210356937684,4.6777742322e-08,
2267.6459752,1.0,0.00019898046047,4.21878753469e-08,
2275.30694133,1.0,0.000187603990025,3.78754372021e-08,
2282.96790747,1.0,0.000176227539891,3.38387847997e-08,
2290.6288736,1.0,0.000164851101201,3.00858955797e-08,
2298.28983973,1.0,0.000153474678736,2.66232728418e-08,
2305.95080586,1.0,0.000142098276278,2.34429519867e-08,
2313.611772,1.0,0.000130721883198,2.05677541066e-08,
2321.27273813,1.0,0.000119345517367,1.79930399178e-08,
2328.93370426,1.0,0.000107969161802,1.57279113538e-08,
2336.59467039,1.0,9.65928367716e-05,1.37799618588e-08,
2344.25563653,1.0,8.52165338566e-05,1.21533584448e-08,
2351.91660266,1.0,7.38402618665e-05,1.08351350912e-08,
2359.57756879,1.0,6.24640372673e-05,9.80024245177e-09,
2367.23853492,1.0,5.10878731041e-05,9.02344853702e-09,
2374.89950106,1.0,3.971182255e-05,8.44500806651e-09,
2382.56046719,1.0,2.83360053197e-05,8.0115502426e-09,
2390.22143332,1.0,1.69608573041e-05,7.66070208499e-09,
2397.88239945,1.0,5.59042520585e-06,7.35472390267e-09,
2405.54336559,1.0,5.80298637326e-06,7.06523835018e-09,
2413.20433172,1.0,1.71736854329e-05,6.79191874541e-09,
2420.86529785,1.0,2.85488037759e-05,6.56777133549e-09,
2428.52626398,1.0,3.99245640056e-05,6.46004938386e-09,
2436.18723012,1.0,5.13005193075e-05,6.56397775707e-09,
2443.84819625,1.0,4.56124410782e-05,6.14995457859e-09,
2451.50916238,1.0,3.99243618773e-05,5.78720508335e-09,
2459.17012851,1.0,3.42363082391e-05,5.47805792414e-09,
2466.83109465,1.0,2.85482835234e-05,5.21475404698e-09,
2474.49206078,1.0,2.28602987313e-05,4.98000771342e-09,
2482.15302691,1.0,1.71724094072e-05,4.7737525019e-09,
2489.81399304,1.0,1.14847598393e-05,4.58523087707e-09,
2497.47495918,1.0,5.79805980118e-06,4.40938966879e-09,
2505.13592531,1.0,2.12423129708e-07,4.2398584244e-09,
2512.79689144,1.0,5.58414243035e-06,4.07992503463e-09,
2520.45785757,1.0,1.12707663269e-05,3.92551729238e-09,
2528.11882371,1.0,1.69584089546e-05,3.78533888487e-09,
2535.77978984,1.0,2.26463047454e-05,3.66805464924e-09,
2543.44075597,1.0,2.83343127059e-05,3.58220195075e-09,
2551.1017221,1.0,3.40223681088e-05,3.55096453479e-09,
2558.76268824,1.0,3.97104510549e-05,3.59588647949e-09,
2566.42365437,1.0,3.68663773207e-05,3.38717090795e-09,
2574.0846205,1.0,3.40223000116e-05,3.20370041953e-09,
2581.74558663,1.0,3.11782257476e-05,3.0327961755e-09,
2589.40655276,1.0,2.8334160104e-05,2.87322365041e-09,
2597.0675189,1.0,2.54900973604e-05,2.72835279598e-09,
2604.72848503,1.0,2.26460369653e-05,2.60050366937e-09,
2612.38945116,1.0,1.98019828381e-05,2.47795886362e-09,
2620.05041729,1.0,1.69579314918e-05,2.37314369089e-09,
2627.71138343,1.0,1.41138954769e-05,2.27377160423e-09,
2635.37234956,1.0,1.12698791709e-05,2.18131010925e-09,
2643.03331569,1.0,8.42590349258e-06,2.09335243548e-09,
2650.69428182,1.0,5.58203021229e-06,2.01122709015e-09,
2658.35524796,1.0,2.73856064059e-06,1.9336668295e-09,
2666.01621409,1.0,1.33701818937e-07,1.85764908868e-09,
2673.67718022,1.0,2.95186200078e-06,1.7856960078e-09,
2681.33814635,1.0,5.79539288148e-06,1.71660927684e-09,
2688.99911249,1.0,8.63927003534e-06,1.65117291195e-09,
2696.66007862,1.0,1.14832510669e-05,1.59248648873e-09,
2704.32104475,1.0,1.43272597076e-05,1.54081548006e-09,
2711.98201088,1.0,1.71712827542e-05,1.49601209774e-09,
2719.64297702,1.0,2.00153223158e-05,1.46697868796e-09,
2727.30394315,1.0,2.28593632334e-05,1.45159608229e-09,
2734.96490928,1.0,2.57034050248e-05,1.45983495115e-09,
2742.62587541,1.0,2.42813796797e-05,1.38381299478e-09,
2750.28684155,1.0,2.28593444027e-05,1.31311796066e-09,
2757.94780768,1.0,2.14373223146e-05,1.2476277735e-09,
2765.60877381,1.0,2.00152856002e-05,1.18183493468e-09,
2773.26973994,1.0,1.8593254307e-05,1.12552201403e-09,
2780.93070608,1.0,1.71712199609e-05,1.07233767369e-09,
2788.59167221,1.0,1.57491960848e-05,1.02123486174e-09,
2796.25263834,1.0,1.43271602247e-05,9.71984138874e-10,
2803.91360447,1.0,1.29051350011e-05,9.32259728238e-10,
2811.57457061,1.0,1.14830953548e-05,8.880259343e-10,
2819.23553674,1.0,1.00610823939e-05,8.53331898909e-10,
2826.89650287,1.0,8.63905150489e-06,8.20276900772e-10,
2834.557469,1.0,7.21702812831e-06,7.83751255242e-10,
2842.21843514,1.0,5.79500444859e-06,7.53875194306e-10,
2849.87940127,1.0,4.37299616336e-06,7.25235683305e-10,
2857.5403674,1.0,2.95100505841e-06,6.96517278624e-10,
2865.20133353,1.0,1.52908960956e-06,6.68403393766e-10,
2872.86229967,1.0,1.10357542943e-07,6.4330534955e-10,
2880.5232658,1.0,1.31552103929e-06,6.18366415035e-10,
2888.18423193,1.0,2.73740645159e-06,5.930961115e-10,
2895.84519806,1.0,4.15939038306e-06,5.71859653247e-10,
2903.5061642,1.0,5.58140369367e-06,5.49396252409e-10,
2911.16713033,1.0,7.00342421754e-06,5.31679667912e-10,
2918.82809646,1.0,8.4254497692e-06,5.12088827754e-10,
2926.48906259,1.0,9.84747025195e-06,4.98806025337e-10,
2934.15002872,1.0,1.12695059439e-05,4.86515879068e-10,
2941.81099486,1.0,1.26915342423e-05,4.81244589833e-10,
2949.47196099,1.0,1.41135653272e-05,4.78674974843e-10,
2957.13292712,1.0,1.55355954339e-05,4.84765481285e-10,
2964.79389325,1.0,1.48245787721e-05,4.58261512447e-10,
2972.45485939,1.0,1.41135674765e-05,4.3134703567e-10,
2980.11582552,1.0,1.34025487832e-05,4.108672806e-10,
2987.77679165,1.0,1.26915280588e-05,3.9505354277e-10,
2995.43775778,1.0,1.19805130069e-05,3.736120301e-10,
3003.09872392,1.0,1.12695032304e-05,3.49552820044e-10,
3010.75969005,1.0,1.05584821406e-05,3.36153713607e-10,
3018.42065618,1.0,9.8474624521e-06,3.2392106993e-10,
3026.08162231,1.0,9.13644297612e-06,3.05434700212e-10,
3033.74258845,1.0,8.42542942532e-06,2.92764396835e-10,
3041.40355458,1.0,7.71441227682e-06,2.74332190045e-10,
3049.06452071,1.0,7.00339711798e-06,2.6377306893e-10,
3056.72548684,1.0,6.29236989011e-06,2.54133933498e-10,
3064.38645298,1.0,5.58136079203e-06,2.40562363549e-10,
3072.04741911,1.0,4.87034632809e-06,2.32177416833e-10,
3079.70838524,1.0,4.15932627061e-06,2.25707797856e-10,
3087.36935137,1.0,3.44830392233e-06,2.157526702e-10,
3095.03031751,1.0,2.7372959293e-06,2.07370494835e-10,
3102.69128364,1.0,2.02628163555e-06,1.99920612349e-10,
3110.35224977,1.0,1.31527002604e-06,1.92664476295e-10,
3118.0132159,1.0,6.04286420995e-07,1.84070895946e-10,
3125.67418204,1.0,1.07058656951e-07,1.78202593812e-10,
3133.33514817,1.0,8.17836550114e-07,1.67998144434e-10,
3140.9961143,1.0,1.52883395612e-06,1.61749692943e-10,
3148.65708043,1.0,2.23984801286e-06,1.55758581285e-10,
3156.31804657,1.0,2.9508580029e-06,1.47603240709e-10,
3163.9790127,1.0,3.66187646753e-06,1.44710901965e-10,
3171.63997883,1.0,4.3728826107e-06,1.39147875066e-10,
3179.30094496,1.0,5.08390297193e-06,1.3800168789e-10,
3186.9619111,1.0,5.79491536339e-06,1.34989694538e-10,
3194.62287723,1.0,6.50593505644e-06,1.29957835733e-10,
3202.28384336,1.0,7.21694938011e-06,1.28812269787e-10,
3209.94480949,1.0,7.92796391227e-06,1.26172438857e-10,
3217.60577563,1.0,8.63897374524e-06,1.36112269358e-10,
3225.26674176,1.0,8.28346388399e-06,1.22343738074e-10,
3232.92770789,1.0,7.92796566862e-06,1.204858196e-10,
3240.58867402,1.0,7.57245225244e-06,1.10377294064e-10,
3248.24964015,1.0,7.21694839646e-06,1.053452793e-10,
3255.91060629,1.0,6.8614398796e-06,1.0455109235e-10,
3263.57157242,1.0,6.50593138472e-06,9.2778426725e-11,
3271.23253855,1.0,6.15042793511e-06,9.62606325042e-11,
3278.89350468,1.0,6.3281763915e-06,9.13755702551e-11,
3286.55447082,1.0,6.50592671873e-06,8.72518625437e-11,
3294.21543695,1.0,6.68368728169e-06,8.47185818551e-11,
3301.87640308,1.0,6.86143554708e-06,8.59154985179e-11,
3309.53736921,1.0,6.77255724855e-06,7.64356016668e-11,
3317.19833535,1.0,6.68368366889e-06,8.05176848982e-11,
3324.85930148,1.0,6.72813093262e-06,8.37504601338e-11,
3332.52026761,1.0,6.70590873646e-06,7.85403789188e-11,
3340.18123374,1.0,6.6836861971e-06,7.4048637904e-11,
3347.84219988,1.0,6.66146008732e-06,7.14393632527e-11,
3355.50316601,1.0,6.63925135869e-06,6.60386288587e-11,
3363.16413214,1.0,6.61703037505e-06,7.05272998287e-11,
3370.82509827,1.0,6.62812863726e-06,6.17623651385e-11,
3378.48606441,1.0,6.63925121043e-06,6.74708348397e-11,
3386.14703054,1.0,6.63369119428e-06,6.2095603458e-11,
3393.80799667,1.0,6.62814075589e-06,6.09808971788e-11,
3401.4689628,1.0,6.62258907843e-06,6.44097306549e-11,
3409.12992894,1.0,6.62536625274e-06,6.62336556257e-11,
3416.79089507,1.0,6.62396777031e-06,6.12256841323e-11,
3424.4518612,1.0,6.62258206527e-06,6.2973830351e-11,
3432.11282733,1.0,6.6232662689e-06,4.86922435311e-11,
3439.77379347,1.0,6.62396603956e-06,5.21391449464e-11,
3447.4347596,1.0,6.62362297242e-06,4.98258992056e-11,
3455.09572573,1.0,6.6232754202e-06,5.96391652417e-11,
3462.75669186,1.0,6.62344787737e-06,5.65966386389e-11,
3470.417658,1.0,6.62362483231e-06,5.13245020046e-11,
3478.07862413,1.0,6.62379487647e-06,4.87839700724e-11,
3485.73959026,1.0,6.62395604387e-06,4.74715126758e-11,
3493.40055639,1.0,6.62414418245e-06,5.2689846808e-11,
3501.06152253,1.0,6.62406769687e-06,5.53511337798e-11,
3508.72248866,1.0,6.6240991342e-06,5.0809601518e-11,
3516.38345479,1.0,6.62413331156e-06,4.50811938011e-11,
3524.04442092,1.0,6.62418996937e-06,5.38175953654e-11,
3531.70538706,1.0,6.62415896177e-06,4.54076606235e-11,
3539.36635319,1.0,6.62414350433e-06,4.07059341851e-11,
3547.02731932,1.0,6.62413272877e-06,5.76261994755e-11,
3554.68828545,1.0,0.0935511540531,0.00875181842424,0.000818742719495,7.65943174738e-05,7.16548253024e-06,6.70343893489e-07,
3562.34925158,1.0,0.0466812177418,0.00217913608617,0.000101724722514,4.74864106824e-06,2.21673926544e-07,
3570.01021772,1.0,6.62412902261e-06,5.0980948102e-11,
3577.67118385,1.0,0.0465134306481,0.00216349923733,0.000100631775246,4.68072303232e-06,2.1771496801e-07,
3585.33214998,1.0,0.0232825909238,0.000542079039265,1.26210025912e-05,2.93853181596e-07,
3592.99311611,1.0,6.62412937949e-06,4.88965761844e-11,
3600.65408225,1.0,0.023314601381,0.000543570635637,1.26731390451e-05,2.95473572578e-07,
3608.31504838,1.0,0.0116483230449,0.00013568343497,1.58047987177e-06,1.84079968149e-08,
3615.97601451,1.0,6.62412606108e-06,5.18589498345e-11,
3623.63698064,1.0,0.0116502566278,0.000135728484473,1.58127908459e-06,1.84266710776e-08,
3631.29794678,1.0,0.00582985367669,3.39871862339e-05,1.98131703172e-07,
3638.95891291,1.0,6.62411568107e-06,3.88422450198e-11,
3646.61987904,1.0,0.00581943409428,3.38658181358e-05,1.97079757836e-07,
3654.28084517,1.0,0.00290605127164,8.4451441626e-06,2.45379959449e-08,
3661.94181131,1.0,6.62413122337e-06,4.97128415343e-11,
3669.60277744,1.0,0.00291859235776,8.51818177343e-06,2.48618363009e-08,
3677.26374357,1.0,0.00146269662423,2.13948467592e-06,3.12744329367e-09,
3684.9247097,1.0,6.6241153319e-06,3.35456480819e-11,
3692.58567584,1.0,0.00144962517079,2.10141199201e-06,3.03382543985e-09,
3700.24664197,1.0,0.0007214784261,5.20531528785e-07,
3707.9076081,1.0,0.00108554627635,1.17840848236e-06,1.27957512783e-09,
3715.56857423,1.0,0.00144962516881,2.1014056583e-06,3.05216269885e-09,
3723.22954037,1.0,0.00126758434039,1.60677047517e-06,2.03571189319e-09,
3730.8905065,1.0,0.00108554627285,1.17841543686e-06,1.27559843868e-09,
3738.55147263,1.0,0.00090351095846,8.16333060641e-07,
3746.21243876,1.0,0.000994528271519,9.89082095692e-07,
3753.8734049,1.0,0.000949019532955,9.00632793623e-07,
3761.53437103,1.0,0.000903510960075,8.1632926136e-07,
3769.19533716,1.0,0.000858002568299,7.36166469906e-07,
3776.85630329,1.0,0.000812494346471,6.60147562043e-07,
3784.51726943,1.0,0.00076698628563,5.88276185598e-07,
3792.17823556,1.0,0.000721478428035,5.20538099025e-07,
3799.83920169,1.0,0.00067597072949,4.56925287464e-07,
3807.50016782,1.0,0.000630463175207,3.97486833332e-07,
3815.16113396,1.0,0.000584955828851,3.42175812878e-07,
3822.82210009,1.0,0.000539448645849,2.91001963811e-07,
3830.48306622,1.0,0.000493941638563,2.43969495668e-07,
