Coordinates:
0.0,0.714285714286,1.42857142857,2.14285714286,2.85714285714,3.57142857143,4.28571428571,5.0,5.71428571429,6.42857142857,7.14285714286,7.85714285714,8.57142857143,9.28571428571,10.0,
Volumes:
0.357142857143,0.714285714286,0.714285714286,0.714285714286,0.714285714286,0.714285714286,0.714285714286,0.714285714286,0.714285714286,0.714285714286,0.714285714286,0.714285714286,0.714285714286,0.714285714286,0.357142857143,

 Time(s), Error (-) on vertices
107.974993863,0.0,189250.41587,72560.9843665,27851.8707864,10706.4965388,4123.83677244,1592.66167557,617.364196298,240.516514306,94.3471967336,37.3531517752,14.9695487938,6.09260507585,2.52652358643,1.07028202147,0.463762039546,0.205478454357,0.0929184351389,0.0427622801387,0.0199643509921,0.00942704368049,0.00449068703753,0.00215373079379,0.00103836516415,0.000502691902219,0.000244169868888,0.000118921974737,5.80526280542e-05,2.83941830151e-05,1.39115664439e-05,6.82615529562e-06,3.35400907471e-06,1.65001416696e-06,8.12625259877e-07,
215.949987726,1.0,0.442848947886,0.198067767846,0.0894372897681,0.0407520916561,0.0187258372646,0.00867159613865,0.0040440809211,0.00189803596221,0.000895917800126,0.000425057165983,0.000202582819583,9.69437663825e-05,4.65596483708e-05,2.2433936608e-05,1.08408051656e-05,5.25231265215e-06,2.55071231421e-06,1.24135842849e-06,6.05302918511e-07,
323.924981589,1.0,0.420125056222,0.177679475459,0.0756628613933,0.0324483583553,0.0140156048337,0.00609747039803,0.00267165745281,0.00117881710886,0.000523671219804,0.00023415604935,0.000105355146445,4.76833258892e-05,2.1701382664e-05,9.9280924141e-06,4.5640558792e-06,2.10764162754e-06,9.77381354542e-07,
431.899975452,1.0,0.307470292527,0.0966902655831,0.0311434551344,0.0102813865543,0.00347828001031,0.00120473581921,0.000426541944009,0.000154081389435,5.66734603023e-05,2.1183293467e-05,8.03155401767e-06,3.08383677309e-06,1.19743318624e-06,4.69618879303e-07,
539.874969315,1.0,0.195807417383,0.0417341692396,0.00967792588622,0.00242097848065,0.000645402797024,0.000181194919032,5.30467770539e-05,1.6071071282e-05,5.00910566584e-06,1.5989968539e-06,5.2092901843e-07,
647.849963178,1.0,0.0905076772536,0.0126161722524,0.00219856581458,0.000439538659651,9.65717916286e-05,2.27450098604e-05,5.65207530255e-06,1.46592667502e-06,3.93760048671e-07,
755.824957041,1.0,0.0645872853043,0.00578663137567,0.000620101058091,8.19880738455e-05,1.34784565355e-05,2.59000629672e-06,5.465541364e-07,
863.799950904,1.0,0.162153370652,0.0304683617342,0.00607258704066,0.00125330858159,0.000265163856617,5.72285195573e-05,1.2558843875e-05,2.79437187441e-06,6.28679213113e-07,
971.774944767,1.0,0.116801230664,0.0161321122568,0.00237300277396,0.000362551584097,5.70074132317e-05,9.17592040637e-06,1.50442665011e-06,2.50073442788e-07,
1079.74993863,1.0,0.0705036065825,0.00619798719116,0.000590265633135,5.96948430714e-05,6.40191583507e-06,7.40330415261e-07,
1187.72493249,1.0,0.0336386744981,0.00209735498954,0.000209183773038,2.70431935984e-05,4.06530298175e-06,6.74870812473e-07,
1295.69992636,1.0,0.0526494243438,0.0044073437031,0.00048717008667,6.4603024245e-05,9.75000448221e-06,1.62375760561e-06,2.92349140356e-07,
1403.67492022,1.0,0.0303816717046,0.00217075944588,0.000216417542859,2.6314830256e-05,3.66689912751e-06,5.68199037079e-07,
1511.64991408,1.0,0.0313653111384,0.00148384472972,0.00010464923225,1.04184684568e-05,1.31727259978e-06,1.90089800847e-07,
1619.62490794,1.0,0.0541900487442,0.00355340317436,0.000254581512099,1.93894699152e-05,1.54491951046e-06,1.31034807455e-07,
1727.59990181,1.0,0.0822700131793,0.00763373146577,0.000751022662286,7.71046087419e-05,8.14821017635e-06,8.76396806069e-07,
1835.57489567,1.0,0.0699723016948,0.00559587384729,0.000478334586346,4.28136497882e-05,3.93824431702e-06,3.6761018353e-07,
1943.54988953,1.0,0.0575408308298,0.00386677931406,0.000281276367464,2.14502243821e-05,1.67566637112e-06,1.32705191151e-07,
2051.5248834,1.0,0.0451490550004,0.00246784440912,0.00014883081998,9.38726643565e-06,6.10786999713e-07,
2159.49987726,1.0,0.0331646948415,0.00142451238193,6.96694514359e-05,3.77996547996e-06,2.5456094572e-07,
2267.47487112,1.0,0.0226530164714,0.000797773629482,3.70867674269e-05,2.7282158859e-06,2.62964544521e-07,
2375.44986499,1.0,0.0281324205049,0.00106986908584,4.59341964905e-05,2.37764115789e-06,1.71918982897e-07,
2483.42485885,1.0,0.0347700838799,0.00152173964891,7.2878208832e-05,3.62896398263e-06,1.92967263257e-07,
2591.39985271,1.0,0.0320860392214,0.00131756951568,5.87096043462e-05,2.74294051076e-06,1.43042392716e-07,
2699.37484657,1.0,0.0293991593837,0.00112803396181,4.64516221861e-05,2.04411300102e-06,1.08650483271e-07,
2807.34984044,1.0,0.0267301027987,0.000953829357044,3.61079072922e-05,1.5163897492e-06,8.65450670857e-08,
2915.3248343,1.0,0.0241052691312,0.000795722969979,2.77137272871e-05,1.14530282268e-06,7.32699104641e-08,
3023.29982816,1.0,0.0215606687314,0.000654740625299,2.13511071006e-05,9.1579657837e-07,
3131.27482203,1.0,0.0191479750164,0.0005325013325,1.71167398564e-05,8.05489802091e-07,
3239.24981589,1.0,0.0169435179427,0.000431783962039,1.49511601482e-05,7.81265126796e-07,
3347.22480975,1.0,0.015059456648,0.000357202997458,1.44177150072e-05,8.09500377452e-07,
3455.19980362,1.0,0.0160917206629,0.000374289210636,1.27411345818e-05,6.44050463677e-07,
3563.17479748,1.0,0.0174052945366,0.000413195020668,1.21959335682e-05,5.25849840033e-07,
3671.14979134,1.0,0.0189334224351,0.000470067221956,1.28988005593e-05,4.60799048741e-07,
3779.1247852,1.0,0.0206215578773,0.000541432048078,1.47836959868e-05,4.59244112443e-07,
3887.09977907,1.0,0.0224277537112,0.000624854836803,1.76754160342e-05,5.2421074076e-07,
3995.07477293,1.0,0.0219119676609,0.000590216586181,1.61676887554e-05,4.67290930257e-07,
4103.04976679,1.0,0.0213788277164,0.000555696374534,1.47296448599e-05,4.15851292403e-07,
4211.02476066,1.0,0.0208283162651,0.000521414890628,1.33637284355e-05,3.6959844777e-07,
4318.99975452,1.0,0.0202605619459,0.00048749341699,1.20720124902e-05,3.28252812883e-07,
4426.97474838,1.0,0.0196758383695,0.000454053539688,1.08561570507e-05,2.91540212844e-07,
4534.94974225,1.0,0.0190745618219,0.000421217159413,9.71738859512e-06,2.59180315686e-07,
4642.92473611,1.0,0.0184572887693,0.000389106844807,8.65650558305e-06,2.30882254052e-07,
4750.89972997,1.0,0.0178247140474,0.000357846620079,7.67390600447e-06,2.06336881199e-07,
4858.87472383,1.0,0.0171776706821,0.000327563290107,6.76963372464e-06,1.85214738601e-07,
4966.8497177,1.0,0.0165171324284,0.000298388469111,5.94345695834e-06,1.67166836652e-07,
5074.82471156,1.0,0.0158442202817,0.000270461518405,5.19497180827e-06,1.51825930336e-07,
5182.79970542,1.0,0.015160214515,0.000243933627734,4.5237480741e-06,1.38820411003e-07,
5290.77469929,1.0,0.0144665742166,0.000218973262689,3.92950667782e-06,1.27784026936e-07,
5398.74969315,1.0,0.0137649669361,0.000195772980667,3.41232212444e-06,1.18374380912e-07,
5506.72468701,1.0,0.0130573119715,0.000174556959778,2.9727902287e-06,1.1028619117e-07,
5614.69968088,1.0,0.0123458421616,0.000155586954844,2.61203235894e-06,1.03265571538e-07,
5722.67467474,1.0,0.0116331909116,0.000139161042078,2.33129629985e-06,9.71174797486e-08,
5830.6496686,1.0,0.0109225137882,0.000125594523662,2.13092032456e-06,9.17084934356e-08,
5938.62466246,1.0,0.0102176573534,0.000115168952687,2.00875874717e-06,8.69666966694e-08,
6046.59965633,1.0,0.00952339187557,0.000108044006795,1.95888016843e-06,8.28779394259e-08,
6154.57465019,1.0,0.00884572791115,0.000104158316672,1.97170006093e-06,7.94797998337e-08,
6262.54964405,1.0,0.00819233615524,0.000103181282627,2.03575364752e-06,7.68518775322e-08,
6370.52463792,1.0,0.00757307670421,0.000104564251671,2.13995349655e-06,7.51038823624e-08,
6478.49963178,1.0,0.00700059920132,0.000107666504109,2.27506429709e-06,7.4356057037e-08,
6586.47462564,1.0,0.00649086615916,0.000111881215428,2.43408322106e-06,7.4719013599e-08,
6694.44961951,1.0,0.00651838682241,0.000103738649757,2.18545250685e-06,6.52841310458e-08,
6802.42461337,1.0,0.00660605630484,9.65190407848e-05,1.96050235879e-06,5.69858679363e-08,
6910.39960723,1.0,0.00674947899187,9.03173715049e-05,1.75778306304e-06,4.96930868303e-08,
7018.37460109,1.0,0.00694333874206,8.52540073305e-05,1.57634600261e-06,4.32906169563e-08,
7126.34959496,1.0,0.00718187573966,8.1465378819e-05,1.41588240779e-06,3.76785277671e-08,
7234.32458882,1.0,0.00745930478126,7.90855242397e-05,1.27690036723e-06,3.27719124753e-08,
7342.29958268,1.0,0.00777012523539,7.8220141742e-05,1.160906089e-06,2.85018680393e-08,
7450.27457655,1.0,0.00810931356834,7.89207911904e-05,1.07048500547e-06,2.48175941062e-08,
7558.24957041,1.0,0.00847241554011,8.11705381033e-05,1.00908370088e-06,2.1690565647e-08,
7666.22456427,1.0,0.00885556547047,8.48882120195e-05,9.80271641506e-07,
7774.19955814,1.0,0.00862042543535,8.13966706893e-05,9.47048135692e-07,
7882.174552,1.0,0.0083843409509,7.80163810319e-05,9.17503813826e-07,
7990.14954586,1.0,0.00814743853596,7.47495055409e-05,8.91341990946e-07,
8098.12453972,1.0,0.00790983597248,7.15980804931e-05,8.68266337331e-07,
8206.09953359,1.0,0.00767164315383,6.85639965001e-05,8.47982276408e-07,
8314.07452745,1.0,0.00743296293573,6.56489754337e-05,8.30201637363e-07,
8422.04952131,1.0,0.00719389201054,6.28545430597e-05,8.14642882962e-07,
8530.02451518,1.0,0.00695452181402,6.01820026577e-05,8.01036562116e-07,
8637.99950904,1.0,0.00671493945035,5.76323916383e-05,7.89126076164e-07,
8745.9745029,1.0,0.00647522868868,5.52064426122e-05,7.78670982229e-07,
8853.94949677,1.0,0.00623547102504,5.29045318371e-05,7.69448201118e-07,
8961.92449063,1.0,0.00599574685116,5.07266291426e-05,7.61253822014e-07,
9069.89948449,1.0,0.00575613676242,4.86722341757e-05,7.53902711317e-07,
9177.87447835,1.0,0.00551672306287,4.67403211599e-05,7.47229550908e-07,
9285.84947222,1.0,0.0052775915311,4.49292778511e-05,7.41087656422e-07,
9393.82446608,1.0,0.00503883354289,4.32368513452e-05,7.35348917089e-07,
9501.79945994,1.0,0.00480054867625,4.1660105633e-05,7.29902615054e-07,
9609.77445381,1.0,0.00456284798012,4.01953852848e-05,7.24654057052e-07,
9717.74944767,1.0,0.00432585815817,3.88383055931e-05,7.19523425225e-07,
9825.72444153,1.0,0.00408972702609,3.75837623529e-05,7.14444497029e-07,
9933.6994354,1.0,0.00385463075189,3.64259605227e-05,7.09363065717e-07,
10041.6744293,1.0,0.00362078364708,3.53584812353e-05,7.04236019965e-07,
10149.6494231,1.0,0.00338845163888,3.4374362654e-05,6.9902980267e-07,
10257.624417,1.0,0.0031579711286,3.34662139672e-05,6.93718526176e-07,
10365.5994108,1.0,0.00292977585876,3.26263437874e-05,6.88284619836e-07,
10473.5744047,1.0,0.00270443586785,3.18469058773e-05,6.82715708343e-07,
10581.5493986,1.0,0.00248271490916,3.11200516474e-05,6.77004687288e-07,
10689.5243924,1.0,0.00226565636788,3.04380868635e-05,6.71148656001e-07,
10797.4993863,1.0,0.00205471320333,2.97936282725e-05,6.65148663593e-07,
10905.4743802,1.0,0.00185194487097,2.91797516339e-05,6.59007911307e-07,
11013.449374,1.0,0.00166031101541,2.85901374497e-05,6.52730666328e-07,
11121.4243679,1.0,0.00148408572089,2.80192039677e-05,6.46324637524e-07,
11229.3993618,1.0,0.00132935793687,2.74622413498e-05,6.39796988873e-07,
11337.3743556,1.0,0.00120438119263,2.69155375398e-05,6.33155254125e-07,
11445.3493495,1.0,0.00111910109796,2.63765078331e-05,6.26407742678e-07,
11553.3243433,1.0,0.00108286787539,2.58438282613e-05,6.19563076732e-07,
11661.2993372,1.0,0.00110046852947,2.53175797724e-05,6.12629031361e-07,
11769.2743311,1.0,0.00116941114879,2.47994013474e-05,6.05613180833e-07,
11877.2493249,1.0,0.00128137785567,2.4292660042e-05,5.98523176119e-07,
11985.2243188,1.0,0.00142622063852,2.38026247141e-05,5.91367452459e-07,
12093.1993127,1.0,0.00159496310231,2.33366445785e-05,5.84153833728e-07,
12201.1743065,1.0,0.00178078487269,2.29043028924e-05,5.76892509989e-07,
12309.1493004,1.0,0.00197884579851,2.25175282682e-05,5.69593782162e-07,
12417.1242942,1.0,0.00218579088761,2.21906019433e-05,5.62271322766e-07,
12525.0992881,1.0,0.00239929547278,2.19400185719e-05,5.54942788213e-07,
12633.074282,1.0,0.00261773115105,2.17841307554e-05,5.4762959048e-07,
12741.0492758,1.0,0.00283993903907,2.17425276442e-05,5.40360091984e-07,
12849.0242697,1.0,0.00306507982067,2.18351383576e-05,5.33170165179e-07,
12956.9992636,1.0,0.00329253487269,2.20811130691e-05,5.26106477319e-07,
13064.9742574,1.0,0.00352184053786,2.2497623182e-05,5.19225875659e-07,
13172.9492513,1.0,0.00375264382074,2.30987644424e-05,5.12600520427e-07,
13280.9242451,1.0,0.00398467207393,2.38947953917e-05,5.06320092266e-07,
13388.899239,1.0,0.00421771191906,2.4891822502e-05,5.00492594331e-07,
13496.8742329,1.0,0.00445159433527,2.60919765821e-05,4.95249393737e-07,
13604.8492267,1.0,0.0046861839685,2.74939799817e-05,4.90744588701e-07,
13712.8242206,1.0,0.0049213713342,2.90939441619e-05,4.87158325845e-07,
13820.7992145,1.0,0.00515706707107,3.08861975497e-05,4.84698281539e-07,
13928.7742083,1.0,0.00539319762867,3.2864070567e-05,4.83598880143e-07,
14036.7492022,1.0,0.0056297020137,3.50205048042e-05,4.84116270791e-07,
14144.7241961,1.0,0.00550857388385,3.35163455648e-05,4.59251188555e-07,
14252.6991899,1.0,0.00538754611483,3.20521084266e-05,4.35586609593e-07,
14360.6741838,1.0,0.00526661188948,3.06271098586e-05,4.13069287236e-07,
14468.6491776,1.0,0.0051457648606,2.92407206783e-05,3.91651743768e-07,
14576.6241715,1.0,0.00502499913751,2.78923495563e-05,3.7128388045e-07,
14684.5991654,1.0,0.00490430923772,2.65814463038e-05,3.51923518675e-07,
14792.5741592,1.0,0.00478369007087,2.53075040904e-05,3.33523839296e-07,
14900.5491531,1.0,0.00466313690687,2.40700498254e-05,3.16044400298e-07,
15008.524147,1.0,0.00454264535213,2.28686468764e-05,2.99444555821e-07,
15116.4991408,1.0,0.00442221132768,2.17028905302e-05,2.83685380061e-07,
15224.4741347,1.0,0.00430183104337,2.05724085665e-05,2.6873042608e-07,
15332.4491285,1.0,0.00418150099033,1.94768633791e-05,2.54542343185e-07,
15440.4241224,1.0,0.00406121790759,1.84159427232e-05,2.41087108582e-07,
15548.3991163,1.0,0.00394097878107,1.73893603251e-05,2.28331565955e-07,
15656.3741101,1.0,0.00382078082058,1.63968630409e-05,2.16243115911e-07,
15764.349104,1.0,0.00370062144415,1.54382236234e-05,2.04791115478e-07,
15872.3240979,1.0,0.00358049827551,1.45132397152e-05,1.93945180169e-07,
15980.2990917,1.0,0.00346040912146,1.36217379122e-05,1.83675535834e-07,
16088.2740856,1.0,0.00334035197436,1.27635694856e-05,1.73955229252e-07,
16196.2490794,1.0,0.00322032500066,1.19386137947e-05,1.64756633706e-07,
16304.2240733,1.0,0.00310032652759,1.11467755802e-05,1.56053800561e-07,
16412.1990672,1.0,0.00298035505376,1.03879876758e-05,1.47821216568e-07,
16520.174061,1.0,0.00286040923341,9.66221595126e-06,1.40034136806e-07,
16628.1490549,1.0,0.00274048788538,8.96944354567e-06,1.32670785186e-07,
16736.1240488,1.0,0.00262058999222,8.30969715109e-06,1.25706540957e-07,
16844.0990426,1.0,0.0025007147124,7.68302123581e-06,1.19121078561e-07,
16952.0740365,1.0,0.00238086138891,7.08949348068e-06,1.12892537109e-07,
17060.0490304,1.0,0.00226102956969,6.52921663686e-06,1.0700183962e-07,
17168.0240242,1.0,0.00214121903449,6.00230976903e-06,1.01429175245e-07,
17275.9990181,1.0,0.00202142983667,5.50890918367e-06,9.61560860072e-08,
17383.9740119,1.0,0.00190166236253,5.04914363576e-06,9.11656540386e-08,
17491.9490058,1.0,0.0017819174147,4.62311006451e-06,8.64425821432e-08,
17599.9239997,1.0,0.00166219633018,4.23085108239e-06,8.196889419e-08,
17707.8989935,1.0,0.00154250116667,3.87229456003e-06,7.77316206802e-08,
17815.8739874,1.0,0.0014228349791,3.54718686843e-06,7.37169134041e-08,
17923.8489813,1.0,0.00130320224635,3.25501564611e-06,6.99112075991e-08,
18031.8239751,1.0,0.00118360956421,2.9949088743e-06,6.63032685604e-08,
18139.798969,1.0,0.00106406680076,2.7655347753e-06,6.28805117097e-08,
18247.7739628,1.0,0.000944589146762,2.56501867364e-06,5.96343425469e-08,
18355.7489567,1.0,0.00082520092069,2.39090787729e-06,5.65538641101e-08,
18463.7239506,1.0,0.000705943224198,2.24019834673e-06,5.36301341983e-08,
18571.6989444,1.0,0.000586890909494,2.10944825003e-06,5.08555823588e-08,
18679.6739383,1.0,0.000468195231346,1.9949702183e-06,4.82216813243e-08,
18787.6489322,1.0,0.000350212272063,1.89309347783e-06,4.57213499978e-08,
18895.623926,1.0,0.000234013233213,1.8004488965e-06,4.33478028801e-08,
19003.5989199,1.0,0.000124673421676,1.71426997097e-06,4.10947100072e-08,
19111.5739137,1.0,7.06312193632e-05,1.63269278109e-06,3.89564919402e-08,
19219.5489076,1.0,0.000151969498105,1.55507117465e-06,3.69268007109e-08,
19327.5239015,1.0,0.000264307058237,1.48232394307e-06,3.50008717515e-08,
19435.4988953,1.0,0.000381151370648,1.41732402533e-06,3.31729048948e-08,
19543.4738892,1.0,0.000499346088078,1.36525628006e-06,3.14382655389e-08,
19651.4488831,1.0,0.000618115048469,1.33372840695e-06,2.97932134567e-08,
19759.4238769,1.0,0.000737179222874,1.33221909537e-06,2.82333753303e-08,
19867.3988708,1.0,0.000856414271064,1.37046749573e-06,2.67559010019e-08,
19975.3738647,1.0,0.000975756563895,1.45613262362e-06,2.53602752983e-08,
20083.3488585,1.0,0.00109517023357,1.59300124888e-06,2.40450613122e-08,
20191.3238524,1.0,0.00121463354732,1.78089926586e-06,2.2814247449e-08,
20299.2988462,1.0,0.00133413259743,2.01707886884e-06,2.16741813495e-08,
20407.2738401,1.0,0.00145365808509,2.29785260912e-06,2.06352525144e-08,
20515.248834,1.0,0.0015732035696,2.61965621013e-06,1.97139339786e-08,
20623.2238278,1.0,0.00169276445425,2.97950918497e-06,1.89337231201e-08,
20731.1988217,1.0,0.00181233738217,3.3750773513e-06,1.83243885893e-08,
20839.1738156,1.0,0.00193191984753,3.80460749746e-06,1.79236965058e-08,
20947.1488094,1.0,0.00205150994549,4.26678854969e-06,1.77737390671e-08,
21055.1238033,1.0,0.00217110620379,4.7606563329e-06,1.79183702529e-08,
21163.0987971,1.0,0.00211128140035,4.50392530026e-06,1.70785107695e-08,
21271.073791,1.0,0.0020514571169,4.25442725526e-06,1.6283546704e-08,
21379.0487849,1.0,0.0019916333232,4.01216809623e-06,1.5534840384e-08,
21487.0237787,1.0,0.00193180999119,3.77714841114e-06,1.48293545557e-08,
21594.9987726,1.0,0.00187198709841,3.54937175907e-06,1.41659622064e-08,
21702.9737665,1.0,0.00181216461938,3.32884635104e-06,1.35421877788e-08,
21810.9487603,1.0,0.00175234253543,3.11556575987e-06,1.29541062604e-08,
21918.9237542,1.0,0.00169252082633,2.90954393506e-06,1.24019739406e-08,
22026.8987481,1.0,0.00163269947586,2.71079063635e-06,1.188437789e-08,
22134.8737419,1.0,0.00157287846829,2.51930772746e-06,1.13972098992e-08,
22242.8487358,1.0,0.00151305778644,2.33510783978e-06,1.09398932778e-08,
22350.8237296,1.0,0.00145323742474,2.15820484226e-06,1.05104588953e-08,
22458.7987235,1.0,0.00139341737773,1.98861741938e-06,1.0105822704e-08,
22566.7737174,1.0,0.00133359763005,1.82635952138e-06,9.72536717768e-09,
22674.7487112,1.0,0.00127377818724,1.67145660505e-06,9.36626247258e-09,
22782.7237051,1.0,0.0012139590442,1.5239366217e-06,9.02754936157e-09,
22890.698699,1.0,0.00115414020905,1.38383619352e-06,8.70702977014e-09,
22998.6736928,1.0,0.00109432168793,1.25119645914e-06,8.4039155362e-09,
23106.6486867,1.0,0.00103450349382,1.12606942877e-06,8.11561634251e-09,
23214.6236805,1.0,0.000974685652937,1.00852716659e-06,7.84171647188e-09,
23322.5986744,1.0,0.00091486819241,8.98642892324e-07,
23430.5736683,1.0,0.000944764509398,9.46108783073e-07,
23538.5486621,1.0,0.000929804541861,9.15765311285e-07,
23646.523656,1.0,0.000914844948372,8.85996967751e-07,
23754.4986499,1.0,0.000899885697821,8.56791594459e-07,
23862.4736437,1.0,0.000884926768552,8.2814435569e-07,
23970.4486376,1.0,0.000869968145706,8.00049573368e-07,
24078.4236314,1.0,0.000855009799819,7.72497971467e-07,
24186.3986253,1.0,0.0008400517211,7.45493538239e-07,
24294.3736192,1.0,0.000825093887242,7.1902262073e-07,
24402.348613,1.0,0.00081013628345,6.9308152438e-07,
24510.3236069,1.0,0.000795178896915,6.67669286396e-07,
24618.2986008,1.0,0.000780221711256,6.42782447518e-07,
24726.2735946,1.0,0.000765264713044,6.18415977673e-07,
24834.2485885,1.0,0.000750307893629,5.94562357075e-07,
24942.2235824,1.0,0.000735351236947,5.71222181584e-07,
25050.1985762,1.0,0.000720394735521,5.48398859949e-07,
25158.1735701,1.0,0.000705438374995,5.26077078201e-07,
25266.1485639,1.0,0.000690482153656,5.04259190744e-07,
25374.1235578,1.0,0.00067552605712,4.82947994933e-07,
25482.0985517,1.0,0.000660570078911,4.6213122422e-07,
25590.0735455,1.0,0.000645614209205,4.41812332954e-07,
25698.0485394,1.0,0.000630658446502,4.21992918812e-07,
25806.0235333,1.0,0.000615702780775,4.02664569996e-07,
25913.9985271,1.0,0.000600747204943,3.83829228432e-07,
26021.973521,1.0,0.000585791710755,3.65481404619e-07,
26129.9485148,1.0,0.000570836300566,3.47628928437e-07,
26237.9235087,1.0,0.000555880963226,3.30259740344e-07,
26345.8985026,1.0,0.000540925698038,3.13377791461e-07,
26453.8734964,1.0,0.000525970497043,2.96983202406e-07,
26561.8484903,1.0,0.000511015360855,2.81075794604e-07,
26669.8234842,1.0,0.000496060276917,2.65651699448e-07,
26777.798478,1.0,0.000481105249637,2.50713618219e-07,
26885.7734719,1.0,0.000466150276202,2.36261982582e-07,
26993.7484657,1.0,0.000451195349518,2.22294357746e-07,
27101.7234596,1.0,0.000436240468158,2.08807471069e-07,
27209.6984535,1.0,0.000421285632627,1.95812676202e-07,
27317.6734473,1.0,0.000406330839144,1.83306059628e-07,
27425.6484412,1.0,0.000391376080512,1.71283840824e-07,
27533.6234351,1.0,0.000376421360645,1.59756197815e-07,
27641.5984289,1.0,0.000361466673982,1.48713613465e-07,
27749.5734228,1.0,0.000346512024913,1.38168161613e-07,
27857.5484167,1.0,0.000331557411476,1.28126085047e-07,
27965.5234105,1.0,0.000316602829354,1.18576037502e-07,
28073.4984044,1.0,0.000301648277588,1.09533064001e-07,
28181.4733982,1.0,0.000286693765831,1.01003278859e-07,
28289.4483921,1.0,0.000271739279556,9.2979334861e-08,
28397.423386,1.0,0.000256784829939,8.54775289014e-08,
28505.3983798,1.0,0.000241830416069,7.84937736728e-08,
28613.3733737,1.0,0.000226876036824,7.2034550644e-08,
28721.3483676,1.0,0.000211921700823,6.6106165462e-08,
28829.3233614,1.0,0.000196967414086,6.07089643942e-08,
28937.2983553,1.0,0.000182013175267,5.58367571683e-08,
29045.2733491,1.0,0.000167059004544,5.14845143627e-08,
29153.248343,1.0,0.000152104913305,4.76393393242e-08,
29261.2233369,1.0,0.000137150921127,4.42801958474e-08,
29369.1983307,1.0,0.000122197057393,4.13754963852e-08,
29477.1733246,1.0,0.000107243382416,3.88835091896e-08,
29585.1483185,1.0,9.22899695105e-05,3.67528277867e-08,
29693.1233123,1.0,7.73369753969e-05,3.49303432371e-08,
29801.0983062,1.0,6.23846894935e-05,3.33544290698e-08,
29909.0733,1.0,4.74337776322e-05,3.19648149829e-08,
30017.0482939,1.0,3.24861298664e-05,3.07116273364e-08,
30125.0232878,1.0,1.75500637123e-05,2.95445427969e-08,
30232.9982816,1.0,2.81633248232e-06,2.84385362477e-08,
30340.9732755,1.0,1.2455071339e-05,2.73736503253e-08,
30448.9482694,1.0,2.73787448276e-05,2.63588381658e-08,
30556.9232632,1.0,4.23241337036e-05,2.54251933484e-08,
30664.8982571,1.0,5.72742338549e-05,2.4632099294e-08,
30772.873251,1.0,7.22261249386e-05,2.4068818995e-08,
30880.8482448,1.0,8.7178874892e-05,2.38606231631e-08,
30988.8232387,1.0,0.000102132120072,2.41400421509e-08,
31096.7982325,1.0,9.46549486489e-05,2.27583796074e-08,
31204.7732264,1.0,8.71778047403e-05,2.14887877711e-08,
31312.7482203,1.0,7.97006892771e-05,2.03332220586e-08,
31420.7232141,1.0,7.22236151758e-05,1.92766861305e-08,
31528.698208,1.0,6.4746587969e-05,1.83177710727e-08,
31636.6732019,1.0,5.72696278718e-05,1.7444270007e-08,
31744.6481957,1.0,4.97927551888e-05,1.6648248225e-08,
31852.6231896,1.0,4.23160172241e-05,1.59199564404e-08,
31960.5981834,1.0,3.48394986743e-05,1.52482735293e-08,
32068.5731773,1.0,2.73633705269e-05,1.46253727549e-08,
32176.5481712,1.0,1.98880703069e-05,1.40397414152e-08,
32284.523165,1.0,1.24150861547e-05,1.34853229501e-08,
32392.4981589,1.0,4.95489567883e-06,1.29569630709e-08,
32500.4731528,1.0,2.60477276709e-06,1.2449264358e-08,
32608.4481466,1.0,1.00417030162e-05,1.19628467415e-08,
32716.4231405,1.0,1.7512963966e-05,1.1498843639e-08,
32824.3981344,1.0,2.4987765638e-05,1.10615596545e-08,
32932.3731282,1.0,3.24636687085e-05,1.06635428576e-08,
33040.3481221,1.0,3.99400525712e-05,1.03216240305e-08,
33148.3231159,1.0,4.74166825063e-05,1.00534088787e-08,
33256.2981098,1.0,5.48934626507e-05,9.88286466771e-09,
33364.2731037,1.0,6.23703394839e-05,9.84703961455e-09,
33472.2480975,1.0,6.98472717822e-05,9.96395453068e-09,
33580.2230914,1.0,6.61086836341e-05,9.43487664841e-09,
33688.1980853,1.0,6.23700948697e-05,8.92855928576e-09,
33796.1730791,1.0,5.86315140454e-05,8.46079173668e-09,
33904.148073,1.0,5.48929313143e-05,8.0230576277e-09,
34012.1230668,1.0,5.11543528158e-05,7.61332497307e-09,
34120.0980607,1.0,4.74157792159e-05,7.23498841378e-09,
34228.0730546,1.0,4.36772096513e-05,6.88284605267e-09,
34336.0480484,1.0,3.99386531195e-05,6.55947546583e-09,
34444.0230423,1.0,3.62001028364e-05,6.25663622508e-09,
34551.9980362,1.0,3.24615557237e-05,5.97591590594e-09,
34659.97303,1.0,2.87230243401e-05,5.71734698319e-09,
34767.9480239,1.0,2.49845163824e-05,5.47606833927e-09,
34875.9230177,1.0,2.12460393598e-05,5.25196043291e-09,
34983.8980116,1.0,1.75076022966e-05,5.04063066248e-09,
35091.8730055,1.0,1.37692484345e-05,4.84325568856e-09,
35199.8479993,1.0,1.00310841983e-05,4.65407071083e-09,
35307.8229932,1.0,6.29340965287e-06,4.47613576521e-09,
35415.7979871,1.0,2.55840151209e-06,4.30384778251e-09,
35523.7729809,1.0,1.19913160556e-06,4.13949376932e-09,
35631.7479748,1.0,4.92792539644e-06,3.98009572502e-09,
35739.7229687,1.0,8.6651607177e-06,3.82915249525e-09,
35847.6979625,1.0,1.24032108779e-05,3.68537062735e-09,
35955.6729564,1.0,1.61415071034e-05,3.54988193519e-09,
36063.6479502,1.0,1.98799131183e-05,3.42767511003e-09,
36171.6229441,1.0,2.36183720288e-05,3.32293645793e-09,
36279.597938,1.0,2.73568617087e-05,3.23999037083e-09,
36387.5729318,1.0,3.1095380466e-05,3.17822999393e-09,
36495.5479257,1.0,3.48339085415e-05,3.15460013204e-09,
36603.5229196,1.0,3.85724506843e-05,3.17185358695e-09,
36711.4979134,1.0,3.67031618581e-05,3.01180907054e-09,
36819.4729073,1.0,3.48338641721e-05,2.86003859376e-09,
36927.4479011,1.0,3.296457436e-05,2.71370998529e-09,
37035.422895,1.0,3.10952815416e-05,2.58070634918e-09,
37143.3978889,1.0,2.92259924999e-05,2.4514245409e-09,
37251.3728827,1.0,2.73566955705e-05,2.33461651908e-09,
37359.3478766,1.0,2.54874123925e-05,2.22107677715e-09,
37467.3228705,1.0,2.36181305891e-05,2.11503262414e-09,
37575.2978643,1.0,2.17488385561e-05,2.02138333015e-09,
37683.2728582,1.0,1.98795536972e-05,1.93029063159e-09,
37791.247852,1.0,1.80102709863e-05,1.84185843823e-09,
37899.2228459,1.0,1.61409907721e-05,1.76338863773e-09,
38007.1978398,1.0,1.42717156583e-05,1.68939069845e-09,
38115.1728336,1.0,1.2402436264e-05,1.61835315759e-09,
38223.1478275,1.0,1.05331641694e-05,1.5522381542e-09,
38331.1228214,1.0,8.66390403478e-06,1.48899864427e-09,
38439.0978152,1.0,6.7946560779e-06,1.43178998546e-09,
38547.0728091,1.0,4.92543653912e-06,1.37761245012e-09,
38655.047803,1.0,3.05632124269e-06,1.32383870727e-09,
38763.0227968,1.0,1.18772801805e-06,1.27100925443e-09,
38870.9977907,1.0,6.84674046476e-07,1.22347280079e-09,
38978.9727845,1.0,2.55251707966e-06,1.17468447157e-09,
39086.9477784,1.0,4.42158679568e-06,1.12947866707e-09,
39194.9227723,1.0,6.29077945724e-06,1.08517492552e-09,
39302.8977661,1.0,8.16002109027e-06,1.04672647891e-09,
39410.87276,1.0,1.00292782015e-05,1.00741435092e-09,
39518.8477539,1.0,1.1898543615e-05,9.74019115402e-10,
39626.8227477,1.0,1.37678092068e-05,9.44883357182e-10,
39734.7977416,1.0,1.56370942329e-05,9.261481204e-10,
39842.7727354,1.0,1.75063662355e-05,9.08618160774e-10,
39950.7477293,1.0,1.93756494166e-05,9.03445029587e-10,
40058.7227232,1.0,2.12449260137e-05,9.09646477127e-10,
40166.697717,1.0,2.03102852637e-05,8.63476651457e-10,
40274.6727109,1.0,1.93756445677e-05,8.23218905915e-10,
40382.6477048,1.0,1.8441002262e-05,7.82167875639e-10,
40490.6226986,1.0,1.75063565997e-05,7.40956271627e-10,
40598.5976925,1.0,1.65717135729e-05,7.0715594233e-10,
40706.5726863,1.0,1.5637069271e-05,6.72906937635e-10,
40814.5476802,1.0,1.47024246778e-05,6.38679561735e-10,
40922.5226741,1.0,1.37677870545e-05,6.1096757002e-10,
41030.4976679,1.0,1.28331371144e-05,5.81225037115e-10,
41138.4726618,1.0,1.18984936664e-05,5.5337480205e-10,
41246.4476557,1.0,1.0963847056e-05,5.27382104118e-10,
41354.4226495,1.0,1.00292042978e-05,5.05128524808e-10,
41462.3976434,1.0,9.0945661491e-06,4.79977953285e-10,
41570.3726373,1.0,8.15992112575e-06,4.60919335186e-10,
41678.3476311,1.0,7.22528134981e-06,4.43481247795e-10,
41786.322625,1.0,6.29064250632e-06,4.24794432785e-10,
41894.2976188,1.0,5.35599610451e-06,4.06603956762e-10,
42002.2726127,1.0,4.42135674417e-06,3.89687388599e-10,
42110.2476066,1.0,3.48672017743e-06,3.7653755946e-10,
42218.2226004,1.0,2.55208974694e-06,3.6075208056e-10,
42326.1975943,1.0,1.61746985285e-06,3.47536008566e-10,
42434.1725882,1.0,6.82893433501e-07,3.33890224781e-10,
42542.147582,1.0,2.52243462151e-07,3.19739922547e-10,
42650.1225759,1.0,1.1866010134e-06,3.08769699126e-10,
42758.0975697,1.0,2.12120845038e-06,2.9763121814e-10,
42866.0725636,1.0,3.05584110102e-06,2.85447059478e-10,
42974.0475575,1.0,3.99046870401e-06,2.76591422543e-10,
43082.0225513,1.0,4.92512013262e-06,2.6413531873e-10,
43189.9975452,1.0,5.85975024096e-06,2.5621340871e-10,
43297.9725391,1.0,6.79439422964e-06,2.50539387462e-10,
43405.9475329,1.0,7.72903339731e-06,2.41708699578e-10,
43513.9225268,1.0,8.66368468613e-06,2.36429915888e-10,
43621.8975206,1.0,9.59832956722e-06,2.34727835391e-10,
43729.8725145,1.0,1.05329664639e-05,2.30829496084e-10,
43837.8475084,1.0,1.14676074972e-05,2.38468102846e-10,
43945.8225022,1.0,1.10002919357e-05,2.23326323038e-10,
44053.7974961,1.0,1.05329603608e-05,2.15997373697e-10,
44161.77249,1.0,1.00656528724e-05,1.98284609561e-10,
44269.7474838,1.0,9.59831963042e-06,1.99309293503e-10,
44377.7224777,1.0,9.83198521195e-06,1.90644515704e-10,
44485.6974716,1.0,1.00656436809e-05,1.85501428607e-10,
44593.6724654,1.0,1.029931007e-05,1.80310551157e-10,
44701.6474593,1.0,1.05329707888e-05,1.82473353926e-10,
44809.6224531,1.0,1.04161378487e-05,1.81711304821e-10,
44917.597447,1.0,1.02993197695e-05,1.63201686931e-10,
45025.5724409,1.0,1.01824678745e-05,1.7253351666e-10,
45133.5474347,1.0,1.02408886111e-05,1.64346218518e-10,
45241.5224286,1.0,1.02993058029e-05,1.59315552407e-10,
45349.4974225,1.0,1.03577189618e-05,1.5688772479e-10,
45457.4724163,1.0,1.04161331525e-05,1.52199491129e-10,
45565.4474102,1.0,1.04745428988e-05,1.53982882073e-10,
45673.422404,1.0,1.04453303814e-05,1.55618549063e-10,
45781.3973979,1.0,1.04599467311e-05,1.41902716442e-10,
45889.3723918,1.0,1.04745347207e-05,1.50140467467e-10,
45997.3473856,1.0,1.04672482479e-05,1.4512093645e-10,
46105.3223795,1.0,1.04599495298e-05,1.39364477211e-10,
46213.2973734,1.0,1.04526465416e-05,1.39107729189e-10,
46321.2723672,1.0,1.0445340952e-05,1.32389076515e-10,
46429.2473611,1.0,1.04380365369e-05,1.32587322262e-10,
46537.2223549,1.0,1.04416888539e-05,1.29943954469e-10,
46645.1973488,1.0,1.04453353925e-05,1.33534008547e-10,
46753.1723427,1.0,1.0443513777e-05,1.28600526454e-10,
46861.1473365,1.0,1.04416842891e-05,1.32468250099e-10,
46969.1223304,1.0,1.04426027544e-05,1.22446610152e-10,
47077.0973243,1.0,1.04435157642e-05,1.28066681783e-10,
47185.0723181,1.0,1.04430555866e-05,1.20046323213e-10,
47293.047312,1.0,1.04425973311e-05,1.19108708868e-10,
47401.0223059,1.0,1.04421574015e-05,1.19929011091e-10,
47508.9972997,1.0,1.04423716848e-05,1.16016734315e-10,
47616.9722936,1.0,1.04426063663e-05,1.16460306573e-10,
47724.9472874,1.0,1.04424910157e-05,1.20370763918e-10,
47832.9222813,1.0,1.04425431966e-05,1.16630802221e-10,
47940.8972752,1.0,1.04425978666e-05,1.19491884366e-10,
48048.872269,1.0,1.0442576634e-05,1.13793649782e-10,
48156.8472629,1.0,1.04425410849e-05,1.15945721504e-10,
48264.8222568,1.0,1.04425621024e-05,1.11082031988e-10,
48372.7972506,1.0,1.04425650963e-05,1.15714271971e-10,
48480.7722445,1.0,1.04425673195e-05,1.1425182218e-10,
48588.7472383,1.0,1.04425572779e-05,1.11556667786e-10,
48696.7222322,1.0,1.04425557393e-05,1.20778963495e-10,
48804.6972261,1.0,1.04425643234e-05,1.10676418115e-10,
48912.6722199,1.0,1.04425563049e-05,1.15230073033e-10,
49020.6472138,1.0,1.04425609783e-05,1.11015551648e-10,
49128.6222077,1.0,1.04425542392e-05,1.0891336453e-10,
49236.5972015,1.0,1.04425549921e-05,1.14242556059e-10,
49344.5721954,1.0,1.04425584869e-05,1.09097394129e-10,
49452.5471893,1.0,1.04425613447e-05,1.05564306892e-10,
49560.5221831,1.0,1.04425600031e-05,1.12775987856e-10,
49668.497177,1.0,1.04425563403e-05,1.06185861626e-10,
49776.4721708,1.0,1.04425630274e-05,1.10822593671e-10,
49884.4471647,1.0,1.04425522201e-05,1.09833645305e-10,
49992.4221586,1.0,1.04425582917e-05,1.07565830322e-10,
50100.3971524,1.0,1.04425599233e-05,1.11999574425e-10,
50208.3721463,1.0,1.04425590868e-05,1.05135239416e-10,
50316.3471402,1.0,1.04425630943e-05,1.05527200976e-10,
50424.322134,1.0,1.04425562732e-05,1.07337655979e-10,
50532.2971279,1.0,1.04425547392e-05,1.10261611857e-10,
50640.2721217,1.0,1.04425537672e-05,1.11291152373e-10,
50748.2471156,1.0,1.04425559663e-05,1.1940465231e-10,
50856.2221095,1.0,1.04425652181e-05,1.06522479779e-10,
50964.1971033,1.0,1.04425495264e-05,1.12554797033e-10,
51072.1720972,1.0,1.04425615575e-05,9.96355591909e-11,
51180.1470911,1.0,1.04425501084e-05,1.1735104933e-10,
51288.1220849,1.0,1.0442553821e-05,1.06098701851e-10,
51396.0970788,1.0,1.04425562899e-05,1.06110829845e-10,
51504.0720726,1.0,1.04425521879e-05,1.20160577433e-10,
51612.0470665,1.0,1.04425648717e-05,1.09538202636e-10,
51720.0220604,1.0,1.04425606736e-05,1.13256185166e-10,
51827.9970542,1.0,1.04425540527e-05,1.09515943599e-10,
51935.9720481,1.0,1.04425519144e-05,1.09936470057e-10,
52043.947042,1.0,1.04425610111e-05,1.10719057382e-10,
52151.9220358,1.0,1.04425477452e-05,1.12151634831e-10,
52259.8970297,1.0,1.04425585417e-05,1.06347953237e-10,
52367.8720236,1.0,1.04425548956e-05,1.06780447467e-10,
52475.8470174,1.0,1.04425570512e-05,1.05017739302e-10,
52583.8220113,1.0,1.044255882e-05,1.06550115245e-10,
52691.7970051,1.0,1.04425611122e-05,1.14205285145e-10,
52799.771999,1.0,1.0442549691e-05,1.22084116638e-10,
52907.7469929,1.0,1.04425609376e-05,1.09840438796e-10,
53015.7219867,1.0,1.04425562835e-05,1.09425629993e-10,
53123.6969806,1.0,1.04425576139e-05,1.14739188212e-10,
53231.6719745,1.0,1.04425611544e-05,9.54877401255e-11,
53339.6469683,1.0,1.04425564287e-05,1.14080049257e-10,
53447.6219622,1.0,1.04425486615e-05,1.20302282942e-10,
53555.596956,1.0,1.04425595641e-05,1.11454539164e-10,
53663.5719499,1.0,1.04425704614e-05,1.06387883726e-10,
53771.5469438,1.0,1.04425625069e-05,9.90003797018e-11,
53879.5219376,1.0,1.04425643631e-05,9.84992209307e-11,
53987.4969315,1.0,1.04425563777e-05,1.16621113835e-10,
